m0_binning   50  10  500  10
m12_binning  26  100  350  10
NscanPoints  1300
    m0    m12      Xsec     n_sig    n_sb    n_sig_sl   n_sb_sl  n_sig_ldp  n_sb_ldp
    10    100    9785.000      3      2      0      2      0      0
    10    110    3860.000      3      1      1      0      2      0
    10    120     319.800     35     26     11     14      8      7
    10    130     171.400     59     47     15      9      8      9
    10    140     111.800     84     66     25     18      6     15
    10    150      75.470    123     64     33     22      6     16
    10    160      53.870    134     62     41     25     19     13
    10    170      39.470    188    113     39     25     15     13
    10    180      28.960    201     72     52     32     23     17
    10    190      21.550    213     87     80     23     28     24
    10    200      16.460    263     70     90     39     20     19
    10    210      12.640    261     78     95     40     29     18
    10    220       9.721    268     71    112     35     33     18
    10    230       7.662    312     83    140     37     29     22
    10    240       6.151    295     61    149     28     27     17
    10    250       4.864    310     72    163     39     30     17
    10    260       3.907    326     79    163     38     26     17
    10    270       3.141    334     66    201     31     21     17
    10    280       2.541    328     52    200     32     30     14
    10    290       2.098    367     59    192     40     26     21
    10    300       1.719    374     53    196     33     52     17
    10    310       1.400    343     57    226     34     50     20
    10    320       1.180    366     65    221     41     45     17
    10    330       0.975    380     45    220     23     47     13
    10    340       0.818    339     35    223     31     51     20
    10    350       0.688    340     37    198     29     40     17
    20    100    9618.000      1      2      0      0      1      0
    20    110    3821.000      4      9      1      1      0      2
    20    120     311.200     40     32      9     12      2      4
    20    130     168.300     73     54     12     16      6     10
    20    140     110.100     79     63     17     18     11     18
    20    150      74.600    108     81     24     26     18      6
    20    160      54.350    131     66     37     27     29     14
    20    170      38.970    151     83     35     27     14     18
    20    180      28.590    188     73     48     20     16     20
    20    190      21.620    235     83     59     22     32     22
    20    200      16.400    236     85     74     34     23     20
    20    210      12.610    267     66     99     23     31     19
    20    220       9.831    280     77    107     30     50     17
    20    230       7.647    286     80    115     33     41     16
    20    240       6.056    315     60    155     38     40     21
    20    250       4.842    316     72    156     41     38     19
    20    260       3.882    323     65    158     49     35     20
    20    270       3.116    343     55    178     34     32     22
    20    280       2.528    341     52    212     35     33     29
    20    290       2.073    310     57    212     34     34     15
    20    300       1.708    341     64    223     43     51     21
    20    310       1.389    353     57    232     34     41     20
    20    320       1.173    349     59    221     38     45     16
    20    330       0.964    333     41    218     39     47     15
    20    340       0.819    364     46    230     35     31     22
    20    350       0.690    357     35    228     35     43     19
    30    100    9373.000      2      1      0      0      0      1
    30    110    3743.000      7      2      1      1      0      1
    30    120     309.200     46     37     10     13      4     10
    30    130     167.200     78     44     20     22     11      9
    30    140     109.300     86     57     23     28      9     24
    30    150      74.510     84     63     37     31     15     13
    30    160      53.330    143     79     26     24     22     19
    30    170      38.860    180     75     53     38     22     15
    30    180      28.830    185     85     42     23     26     24
    30    190      21.550    209     80     59     28     19     15
    30    200      16.280    259    104     65     26     32     17
    30    210      12.500    260     83     84     35     21     16
    30    220       9.794    289     66    110     29     24     18
    30    230       7.708    322     72    111     31     36     19
    30    240       6.046    345     63    129     30     39     22
    30    250       4.817    342     65    144     41     43     12
    30    260       3.854    312     61    177     32     28     20
    30    270       3.104    329     75    157     24     32     15
    30    280       2.529    350     57    182     39     24     26
    30    290       2.056    340     49    216     39     42     18
    30    300       1.698    404     50    185     44     44     12
    30    310       1.395    376     54    217     38     36     17
    30    320       1.166    375     55    224     38     48     15
    30    330       0.975    336     53    205     47     29     16
    30    340       0.817    344     34    232     31     41     14
    30    350       0.687    311     30    208     32     42     13
    40    100    9340.000      2      0      0      1      0      0
    40    110    3652.000      6      2      0      1      1      1
    40    120     306.400     44     29      4      8     12      3
    40    130     164.900     61     39     25     15      6     14
    40    140     107.100     90     80     28     42     15     13
    40    150      73.830     90     66     30     37     13     12
    40    160      52.330    133     73     38     31     21     15
    40    170      38.530    152     84     45     23     26     28
    40    180      28.480    182     76     57     34     21     13
    40    190      21.190    214     73     52     26     18     18
    40    200      16.260    260     82     79     32     34     18
    40    210      12.500    281     83     75     20     31     24
    40    220       9.642    298     79     92     19     30     24
    40    230       7.556    303     95    107     29     30     16
    40    240       6.006    322     81    127     35     29     24
    40    250       4.812    358     76    155     40     39     12
    40    260       3.802    356     62    176     32     44     19
    40    270       3.093    375     68    187     33     36     18
    40    280       2.496    367     63    154     45     38     20
    40    290       2.075    372     66    170     33     47     20
    40    300       1.683    359     50    218     31     44     15
    40    310       1.383    395     46    235     42     39     16
    40    320       1.146    374     66    212     41     46     18
    40    330       0.956    373     56    211     34     40     12
    40    340       0.803    362     51    234     23     37     21
    40    350       0.676    359     33    211     22     59     18
    50    100    9202.000      4      1      0      1      1      0
    50    110    3557.000      5      4      0      1      0      1
    50    120     295.200     47     37     16     12      9      8
    50    130     162.600     63     50     23     22      9     16
    50    140     106.000    102     49     26     20     12     18
    50    150      72.510    110     75     48     22     19     18
    50    160      52.230    124     83     46     15     16     19
    50    170      37.990    146     86     42     30     14     17
    50    180      28.190    190     86     53     26     27     27
    50    190      20.880    194     72     76     28     19     23
    50    200      15.960    228     73     83     34     29     10
    50    210      12.300    244     81     85     39     28     26
    50    220       9.520    296     80     81     28     43     28
    50    230       7.523    342     82     89     35     42     24
    50    240       5.970    360     80    135     41     33     31
    50    250       4.770    353     77    141     34     37     25
    50    260       3.783    329     77    133     37     21     17
    50    270       3.074    350     87    154     31     34     13
    50    280       2.500    372     60    185     34     26     20
    50    290       2.026    366     59    164     47     41     21
    50    300       1.678    400     57    203     38     48     24
    50    310       1.365    418     62    198     32     40     18
    50    320       1.142    400     45    183     37     55     16
    50    330       0.957    386     47    236     40     42     24
    50    340       0.800    376     39    208     40     51     22
    50    350       0.667    362     41    226     41     54     17
    60    100    9043.000      0      2      0      1      0      1
    60    110    3430.000      6      3      1      1      2      2
    60    120     292.200     61     39      9      8      7      5
    60    130     161.800     72     61     19     23      9     14
    60    140     102.900     97     67     36     21     21     20
    60    150      71.510    106     73     30     29     15     17
    60    160      50.920    138     66     42     38     11     24
    60    170      37.740    167     93     45     36     25     18
    60    180      27.860    176     75     60     31     25     30
    60    190      20.950    218     88     87     21     31     21
    60    200      15.760    244     87     56     33     30     13
    60    210      12.090    286    104     90     29     33     16
    60    220       9.651    261     86    105     43     39     21
    60    230       7.458    298     94    102     40     44     18
    60    240       5.843    376     82    102     28     41     19
    60    250       4.654    389     92    120     26     42     20
    60    260       3.748    336     82    146     27     36     26
    60    270       3.036    371     71    136     40     40     21
    60    280       2.457    369     71    167     28     56     27
    60    290       2.001    369     64    160     39     44     19
    60    300       1.663    453     79    180     40     49     26
    60    310       1.372    424     59    176     34     57     21
    60    320       1.135    476     56    198     41     58     23
    60    330       0.949    439     49    234     37     61     23
    60    340       0.795    438     50    219     31     62     18
    60    350       0.672    395     30    214     29     48     20
    70    100    8951.000      1      2      0      1      1      1
    70    110    3300.000      6      1      2      1      1      2
    70    120     279.400     35     45      5     12      6     10
    70    130     156.900     82     60     18     19     10      9
    70    140     101.600    118     62     24     29     13     11
    70    150      70.680    107     83     34     26     17     12
    70    160      50.610    141     73     53     30     16     18
    70    170      36.870    136     68     76     33     31     19
    70    180      27.240    213     83     66     30     17     19
    70    190      20.350    202     74     71     30     22     18
    70    200      15.660    216     85     64     29     31     23
    70    210      11.990    271    100     90     37     32     29
    70    220       9.381    275     95     83     32     39     28
    70    230       7.340    334     84    107     40     37     28
    70    240       5.890    320     79    115     34     41     28
    70    250       4.587    349     80    118     33     39     19
    70    260       3.690    377     87    122     25     38     22
    70    270       2.950    409     68    142     38     41     24
    70    280       2.468    394     85    132     27     50     25
    70    290       1.969    372     68    179     40     47     18
    70    300       1.645    459    104    148     36     54     24
    70    310       1.359    496     89    221     30     57     35
    70    320       1.116    448     70    180     26     64     28
    70    330       0.939    466     60    224     39     66     19
    70    340       0.779    411     34    195     27     69     27
    70    350       0.661    427     47    236     30     44     25
    80    100    8796.000      1      1      0      1      1      0
    80    110    3135.000      3      5      2      1      1      0
    80    120     270.300     50     46      8     14      8     11
    80    130     152.100     94     58     15     21     11      9
    80    140     100.000    121     61     20     25     14     11
    80    150      68.570    103     68     27     26     19     18
    80    160      49.280    161     69     41     40     20     24
    80    170      36.540    157     86     52     38     27     27
    80    180      26.600    189     84     76     43     25     23
    80    190      20.140    201     70     74     37     23     18
    80    200      15.360    221     73     88     48     25     19
    80    210      11.850    264     95     86     35     28     21
    80    220       9.228    292     90     88     33     37     26
    80    230       7.190    328    104     91     44     37     21
    80    240       5.725    314     86    100     34     34     24
    80    250       4.554    336     76    119     33     55     21
    80    260       3.669    342     82    114     47     39     28
    80    270       2.935    387     68    126     33     61     31
    80    280       2.414    401     94    127     19     63     25
    80    290       1.949    411     80    158     34     55     36
    80    300       1.601    512     85    176     43     84     32
    80    310       1.328    549    106    171     28     69     39
    80    320       1.112    517     75    182     38     96     40
    80    330       0.930    507     77    218     30     79     35
    80    340       0.779    463     65    189     26     73     33
    80    350       0.653    415     71    222     37     67     28
    90    100    8663.000      3      4      1      1      0      0
    90    110    2962.000      7      4      1      2      1      2
    90    120     260.400     40     44      8      9     12     11
    90    130     148.900     78     63     15     18     10     13
    90    140      97.930    110     59     22     26     19     20
    90    150      67.580    138     68     30     25     17     18
    90    160      48.330    142     96     41     34     18     17
    90    170      35.730    176     97     50     33     23     20
    90    180      26.480    209     85     73     37     24     21
    90    190      20.160    226     77    101     37     16     22
    90    200      15.130    236     87     94     56     29     23
    90    210      11.660    276     82     98     33     27     21
    90    220       9.205    292     90     93     44     32     26
    90    230       7.210    279     87    125     41     32     23
    90    240       5.613    330     79    132     29     37     30
    90    250       4.521    343    100    140     35     39     30
    90    260       3.624    354     90    121     31     51     28
    90    270       2.919    331     83    117     41     46     26
    90    280       2.378    366     86    136     43     44     31
    90    290       1.942    391     97    145     47     51     36
    90    300       1.592    523    108    160     40     89     39
    90    310       1.326    588    114    136     31    108     46
    90    320       1.090    589     86    167     30    114     45
    90    330       0.920    593     91    191     22     88     37
    90    340       0.758    547     87    209     35     84     29
    90    350       0.645    517     54    204     29     73     36
   100    100    8327.000      5      2      0      0      1      1
   100    110    2775.000      4     12      1      3      1      0
   100    120     251.800     59     49     16      7      5     14
   100    130     145.200     97     48     17     18     13     22
   100    140      95.300    141     78     25     21     10     21
   100    150      65.560    138     86     43     28     25     25
   100    160      47.310    157    100     50     30     16     20
   100    170      35.140    178     89     49     38     27     27
   100    180      25.790    229    104     71     31     28     28
   100    190      19.360    201     88     71     32     29     24
   100    200      14.950    267     71    107     44     28     22
   100    210      11.530    282     89    105     44     48     14
   100    220       8.785    319    100    103     42     37     20
   100    230       7.024    290     95    118     29     44     26
   100    240       5.541    300     75    137     44     36     26
   100    250       4.442    334     65    126     33     42     18
   100    260       3.568    338     83    131     33     51     25
   100    270       2.902    366     86    126     44     54     36
   100    280       2.325    366     89    161     30     51     24
   100    290       1.923    401     89    158     30     55     28
   100    300       1.562    541    111    175     49    116     58
   100    310       1.290    637    128    165     36    125     65
   100    320       1.091    611    109    165     29    105     60
   100    330       0.893    660    113    161     26    119     44
   100    340       0.749    623    104    163     29    117     40
   100    350       0.640    606     82    153     28     95     33
   110    100    8063.000      2      3      0      0      0      0
   110    110    2545.000      9      6      0      4      1      3
   110    120     242.700     65     50     15     14     11     17
   110    130     140.400    120     89     11     15     13     21
   110    140      91.750    133     78     28     20     24     14
   110    150      64.470    138     94     32     30     22     27
   110    160      45.960    202     95     42     36     31     22
   110    170      34.100    204     97     56     25     26     39
   110    180      25.070    243    107     67     31     20     26
   110    190      19.260    245    106     82     44     32     37
   110    200      14.610    248     99     95     36     38     34
   110    210      11.310    243     66    117     55     30     16
   110    220       8.895    304    103    130     40     28     21
   110    230       6.951    315     88    134     32     20     27
   110    240       5.435    306     85    147     36     42     30
   110    250       4.408    339     87    117     35     48     24
   110    260       3.531    347     83    131     44     51     25
   110    270       2.839    365     99    131     39     70     44
   110    280       2.313    367     81    150     30     49     33
   110    290       1.882    360     98    157     43     59     42
   110    300       1.560    589    107    162     39    133     79
   110    310       1.287    640     97    167     29    129     45
   110    320       1.064    602    122    181     27    118     66
   110    330       0.881    671    107    192     28    107     59
   110    340       0.741    660    106    155     33    127     47
   110    350       0.634    669     84    177     30    144     53
   120    100    7940.000      2      1      1      0      2      0
   120    110    2340.000      1      6      3      0      1      1
   120    120     231.200     74     62     13     15     21     30
   120    130     136.300     99     74     21     22     14     19
   120    140      89.710    143     83     25     18     17     24
   120    150      62.600    176    108     27     28     24     29
   120    160      45.020    218    100     43     25     28     31
   120    170      33.040    220     96     67     38     18     25
   120    180      24.940    228    119     61     20     23     39
   120    190      18.750    255    100     74     32     31     32
   120    200      14.400    308    103     76     33     34     33
   120    210      11.000    287    114     90     32     40     41
   120    220       8.572    356    120    111     43     45     37
   120    230       6.709    342     86    134     44     44     31
   120    240       5.390    355     79    162     36     45     22
   120    250       4.315    325     85    145     41     52     27
   120    260       3.433    368     75    131     34     42     26
   120    270       2.836    341     87    145     39     52     35
   120    280       2.285    382     76    143     43     59     31
   120    290       1.870    410     90    122     32     55     33
   120    300       1.533    594    139    175     28    121     59
   120    310       1.272    657    114    160     34    123     58
   120    320       1.045    650    127    177     26    129     50
   120    330       0.875    665    128    193     45    142     66
   120    340       0.734    684    100    145     38    152     65
   120    350       0.616    746    124    177     25    140     60
   130    100    7545.000      2      3      1      0      0      1
   130    110    2061.000      7     11      1      1      1      5
   130    120     222.900     88     65     14      8     20     16
   130    130     131.400    137     93     22     18     27     19
   130    140      87.570    157     95     29     23     25     27
   130    150      60.460    189    106     38     30     23     39
   130    160      44.430    200    102     45     39     24     33
   130    170      32.560    208    124     62     29     33     40
   130    180      24.330    288    111     54     44     38     46
   130    190      18.290    268    124     84     38     35     22
   130    200      14.030    318    113     95     35     38     32
   130    210      10.810    333    131     94     37     44     30
   130    220       8.504    345    112    120     47     42     33
   130    230       6.720    330    121    107     57     62     41
   130    240       5.306    385     90    177     70     42     26
   130    250       4.234    355     86    138     62     47     24
   130    260       3.420    351     81    152     63     56     22
   130    270       2.760    370     92    168     42     62     38
   130    280       2.235    346     81    185     37     67     22
   130    290       1.831    411     84    165     38     66     32
   130    300       1.516    595    126    172     47    125     72
   130    310       1.249    659    142    170     33    132     77
   130    320       1.030    717    125    196     35    142     81
   130    330       0.867    728    107    176     36    162     72
   130    340       0.721    699    106    176     40    151     62
   130    350       0.613    743    110    172     33    139     60
   140    100    7348.000      3      7      2      0      0      2
   140    110    1776.000      8     13      1      7      4      3
   140    120     210.600     90     86     13     16     19     31
   140    130     126.900    146    108     16     34     11     30
   140    140      84.650    199    119     32     27     21     34
   140    150      58.950    199    126     29     35     24     34
   140    160      43.090    212    120     41     25     39     38
   140    170      31.630    267    122     55     36     41     33
   140    180      23.760    257    146     55     22     38     30
   140    190      18.120    319    111     61     45     46     37
   140    200      13.750    321    121     70     46     45     23
   140    210      10.630    347    139     96     44     57     29
   140    220       8.274    373    110    115     49     46     32
   140    230       6.528    397    118    115     47     60     32
   140    240       5.155    392    126    122     51     64     36
   140    250       4.148    379    100    160     57     63     44
   140    260       3.344    397    101    156     39     61     36
   140    270       2.709    357     87    158     55     69     34
   140    280       2.218    402    107    165     26     78     36
   140    290       1.794    399     81    172     48     66     39
   140    300       1.503    671    134    149     47    136     65
   140    310       1.226    689    143    179     42    139     65
   140    320       1.029    758    129    193     43    154     65
   140    330       0.864    680    116    187     33    139     68
   140    340       0.720    755    104    187     43    159     66
   140    350       0.610    777    110    186     38    170     63
   150    100    6950.000      2      3      0      3      1      1
   150    110    1435.000     17     19      4      2      6     10
   150    120     205.400    102    118     16     25     18     24
   150    130     122.300    153    119     24     26     29     33
   150    140      82.430    179    131     35     25     26     42
   150    150      57.620    231    152     38     34     36     42
   150    160      41.470    246    143     38     38     36     50
   150    170      30.880    227    123     46     44     39     45
   150    180      23.250    288    125     64     36     48     42
   150    190      17.500    306    140     76     34     51     49
   150    200      13.490    311    122     85     33     40     45
   150    210      10.370    323    133     95     48     63     50
   150    220       8.142    385    117    102     40     61     43
   150    230       6.437    416    134    117     48     55     44
   150    240       5.146    389    123    126     49     70     46
   150    250       4.101    490    125    122     40     88     47
   150    260       3.288    313     76    166     69     63     31
   150    270       2.668    401    102    156     48     59     36
   150    280       2.171    450     94    173     48     74     44
   150    290       1.783    432     73    164     42     55     38
   150    300       1.474    704    163    177     43    163     83
   150    310       1.211    754    160    181     48    149     88
   150    320       1.016    747    150    187     33    159     67
   150    330       0.838    752    119    175     37    165     70
   150    340       0.700    729    145    182     33    138     83
   150    350       0.594    821    101    191     23    156     85
   160    100    6605.000      3      4      1      0      2      1
   160    110    1047.000     28     26      6      4      2     10
   160    120     194.900    110    101     14     22     17     33
   160    130     117.900    146    125     34     23     37     42
   160    140      78.900    191    142     34     36     33     38
   160    150      55.650    233    155     36     46     46     44
   160    160      39.830    253    166     47     30     44     50
   160    170      29.970    296    152     44     37     44     42
   160    180      22.220    294    145     64     37     53     48
   160    190      17.100    312    144     67     41     52     56
   160    200      13.050    326    128     68     34     52     39
   160    210      10.300    353    114     95     39     70     49
   160    220       8.025    397    137    103     55     55     41
   160    230       6.330    457    139    122     50     75     44
   160    240       5.034    477    131    123     40     70     39
   160    250       4.024    420    109    117     40     93     67
   160    260       3.260    501    135    112     45     75     60
   160    270       2.632    503    128    137     39     95     63
   160    280       2.121    469    118    172     53     70     56
   160    290       1.758    449     94    141     37     84     44
   160    300       1.455    738    163    184     44    147     93
   160    310       1.202    738    127    175     45    162     98
   160    320       0.991    717    143    185     38    141     72
   160    330       0.829    774    150    202     41    167     70
   160    340       0.697    747    121    180     38    179     87
   160    350       0.586    717    128    173     42    172     56
   170    100    6061.000      2      4      1      1      1      1
   170    110     723.000     31     31      3     10      8     12
   170    120     186.000    141    106     16     16     31     34
   170    130     113.700    162    152     19     27     39     56
   170    140      76.940    207    164     33     37     46     53
   170    150      53.690    250    179     44     32     46     51
   170    160      39.200    285    163     50     31     46     63
   170    170      29.050    307    162     51     35     46     52
   170    180      21.780    356    173     64     36     54     56
   170    190      16.820    329    132     77     48     56     45
   170    200      12.750    354    141     81     42     48     50
   170    210       9.982    348    148     91     38     69     51
   170    220       7.814    418    132    114     37     57     50
   170    230       6.196    435    159    116     41     59     53
   170    240       4.935    448    126    126     59     70     60
   170    250       3.947    451    128    129     44     90     72
   170    260       3.188    474    134    119     40    103     65
   170    270       2.589    539    137    125     45    101     79
   170    280       2.084    528    136    145     33     95     66
   170    290       1.711    552    108    147     53    113     41
   170    300       1.417    758    177    164     57    183     88
   170    310       1.183    815    158    189     40    195     81
   170    320       0.983    778    164    168     49    172     64
   170    330       0.813    801    144    213     46    166     82
   170    340       0.683    744    125    188     23    177     81
   170    350       0.571    794    144    195     42    170     86
   180    100    5553.000      2      7      2      3      4      0
   180    110     542.800     33     48      6      6      9     18
   180    120     175.900    117    132     23     20     22     43
   180    130     110.500    163    150     34     24     40     43
   180    140      73.640    217    196     30     38     39     57
   180    150      51.620    285    183     40     32     52     76
   180    160      38.050    293    185     55     35     57     53
   180    170      28.310    369    189     63     36     56     52
   180    180      21.080    366    152     67     40     62     53
   180    190      16.220    365    146     80     46     72     54
   180    200      12.420    416    163     74     44     60     50
   180    210       9.718    444    146     94     47     54     42
   180    220       7.529    446    139    115     53     70     44
   180    230       6.044    444    164    109     56     69     37
   180    240       4.791    475    124    148     45     90     67
   180    250       3.899    494    145    134     42     80     58
   180    260       3.103    529    137    126     32     91     58
   180    270       2.518    548    154    146     28     88     64
   180    280       2.065    561    128    142     39     93     64
   180    290       1.681    561    135    147     42    112     74
   180    300       1.380    732    169    168     54    204     98
   180    310       1.146    822    186    191     42    178    101
   180    320       0.956    827    151    210     42    175     92
   180    330       0.802    812    157    198     46    172     96
   180    340       0.677    839    137    202     38    172     63
   180    350       0.567    848    114    218     33    172     66
   190    100    4983.000      0      2      0      3      1      1
   190    110     443.300     65     43      7      9     20     21
   190    120     168.700    121    108     19     30     29     37
   190    130     105.500    177    164     19     31     39     54
   190    140      71.930    232    200     33     44     42     63
   190    150      50.400    265    216     52     48     58     65
   190    160      37.000    300    229     64     32     57     61
   190    170      27.320    386    197     88     54     52     73
   190    180      20.510    397    216     79     42     47     69
   190    190      16.020    417    174     89     57     69     69
   190    200      12.200    421    180     90     49     69     56
   190    210       9.446    414    156    100     47     73     66
   190    220       7.443    459    164    104     55     61     58
   190    230       5.866    508    169    114     47     76     49
   190    240       4.727    485    152    135     51     74     65
   190    250       3.772    523    141    117     48     92     80
   190    260       3.050    510    133    140     43    102     70
   190    270       2.469    590    118    124     47    125     62
   190    280       2.014    537    157    134     51    114     63
   190    290       1.646    557    129    157     37    103     51
   190    300       1.357    831    183    162     44    187    106
   190    310       1.121    883    165    195     51    193    105
   190    320       0.942    842    174    206     46    205     82
   190    330       0.787    858    162    207     33    190     82
   190    340       0.661    867    157    204     39    207     99
   190    350       0.561    842    144    197     39    200     71
   200    100    4427.000      1      4      0      1      0      1
   200    110     378.000     66     53     13     16     15     23
   200    120     161.700    127    116     21     21     27     46
   200    130     100.600    168    170     24     27     40     59
   200    140      69.070    249    176     42     40     42     58
   200    150      48.700    252    242     64     40     59     62
   200    160      35.580    352    220     83     63     70     74
   200    170      26.640    408    238     69     53     69     72
   200    180      19.970    427    212     92     32     50     71
   200    190      15.440    452    186     98     39     67     80
   200    200      11.820    497    179    111     51     79     50
   200    210       9.253    475    169    105     41     76     59
   200    220       7.306    485    169    118     49     85     69
   200    230       5.768    476    145    139     47     85     54
   200    240       4.592    544    170    153     45     80     63
   200    250       3.752    513    144    151     52    105     74
   200    260       3.007    540    135    141     52     90     84
   200    270       2.412    564    136    142     38    115     69
   200    280       1.973    551    164    138     44    112     52
   200    290       1.633    568    128    162     45    116     56
   200    300       1.335    768    204    208     41    197     85
   200    310       1.103    859    152    196     55    202    109
   200    320       0.925    900    169    221     45    185     87
   200    330       0.780    868    145    185     37    185     77
   200    340       0.656    872    117    211     41    171     75
   200    350       0.545    881    142    224     39    200     70
   210    100    3984.000      1      2      0      0      2      2
   210    110     340.400     33     35      1      5      4     14
   210    120     154.100    104    130     22     24     29     36
   210    130      97.190    179    174     36     37     33     44
   210    140      66.670    246    216     44     46     53     79
   210    150      46.820    326    213     44     51     47     89
   210    160      34.390    350    222     68     49     65     80
   210    170      25.870    422    242     93     44     68    103
   210    180      19.580    391    209    103     54     82     75
   210    190      14.940    466    209    105     61     74     74
   210    200      11.510    488    193    118     55     66     67
   210    210       9.061    502    186    114     52     80     61
   210    220       7.101    515    179    140     49     75     77
   210    230       5.643    514    190    141     53     85     76
   210    240       4.491    551    163    137     45    110     61
   210    250       3.608    518    168    154     47     96     79
   210    260       2.935    533    172    155     51    119     79
   210    270       2.357    593    125    163     52    132     63
   210    280       1.970    571    119    161     38    108     88
   210    290       1.591    586    153    151     39    117     59
   210    300       1.302    822    183    192     48    197     87
   210    310       1.105    810    160    179     52    190    132
   210    320       0.914    864    153    204     37    175     96
   210    330       0.762    838    151    187     31    198    102
   210    340       0.640    881    165    214     39    190     90
   210    350       0.542    877    122    215     45    217     74
   220    100    3683.000      0      3      1      0      1      2
   220    110     308.800     22     30      2     12      9     17
   220    120     146.900    149    155     31     12     29     48
   220    130      93.330    187    190     32     32     56     65
   220    140      63.560    228    217     56     50     50     73
   220    150      45.210    320    242     63     51     59     83
   220    160      33.660    360    243     60     51     55     79
   220    170      24.880    422    257     89     58     94     85
   220    180      18.810    464    258    101     54     87     92
   220    190      14.490    512    260    113     57     72     76
   220    200      11.250    523    218    102     64     81     92
   220    210       8.676    530    189    137     50     83     74
   220    220       6.959    545    179    135     55    104     78
   220    230       5.509    570    175    127     59    108     88
   220    240       4.434    565    158    152     45     92     75
   220    250       3.555    561    157    142     53    115     80
   220    260       2.866    567    165    166     38    120     79
   220    270       2.341    570    158    163     48    123     87
   220    280       1.899    588    139    147     44    126     70
   220    290       1.557    562    131    166     68     90     59
   220    300       1.313    778    192    193     47    198    110
   220    310       1.083    876    175    214     51    190     84
   220    320       0.902    866    180    192     47    211     89
   220    330       0.748    860    143    209     41    201    103
   220    340       0.636    893    180    217     37    205     75
   220    350       0.529    830    136    202     46    230     68
   230    100    3401.000      2      0      0      0      0      0
   230    110     279.300     16     30      2      7     11     10
   230    120     140.400     56     81      8     12     16     25
   230    130      89.670    195    178     25     35     34     57
   230    140      61.230    246    216     49     55     59     95
   230    150      43.540    308    238     69     43     53     79
   230    160      32.570    357    288     67     45     79    100
   230    170      23.970    397    269    101     58     83     80
   230    180      18.300    457    265    109     74     93    114
   230    190      14.090    502    257    113     65     76    105
   230    200      10.910    525    231    130     69    106     91
   230    210       8.562    555    210    136     46     86     86
   230    220       6.795    607    228    154     50     90     90
   230    230       5.377    570    198    141     68    110     68
   230    240       4.323    587    181    175     54    110     85
   230    250       3.428    529    188    157     66    112     98
   230    260       2.836    614    160    165     65     98     75
   230    270       2.281    621    154    166     46    103     75
   230    280       1.870    619    133    160     55    115     80
   230    290       1.532    598    142    161     44    117     57
   230    300       1.289    851    189    217     45    205     89
   230    310       1.054    870    201    207     48    184     82
   230    320       0.874    880    166    214     46    198     92
   230    330       0.743    854    150    205     38    189     93
   230    340       0.617    873    152    237     36    204     69
   230    350       0.524    877    128    209     36    208     78
   240    100    3151.000      5      3      0      0      0      2
   240    110     259.100     28     31      5      7      8     18
   240    120     134.300     66     72      7      6     19     16
   240    130      85.560    177    201     46     46     41     77
   240    140      58.860    230    231     42     48     64     71
   240    150      42.800    265    214     68     61     62     79
   240    160      31.230    354    254     67     48     96    102
   240    170      22.930    405    267     91     82     78     88
   240    180      17.590    480    265    109     64     87    110
   240    190      13.540    572    252    116     80    111     87
   240    200      10.660    545    252    146     67    111     89
   240    210       8.397    627    235    147     46     93     66
   240    220       6.608    608    215    158     75     88     87
   240    230       5.207    629    210    158     72     93     87
   240    240       4.132    632    199    192     62    110     76
   240    250       3.395    610    180    152     55    140     91
   240    260       2.742    618    167    175     56    129     82
   240    270       2.237    611    176    151     54    123     80
   240    280       1.836    611    137    181     54    132     45
   240    290       1.515    607    127    201     41    125     64
   240    300       1.247    798    182    221     50    212     98
   240    310       1.039    841    178    215     46    196     92
   240    320       0.865    897    169    236     40    208     84
   240    330       0.719    879    163    227     51    210     76
   240    340       0.605    866    127    227     44    216     88
   240    350       0.518    868    137    224     39    217     74
   250    100    2834.000      4      0      0      0      1      5
   250    110     239.900     30     39      2      7      6     19
   250    120     127.300     64     70      9     12     13     23
   250    130      82.990     98     98     14     20     22     40
   250    140      57.000    225    235     45     52     45     96
   250    150      40.720    276    244     70     70     68    107
   250    160      29.760    369    266     79     65     84    107
   250    170      22.660    430    267     89     67     84    105
   250    180      17.120    493    262    113     57    108    102
   250    190      13.150    605    277    123     76     98    114
   250    200      10.340    597    244    151     72    114     87
   250    210       8.087    644    257    152     68    115    103
   250    220       6.492    648    240    160     59    112    112
   250    230       5.079    626    226    180     56    130     95
   250    240       4.087    666    182    198     50    132     92
   250    250       3.325    632    164    148     60    126     96
   250    260       2.688    660    171    185     60    118     78
   250    270       2.218    630    158    198     58    118     88
   250    280       1.795    614    127    194     51    131     83
   250    290       1.487    622    129    202     58    128     50
   250    300       1.228    872    179    229     49    218    103
   250    310       1.014    856    159    241     47    198    116
   250    320       0.852    887    148    218     48    210     86
   250    330       0.706    944    156    219     37    210     82
   250    340       0.592    900    145    264     35    209     88
   250    350       0.505    883    122    233     36    198     72
   260    100    2539.000      5      2      0      0      0      1
   260    110     224.500     31     35      3      7      8     17
   260    120     121.900     49     54     14     11     21     29
   260    130      79.580     93    118     13     17     19     45
   260    140      54.650    223    229     52     60     57    106
   260    150      39.220    282    258     50     66     66     97
   260    160      29.260    335    253     90     65     86     98
   260    170      21.620    412    315     99     81     81    114
   260    180      16.660    469    303    123     58     81    114
   260    190      12.680    534    275    138     61    108    114
   260    200       9.927    594    270    154     76    127     94
   260    210       7.862    626    258    171     65    122    124
   260    220       6.204    621    239    155     61    132    101
   260    230       4.927    688    213    218     71    127    110
   260    240       4.009    693    234    182     95    125     86
   260    250       3.216    655    183    195     68    135     77
   260    260       2.626    671    176    226     60    127     82
   260    270       2.157    697    149    194     63    107     86
   260    280       1.739    664    156    192     57    130     76
   260    290       1.446    688    138    217     50    155     68
   260    300       1.196    840    185    250     67    193    101
   260    310       0.991    849    149    217     55    202    101
   260    320       0.841    891    175    216     44    199    115
   260    330       0.695    910    173    243     47    246     89
   260    340       0.588    878    160    215     45    209     87
   260    350       0.495    895    138    198     48    191     85
   270    100    2253.000      4      7      0      0      1      4
   270    110     210.400     28     35      1      7      6      7
   270    120     117.000     49     68      8      7     17     24
   270    130      76.070     72    106     13     23     15     44
   270    140      53.110    107    149     17     18     33     48
   270    150      37.920    307    265     66     54     71     92
   270    160      28.040    381    258     92     67    104    103
   270    170      21.130    440    254     93     66     95    111
   270    180      16.050    507    284    124     85    118     95
   270    190      12.210    560    285    127     85    119    117
   270    200       9.653    588    260    164     75    129     94
   270    210       7.579    639    237    144     65    127     86
   270    220       6.093    685    269    168     81    120    116
   270    230       4.859    669    242    195     74    129    112
   270    240       3.918    706    205    203     69    156     85
   270    250       3.155    677    219    208     58    146    110
   270    260       2.568    693    174    195     65    136     81
   270    270       2.113    691    165    223     55    115     84
   270    280       1.710    677    147    203     41    123     58
   270    290       1.423    637    167    252     44    135     68
   270    300       1.166    841    183    220     53    242     98
   270    310       0.978    846    178    219     54    208    120
   270    320       0.823    919    165    242     46    202     97
   270    330       0.679    926    154    265     52    213     81
   270    340       0.577    902    163    255     47    216     74
   270    350       0.484    902    148    231     44    227     81
   280    100    1983.000      0      4      0      0      3      5
   280    110     197.000     28     33      8      6      7      7
   280    120     111.500     50     55      6     17     12     30
   280    130      72.710    100     86     16     27     21     41
   280    140      51.050    113    153     26     19     37     60
   280    150      36.530    306    265     77     81     75    108
   280    160      26.880    383    260     79     71     98    119
   280    170      20.420    424    299    106     70    109    115
   280    180      15.450    490    273    125     69    112    121
   280    190      12.000    549    272    166     70    120    115
   280    200       9.345    591    269    146     66    119    119
   280    210       7.353    679    271    176     69    119     98
   280    220       5.940    712    243    191     88    139     96
   280    230       4.717    742    223    202     80    145     97
   280    240       3.809    678    236    237     80    137     97
   280    250       3.052    706    210    205     76    137     89
   280    260       2.502    720    156    218     72    133     89
   280    270       2.039    647    180    241     59    147     90
   280    280       1.678    682    134    229     41    128     78
   280    290       1.376    677    135    208     56    110     76
   280    300       1.150    897    165    221     66    204    104
   280    310       0.953    889    157    259     44    228    105
   280    320       0.794    888    177    242     46    205    108
   280    330       0.662    848    161    238     39    223    109
   280    340       0.565    885    154    246     44    219     75
   280    350       0.478    879    147    256     41    203     83
   290    100    1664.000      4      7      0      1      3      2
   290    110     185.300     19     41      7      4     10      9
   290    120     107.000     62     67     11     13     16     25
   290    130      70.720     89    104     19     16     23     34
   290    140      49.180    127    124     19     23     37     48
   290    150      35.530    164    184     31     34     46     70
   290    160      25.950    350    297    111    107     82    111
   290    170      19.660    419    303    109     85     98    112
   290    180      15.130    494    295    126     88     97    110
   290    190      11.580    573    299    160     68    122     97
   290    200       9.091    625    326    170     66    129    109
   290    210       7.139    693    266    192     88    150    115
   290    220       5.757    694    227    226     74    159    130
   290    230       4.588    710    237    212     73    134    109
   290    240       3.724    693    233    243     79    127     98
   290    250       3.020    686    195    229     77    160    106
   290    260       2.444    748    187    230     58    158    104
   290    270       1.989    696    182    252     75    118     89
   290    280       1.630    609    154    259     52    136     71
   290    290       1.359    707    148    237     63    144     63
   290    300       1.120    941    212    239     48    219     97
   290    310       0.929    909    193    250     70    226    102
   290    320       0.776    951    192    261     54    199     91
   290    330       0.654    913    169    253     38    226    105
   290    340       0.548    880    142    250     47    205     91
   290    350       0.468    961    155    262     38    231     83
   300    100    1343.000      3     13      0      0      1      4
   300    110     173.400     27     28      6     11     10     11
   300    120     102.700     45     66      2     10     15     24
   300    130      67.840     86     95     14     16     21     35
   300    140      47.080    121    134     18     23     36     47
   300    150      34.300    177    170     33     17     31     65
   300    160      25.050    354    301     88     65     85    111
   300    170      19.090    396    326    127     91    105    115
   300    180      14.370    484    310    135     86    101    138
   300    190      11.170    561    295    169     84    139    114
   300    200       8.777    613    318    158     97    130    124
   300    210       6.931    671    267    172     84    144    101
   300    220       5.502    728    273    172     77    165    116
   300    230       4.425    709    264    204     75    149    107
   300    240       3.625    719    221    257     75    159    100
   300    250       2.935    751    202    231     92    165    102
   300    260       2.361    729    207    229     68    165    114
   300    270       1.960    711    165    260     77    160    112
   300    280       1.611    704    163    254     53    156     78
   300    290       1.330    875    218    280     62    175    119
   300    300       1.103    894    181    264     61    227     99
   300    310       0.921    970    178    248     45    220     91
   300    320       0.761    986    163    272     66    206     92
   300    330       0.642    884    170    282     50    215     84
   300    340       0.547    927    168    256     41    224     96
   300    350       0.458    925    131    280     44    197     78
   310    100     989.800      3      8      0      2      1      6
   310    110     165.000     29     42      5     10     14     20
   310    120      98.210     63     57      7     13     17     23
   310    130      64.510     93     99     10     21     26     44
   310    140      45.590    127    123     16     22     33     41
   310    150      32.850    181    147     32     41     42     62
   310    160      24.380    235    184     28     34     58     83
   310    170      18.210    404    324    115    102     98     95
   310    180      14.070    482    319    136     96    106    120
   310    190      10.830    595    280    151     86    103    128
   310    200       8.587    654    295    179     87    130    126
   310    210       6.736    687    265    190     88    144    131
   310    220       5.415    721    282    193     62    149    117
   310    230       4.298    743    236    212     74    163    104
   310    240       3.547    777    228    248     92    149    108
   310    250       2.848    732    203    242     65    194    129
   310    260       2.339    770    185    286     83    163     95
   310    270       1.904    734    197    267     64    168     73
   310    280       1.562    718    178    257     55    171    100
   310    290       1.297    865    183    262     68    224    119
   310    300       1.061    902    195    267     79    232    106
   310    310       0.904    917    188    276     62    232     96
   310    320       0.750    917    160    262     68    228    105
   310    330       0.629    883    164    280     49    221     95
   310    340       0.532    905    139    275     49    221    100
   310    350       0.453    949    149    267     53    211     94
   320    100     659.400      9     13      0      0      4      3
   320    110     154.900     26     53      7      9      7     21
   320    120      94.050     44     80     19     17     18     13
   320    130      62.320     78    114     19     12     26     36
   320    140      43.960    127    139     23     26     30     50
   320    150      31.800    170    172     32     28     47     66
   320    160      23.570    194    209     50     29     52     73
   320    170      17.790    354    290     75     51     84    124
   320    180      13.410    492    325    149     98    116    125
   320    190      10.430    544    304    187    103    124    132
   320    200       8.211    562    291    171     99    142    140
   320    210       6.530    710    311    190     96    143    150
   320    220       5.237    699    261    181     81    145    109
   320    230       4.241    749    265    236     80    156    115
   320    240       3.424    796    258    225     86    162    121
   320    250       2.794    697    225    235     74    174    101
   320    260       2.276    733    201    251     78    174    110
   320    270       1.871    734    182    278     82    177     79
   320    280       1.524    697    149    297     68    145     85
   320    290       1.261    888    204    312     78    215    119
   320    300       1.051    945    216    268     67    235    114
   320    310       0.876    978    187    292     75    213     93
   320    320       0.744    924    174    284     56    216    115
   320    330       0.624    958    140    243     42    226     92
   320    340       0.523    955    150    303     57    208     87
   320    350       0.445    947    133    263     50    236     76
   330    100     472.300     16     20      3      1      2     10
   330    110     151.300     34     48      6      2     12     22
   330    120      89.370     53     64     10     16     15     33
   330    130      60.700     79     89     13     25     21     46
   330    140      42.280    113    139     23     21     39     46
   330    150      30.770    135    161     24     27     43     51
   330    160      22.790    211    190     40     37     47     72
   330    170      17.300    244    249     50     47     52     83
   330    180      13.070    445    333    144    110    102    107
   330    190      10.190    559    353    169     91    119    134
   330    200       8.002    589    310    202    111    134    149
   330    210       6.397    683    313    202     82    155    123
   330    220       5.109    729    262    211     91    189    137
   330    230       4.117    706    286    235     76    163    112
   330    240       3.307    772    245    241     80    157    118
   330    250       2.698    722    195    254     95    167    115
   330    260       2.228    722    212    266     87    165    121
   330    270       1.814    791    207    289     81    156    106
   330    280       1.512    771    176    290     64    169    106
   330    290       1.236    850    187    312     85    256    126
   330    300       1.026    925    198    330     54    235    105
   330    310       0.863    971    173    306     56    216    114
   330    320       0.725   1011    169    295     52    211     82
   330    330       0.604    991    151    288     53    207     84
   330    340       0.517    983    157    298     51    216     72
   330    350       0.438    953    121    252     38    210     71
   340    100     379.900     20     25      1      4      5     13
   340    110     142.000     41     69      3     11     11     20
   340    120      86.390     61     66     15     11     11     16
   340    130      58.300     74    107     15     13     28     25
   340    140      40.970    108    159     19     22     29     44
   340    150      29.350    139    175     30     24     50     69
   340    160      22.430    228    194     43     35     43     81
   340    170      16.580    265    238     57     48     60     75
   340    180      12.790    337    258     70     67     83     95
   340    190       9.753    552    319    176    109    135    121
   340    200       7.782    600    304    182    108    138    127
   340    210       6.218    654    316    218     95    142    136
   340    220       4.973    710    285    218    101    164    129
   340    230       3.940    755    269    241     73    181    116
   340    240       3.227    767    257    247     86    177    112
   340    250       2.615    742    206    231     92    175    130
   340    260       2.146    728    199    268     72    167    123
   340    270       1.792    750    194    275     87    178     84
   340    280       1.481    737    208    268     70    172    110
   340    290       1.199    927    230    318     85    197    131
   340    300       1.004    990    208    293     58    248    115
   340    310       0.847    948    188    347     70    226     94
   340    320       0.708    995    182    291     63    247    112
   340    330       0.593    906    183    316     51    211     83
   340    340       0.501   1011    119    266     53    203    101
   340    350       0.426    984    150    291     38    207     69
   350    100     327.700     16     26      1      6      5      4
   350    110     135.700     34     55      9     10      7     26
   350    120      82.530     56     52     12     11     11     24
   350    130      55.660     89    104     21     23     30     36
   350    140      39.220    124    130     31     21     34     38
   350    150      28.820    137    158     32     37     44     62
   350    160      21.290    181    170     43     45     41     58
   350    170      16.120    250    182     52     32     61     89
   350    180      12.360    301    234     59     46     74     89
   350    190       9.518    541    349    196    104    120    140
   350    200       7.521    631    265    181    124    139    124
   350    210       5.965    688    291    184    101    150    122
   350    220       4.754    680    299    204    105    170    110
   350    230       3.867    752    274    217     83    168    149
   350    240       3.111    710    251    243     88    167    142
   350    250       2.546    778    200    241    105    208    109
   350    260       2.107    749    205    268     88    178    108
   350    270       1.738    761    202    288     88    180     89
   350    280       1.437    790    183    286     69    172     99
   350    290       1.195    962    219    333     71    226    137
   350    300       0.993    995    206    324     61    252    118
   350    310       0.825    898    205    329     70    221    107
   350    320       0.689   1009    146    322     66    249    104
   350    330       0.588    952    168    320     62    234    100
   350    340       0.499   1002    156    335     51    248     77
   350    350       0.421    958    140    303     40    220     81
   360    100     293.300     13     18      2      1      3     17
   360    110     129.600     33     58      6      3      5     24
   360    120      81.330     72     75      9     11     11     29
   360    130      53.920     78    111     25     23     21     41
   360    140      38.100    117    141     27     30     34     42
   360    150      27.760    175    155     28     28     53     49
   360    160      20.360    193    183     36     35     52     64
   360    170      15.620    230    195     57     55     57     90
   360    180      12.020    295    230     66     56     74     85
   360    190       9.316    386    233     96     57     78    114
   360    200       7.205    639    295    184    114    128    144
   360    210       5.777    620    300    179    107    154    136
   360    220       4.651    676    265    238    109    149    131
   360    230       3.701    708    262    237     95    176    127
   360    240       3.058    724    276    233     80    216    142
   360    250       2.507    717    243    306    103    178    110
   360    260       2.041    764    205    312     79    190    111
   360    270       1.683    805    187    322    104    165    103
   360    280       1.402    783    193    312     85    168    105
   360    290       1.146    968    195    335     75    250    119
   360    300       0.960    930    185    359     73    253    132
   360    310       0.810    993    193    308     77    231    117
   360    320       0.679    932    153    345     65    248     99
   360    330       0.573    960    159    315     53    231     94
   360    340       0.484    968    152    309     43    211     81
   360    350       0.412   1007    145    302     49    217     77
   370    100     264.700     25     28      2      4      6     12
   370    110     123.800     38     54      6      7     12     17
   370    120      76.590     58     73      7     10     17     52
   370    130      52.250     88    110     12     21     31     35
   370    140      36.560    135    121     19     21     34     42
   370    150      26.660    149    152     30     29     35     53
   370    160      19.920    170    188     35     41     57     63
   370    170      15.070    223    221     41     43     61     95
   370    180      11.490    305    233     55     50     68     74
   370    190       9.059    351    239     78     60     87     91
   370    200       6.989    583    319    185    133    142    159
   370    210       5.595    614    298    227    125    138    143
   370    220       4.531    679    302    221     98    150    140
   370    230       3.661    721    291    251     93    179    131
   370    240       2.954    724    262    231    100    192    154
   370    250       2.413    785    254    286    110    172    145
   370    260       1.992    773    211    329     94    187    110
   370    270       1.637    763    218    317     96    165    101
   370    280       1.352    781    179    315     95    162     99
   370    290       1.138    925    220    346     93    262    136
   370    300       0.950   1077    200    332     74    249    141
   370    310       0.784    989    175    342     76    234    114
   370    320       0.668    986    140    353     69    233    104
   370    330       0.556    974    141    364     67    256     87
   370    340       0.472    976    157    316     65    222     81
   370    350       0.404    976    140    311     59    245     97
   380    100     241.800     26     40      3      2      4     16
   380    110     120.200     31     62      8      8     23     21
   380    120      74.210     57     58      3     15     26     32
   380    130      49.880    113     95     26     18     24     39
   380    140      35.230    130    114     22     17     42     50
   380    150      25.810    172    148     31     25     33     70
   380    160      19.140    183    190     52     35     31     81
   380    170      14.550    228    197     44     47     49     89
   380    180      11.440    285    216     67     43     71     86
   380    190       8.692    338    193     72     66     96     88
   380    200       6.933    395    236     91     77    102    132
   380    210       5.495    664    294    222    118    166    166
   380    220       4.350    716    281    238    112    162    134
   380    230       3.541    674    285    248    133    145    129
   380    240       2.912    715    290    210     94    207    158
   380    250       2.382    758    233    281     97    202    150
   380    260       1.925    813    221    321    110    188    143
   380    270       1.591    860    210    319     95    166    107
   380    280       1.319    846    175    308     85    151     87
   380    290       1.106    933    194    367     83    250    112
   380    300       0.923    952    225    329     82    228    126
   380    310       0.777   1007    198    359     76    227    111
   380    320       0.651    987    176    340     64    237    113
   380    330       0.552   1003    142    337     59    237    104
   380    340       0.462    973    168    318     63    249     96
   380    350       0.396   1024    130    309     53    222     89
   390    100     226.100     22     41      1      1      5     14
   390    110     114.800     45     52      8      5     11     26
   390    120      72.080     70     91      8     16     21     39
   390    130      48.640     74    105     18     20     25     42
   390    140      34.270    132    137     31     20     41     47
   390    150      24.900    196    167     36     36     40     61
   390    160      18.500    194    165     43     28     60     65
   390    170      14.260    236    185     65     48     67     71
   390    180      10.940    261    231     71     58     65     90
   390    190       8.514    336    230     71     54     69     95
   390    200       6.650    368    247    105     52     96    120
   390    210       5.289    652    337    210    113    153    175
   390    220       4.191    692    287    273    125    152    129
   390    230       3.415    701    270    252    107    176    145
   390    240       2.825    678    276    240    118    176    144
   390    250       2.286    727    256    286     86    213    142
   390    260       1.889    807    229    345    113    213    147
   390    270       1.560    840    224    346     94    203    101
   390    280       1.281    879    189    328     96    184    119
   390    290       1.074    949    237    368     85    262    126
   390    300       0.891    950    198    334     69    287    142
   390    310       0.754    964    190    397     61    240     94
   390    320       0.633    980    178    363     54    243     99
   390    330       0.536   1020    152    349     61    232     98
   390    340       0.454    965    165    314     60    260     95
   390    350       0.386    918    120    362     36    204     91
   400    100     211.200     28     33      0      4      8     17
   400    110     110.000     44     75      3     11     10     28
   400    120      69.020     55     88     11     13     21     32
   400    130      47.020    108    125     18     29     22     31
   400    140      33.030    134    144     14     27     36     49
   400    150      23.960    136    150     36     34     42     51
   400    160      18.200    198    188     36     33     47     72
   400    170      13.760    204    205     42     42     65     84
   400    180      10.600    261    220     55     39     86     89
   400    190       8.221    315    214     79     68     67     84
   400    200       6.484    359    228     77     53    100     97
   400    210       5.251    489    244    114     74    115    114
   400    220       4.134    657    299    241    137    180    166
   400    230       3.357    717    296    267    100    187    123
   400    240       2.720    638    267    252    112    196    142
   400    250       2.238    758    233    258    109    204    153
   400    260       1.819    784    242    318    136    181    129
   400    270       1.506    811    220    336    120    185    117
   400    280       1.268    825    209    328     98    179    108
   400    290       1.057    980    204    357    112    270    122
   400    300       0.880    998    209    379     75    244    127
   400    310       0.736    996    168    379     62    248    113
   400    320       0.627   1018    169    342     55    235     87
   400    330       0.522    967    164    387     66    224     95
   400    340       0.448   1036    137    355     50    208    111
   400    350       0.382    996    144    341     62    231     96
   410    100     201.200     18     38      6      7      5     12
   410    110     105.700     42     71      7      5      9     36
   410    120      67.140     56     84     13     14     25     34
   410    130      45.330    112    109     27     23     21     45
   410    140      32.360    132    146     28     32     30     55
   410    150      23.250    164    162     32     29     41     48
   410    160      17.540    170    176     36     35     32     61
   410    170      13.420    237    183     47     43     60     70
   410    180      10.260    268    229     64     50     68     77
   410    190       8.023    296    224     96     52     68    107
   410    200       6.336    335    253     96     66     87    102
   410    210       5.069    440    241     98     59     98    134
   410    220       3.942    694    306    258    128    176    158
   410    230       3.214    716    296    265    114    174    115
   410    240       2.680    648    276    262    109    189    163
   410    250       2.196    686    223    275     79    208    150
   410    260       1.798    794    234    330     99    192    121
   410    270       1.490    809    205    362    118    179    101
   410    280       1.234    838    204    393     90    184    120
   410    290       1.022   1013    217    396     93    272    138
   410    300       0.852    996    217    372     88    278    124
   410    310       0.712    951    186    357     77    208    113
   410    320       0.607    988    164    378     53    228    102
   410    330       0.510    983    173    357     57    246     99
   410    340       0.438   1023    161    344     54    226     74
   410    350       0.371   1001    128    338     46    244     88
   420    100     190.800     23     38      4      8      8     10
   420    110     102.100     49     54      5      9     10     30
   420    120      64.890     67     93      8     14     20     33
   420    130      43.850     97    111     19     22     33     30
   420    140      30.560    125    125     27     32     32     44
   420    150      22.520    140    158     32     29     37     62
   420    160      16.960    171    155     43     37     52     66
   420    170      12.910    211    167     43     38     58     80
   420    180       9.890    247    234     57     49     64     86
   420    190       7.766    302    225     65     42     80     91
   420    200       6.018    375    233     88     55     81    114
   420    210       4.796    414    260    110     80    103    100
   420    220       3.949    478    258    110     66    152    106
   420    230       3.141    742    298    268    100    202    151
   420    240       2.560    658    270    240    107    194    152
   420    250       2.111    706    254    309     93    199    140
   420    260       1.727    743    228    311     85    207    122
   420    270       1.450    751    233    375    118    215    132
   420    280       1.189    836    203    365    134    204    108
   420    290       1.008   1029    247    387    115    247    132
   420    300       0.848   1002    223    380     83    267    123
   420    310       0.713   1050    228    391     80    249    127
   420    320       0.592   1023    165    373     78    257     88
   420    330       0.507    993    182    353     68    229     84
   420    340       0.430   1029    149    357     60    264     92
   420    350       0.362   1006    142    364     59    242     81
   430    100     181.600     24     32      2      9     12     20
   430    110      98.840     46     55      7      5     23     26
   430    120      62.540     67     88      6     16     15     46
   430    130      42.460     78    116     12     17     22     47
   430    140      30.010    140    125     32     38     34     48
   430    150      21.730    145    167     42     32     39     49
   430    160      16.620    165    161     44     42     52     60
   430    170      12.360    201    203     58     27     47     74
   430    180       9.498    273    197     63     31     72     93
   430    190       7.501    284    223     80     55     82     95
   430    200       5.869    326    239     89     66     81    116
   430    210       4.736    392    238    105     67    106    128
   430    220       3.799    449    212    132     72    115    133
   430    230       3.116    515    267    162     66    134    139
   430    240       2.510    675    261    241    128    209    138
   430    250       2.042    710    241    273    134    216    120
   430    260       1.700    813    235    310    104    170    111
   430    270       1.406    763    231    382    124    210    134
   430    280       1.168    845    209    367    111    181     83
   430    290       0.979    968    239    414    108    264    129
   430    300       0.818   1044    209    414    117    257    124
   430    310       0.686   1007    202    402     90    275    117
   430    320       0.589    986    173    426     81    224    110
   430    330       0.497   1060    170    394     62    235     93
   430    340       0.419   1002    171    390     55    246     91
   430    350       0.357    951    151    367     64    224     91
   440    100     172.300     27     38      2      6      8     13
   440    110      96.320     45     57      7      4     21     23
   440    120      61.000     67     82     14     13     14     33
   440    130      40.830     76    114     18     15     30     58
   440    140      29.030    167    136     27     35     34     50
   440    150      21.200    167    157     42     35     46     52
   440    160      15.900    191    155     46     34     48     68
   440    170      12.020    240    190     45     31     61     75
   440    180       9.451    263    219     60     45     63     86
   440    190       7.280    321    202     70     52     78    102
   440    200       5.761    363    224     95     56     82    112
   440    210       4.553    419    223    109     60     93     84
   440    220       3.684    430    292    117     81    105    114
   440    230       2.997    513    202    153     75    121    103
   440    240       2.425    658    289    286    143    211    177
   440    250       2.021    768    262    293     92    199    145
   440    260       1.668    758    228    316    104    213    108
   440    270       1.384    776    240    359    117    184    114
   440    280       1.148    856    222    369    137    198    121
   440    290       0.953   1022    255    395    129    267    148
   440    300       0.794   1005    243    402     94    265    129
   440    310       0.669   1053    190    443     73    241    126
   440    320       0.566   1031    207    372     70    252    112
   440    330       0.482   1077    168    411     72    223    100
   440    340       0.410   1067    155    349     49    246     89
   440    350       0.356   1006    150    382     59    228     90
   450    100     165.600     24     31      6      6     13     22
   450    110      92.720     47     69      8      6      9     21
   450    120      58.810     54     93     16     12     10     39
   450    130      39.420     88    125     13     10     34     48
   450    140      28.180    141    163     30     26     39     56
   450    150      20.880    167    163     38     35     48     53
   450    160      15.470    205    166     30     34     49     56
   450    170      11.720    200    190     53     39     54     79
   450    180       9.107    270    189     68     34     76     80
   450    190       7.183    301    228     74     50     79    104
   450    200       5.613    337    204     90     65     86     77
   450    210       4.497    402    254    103     57     89     99
   450    220       3.618    444    227    128     72    110    124
   450    230       2.929    478    210    143     65    110    106
   450    240       2.402    533    224    159     89    146    133
   450    250       1.944    687    268    252    101    219    164
   450    260       1.618    762    223    309     94    192    134
   450    270       1.350    755    258    396    117    209    133
   450    280       1.115    815    216    429    124    203    147
   450    290       0.936   1022    250    432    132    226    125
   450    300       0.785   1062    230    412    124    265    146
   450    310       0.655   1071    210    459     99    238    131
   450    320       0.563   1072    184    415     92    216    119
   450    330       0.474   1095    151    403     73    242     88
   450    340       0.401    969    144    399     56    237     91
   450    350       0.344   1055    140    353     56    245    105
   460    100     158.400     19     38      6      5      9     25
   460    110      89.120     35     61      7      6     11     30
   460    120      57.370     71     79      7     13     17     36
   460    130      38.620     81    120     11     11     30     50
   460    140      27.270    156    141     44     35     37     45
   460    150      19.980    172    149     29     43     34     65
   460    160      14.970    191    177     45     46     47     58
   460    170      11.430    237    192     55     42     62     77
   460    180       8.847    237    205     64     47     83     84
   460    190       6.864    302    235     78     39     86     95
   460    200       5.464    332    221     88     48     74    117
   460    210       4.355    377    230     96     72     86    103
   460    220       3.517    429    224    110     56    113    108
   460    230       2.857    486    228    152     58    126    138
   460    240       2.335    506    204    161     71    151    114
   460    250       1.876    738    308    285    121    209    156
   460    260       1.559    759    206    309    112    232    122
   460    270       1.304    782    228    311     94    220    122
   460    280       1.097    806    238    407    144    197    118
   460    290       0.920    970    241    445     99    266    141
   460    300       0.770   1033    253    453    109    272    133
   460    310       0.646   1022    220    452    133    265    120
   460    320       0.545   1099    179    441     96    268     89
   460    330       0.458   1060    162    417     90    251    122
   460    340       0.396    994    167    412     70    254     86
   460    350       0.337    973    134    380     47    261     81
   470    100     152.400     35     40      3      6      8     18
   470    110      87.060     36     72      6      2     17     36
   470    120      54.920     74     87     11     23     13     53
   470    130      37.890     64    127     10     15     19     56
   470    140      26.560    112    138     24     27     37     48
   470    150      19.550    187    146     45     28     48     54
   470    160      14.560    200    160     44     48     52     53
   470    170      11.080    233    187     45     39     48     64
   470    180       8.663    236    203     55     43     66     87
   470    190       6.711    287    213     68     56     72     81
   470    200       5.290    349    188     81     58     97     89
   470    210       4.240    359    218    107     65     84     91
   470    220       3.378    407    223    109     76    111    100
   470    230       2.801    461    224    135     75    121    110
   470    240       2.285    461    194    155     83    152    113
   470    250       1.873    511    233    170     79    154    131
   470    260       1.526    769    253    317    110    237    129
   470    270       1.277    779    206    341    119    186    132
   470    280       1.065    813    253    406    134    199    144
   470    290       0.902    982    242    494    158    258    144
   470    300       0.751   1031    244    460    138    260    141
   470    310       0.628    990    190    492    109    241    115
   470    320       0.538   1046    187    428    114    247    117
   470    330       0.453   1055    170    446     88    250    120
   470    340       0.389   1025    157    406     79    254     98
   470    350       0.332   1000    138    436     57    243     83
   480    100     147.300     25     49      7      3     13     15
   480    110      83.740     36     59      9      6     16     21
   480    120      54.120     69     73      7     10     24     27
   480    130      36.800     98    102     16     14     27     44
   480    140      26.080    115    149     19     21     38     54
   480    150      19.120    187    157     45     30     49     51
   480    160      14.240    207    182     53     36     51     61
   480    170      10.800    227    170     53     43     62     71
   480    180       8.429    263    175     57     51     70     78
   480    190       6.512    280    231     76     42     78     75
   480    200       5.179    359    223     81     55     71     87
   480    210       4.156    335    205    117     51     99    120
   480    220       3.318    429    221    121     60     90    132
   480    230       2.716    502    219    156     50    118    113
   480    240       2.230    442    200    159     98    122    119
   480    250       1.839    480    240    169     89    153    119
   480    260       1.474    755    248    341    112    197    154
   480    270       1.231    728    201    331     98    227    134
   480    280       1.031    835    225    411    148    180    120
   480    290       0.870    911    250    452    141    268    126
   480    300       0.723    992    220    465    116    275    135
   480    310       0.616   1022    215    464     89    240    119
   480    320       0.523   1067    188    442     94    263    127
   480    330       0.444   1046    202    491     91    245    109
   480    340       0.378   1026    182    443     70    272    100
   480    350       0.324   1059    148    409     55    244     94
   490    100     143.100     23     44      4      6     10     19
   490    110      81.480     40     72      2     14     12     31
   490    120      52.430     77     88     12     15     21     33
   490    130      35.480     87     99     14     22     40     46
   490    140      25.290    110    131     11     18     35     64
   490    150      18.410    192    130     46     32     49     44
   490    160      13.800    202    181     36     32     51     56
   490    170      10.410    218    177     58     52     46     51
   490    180       8.116    257    191     58     40     67     81
   490    190       6.307    313    215     75     52     61     94
   490    200       5.053    308    208     92     47     96     90
   490    210       4.020    342    219     93     63     92     96
   490    220       3.269    409    182    137     62    110    108
   490    230       2.669    469    205    151     83    132    104
   490    240       2.156    487    226    149     80    143    130
   490    250       1.784    492    213    178     66    147    119
   490    260       1.490    570    216    187     88    171    109
   490    270       1.203    755    240    321    110    222    116
   490    280       1.018    798    236    385    133    225    118
   490    290       0.854    921    230    515    111    266    137
   490    300       0.719    968    250    443    152    249    147
   490    310       0.608   1058    205    458    109    253    141
   490    320       0.510   1034    176    467    128    224    110
   490    330       0.438   1109    182    461     79    264     98
   490    340       0.367   1031    172    469     56    260    108
   490    350       0.318   1049    160    436     58    233     80
   500    100     137.300     33     43      4      4      6     15
   500    110      79.700     39     58      8      8     10     29
   500    120      51.100     64     99     11      8     18     38
   500    130      34.610     92    102     13      9     21     39
   500    140      24.540    105    152     17     20     34     48
   500    150      18.070    180    151     33     40     39     62
   500    160      13.390    195    156     41     51     50     68
   500    170      10.310    242    169     58     33     59     59
   500    180       7.896    266    191     49     40     48     63
   500    190       6.206    316    207     68     64     70     82
   500    200       4.887    337    199     89     49     80     96
   500    210       3.946    362    217    101     72     89    106
   500    220       3.171    412    222    129     73     98     87
   500    230       2.578    448    252    135     86    117    109
   500    240       2.118    441    219    156     77    130    102
   500    250       1.737    480    187    163     90    156    120
   500    260       1.424    567    188    238     74    156    113
   500    270       1.189    655    208    234    100    171    123
   500    280       0.977    754    209    331     94    210    131
   500    290       0.838    972    283    481    141    249    129
   500    300       0.697    962    274    457    132    237    122
   500    310       0.592    983    249    504    121    248    152
   500    320       0.500   1018    196    491    115    286    123
   500    330       0.430   1069    171    469    107    242    108
   500    340       0.367   1091    170    515     67    245     85
   500    350       0.307   1052    151    422     60    228     98
