m0_binning   41  200  600  10
m12_binning  27  140  400  10
NscanPoints  1107
    m0    m12      Xsec     nsel    n_a    n_d     sb     slsb     slsig
   200    140      62.510    273     67     59    355     66     43
   200    150      44.630    327     79     53    329     70     80
   200    160      33.610    367     71     58    369    102     69
   200    170      25.230    378     80     59    336    102    116
   200    180      19.100    390     61     75    304     95    113
   200    190      14.810    479     55     58    308     93    119
   200    200      11.510    562     71     80    303     74    117
   200    210       9.020    560     62     73    260     71    108
   200    220       7.157    512     45     73    246     75    143
   200    230       5.732    529     42     66    222     77    166
   200    240       4.535    504     52     83    215     79    170
   200    250       3.763    456     40     74    174     67    179
   200    260       3.048    434     33     64    182     60    170
   200    270       2.553    425     39     61    163     53    196
   200    280       2.108    394     35     68    167     69    169
   200    290       1.793    404     35     66    141     70    182
   200    300       1.512    375     22     59    113     43    176
   200    310       1.293    379     29     77    109     51    154
   200    320       1.127    316     24     64     97     44    163
   200    330       0.982    333     35     46    108     40    141
   200    340       0.854    300     33     45     68     34    136
   200    350       0.754    282     12     41     61     29    124
   200    360       0.675    271      9     58     63     36    136
   200    370       0.597    261     15     40     61     33    142
   200    380       0.530    224     16     46     43     26    110
   200    390       0.484    253      8     36     48     21    108
   200    400       0.432    225      6     35     39     12     93
   210    140      59.510    270     89     59    369     75     53
   210    150      43.190    296     88     58    348     93     62
   210    160      32.220    392     66     58    384     92     77
   210    170      24.560    392     85     75    341    112    107
   210    180      18.470    487     75     71    304    107    122
   210    190      14.160    479     58     74    323     79    139
   210    200      11.200    517     67     65    319    100    118
   210    210       8.762    580     77     63    265     76    138
   210    220       6.998    625     44     84    287     73    127
   210    230       5.576    577     56     62    253     69    153
   210    240       4.413    573     49     81    204     58    161
   210    250       3.621    553     42     76    185     72    172
   210    260       2.939    504     47     79    172     61    194
   210    270       2.448    474     36     88    142     54    200
   210    280       1.999    491     44     75    149     47    209
   210    290       1.662    475     28     60    131     49    209
   210    300       1.384    465     28     71    144     55    188
   210    310       1.166    445     30     79    111     52    171
   210    320       0.991    384     22     68    107     51    175
   210    330       0.841    362     20     61     86     33    158
   210    340       0.723    373     24     69     83     28    153
   210    350       0.626    338     15     76     87     35    164
   210    360       0.544    301     20     47     68     41    179
   210    370       0.475    349     19     51     86     38    165
   210    380       0.417    300     15     57     58     26    149
   210    390       0.365    312     12     45     48     30    139
   210    400       0.324    290     16     48     43     29    136
   220    140      57.630    292     88     70    407     85     50
   220    150      42.480    366     95     59    395     80     56
   220    160      31.140    344     80     71    360     87     79
   220    170      23.750    427     70     61    368    100    104
   220    180      17.960    415     81     76    329    125    142
   220    190      13.870    422     76     74    335    115    156
   220    200      10.940    509     66     78    286    100    155
   220    210       8.607    541     63     73    266    106    177
   220    220       6.745    588     48     86    256     79    167
   220    230       5.412    547     49     89    241     68    141
   220    240       4.345    616     46     73    239     59    133
   220    250       3.506    621     39     87    216     63    132
   220    260       2.857    568     36     78    183     40    186
   220    270       2.350    550     39     73    148     60    172
   220    280       1.918    527     36     80    156     53    207
   220    290       1.603    464     44     86    143     57    216
   220    300       1.338    470     31     75    138     44    192
   220    310       1.107    493     31     72    115     50    201
   220    320       0.938    452     36     66    106     62    209
   220    330       0.799    418     20     68     91     38    212
   220    340       0.670    437     29     66     98     48    189
   220    350       0.584    393     16     59     86     40    169
   220    360       0.498    376     26     62    101     28    166
   220    370       0.428    392     16     58     72     47    184
   220    380       0.370    334     14     52     80     33    170
   220    390       0.325    348     18     54     54     41    166
   220    400       0.282    324     14     42     48     23    154
   230    140      55.850    282     96     71    430     76     42
   230    150      41.210    364     98     80    465     85     63
   230    160      30.200    408    100     75    384     94    102
   230    170      22.890    449     89     81    391    108    100
   230    180      17.400    467     83     84    336    102    133
   230    190      13.530    498     67     73    271    114    143
   230    200      10.670    511     69     72    329     86    190
   230    210       8.257    501     69     69    254    104    176
   230    220       6.526    556     49     75    262     96    177
   230    230       5.274    577     54     93    256     93    183
   230    240       4.191    589     46     95    212     81    193
   230    250       3.398    640     52     81    233     48    147
   230    260       2.785    675     42    106    195     60    169
   230    270       2.253    621     47     70    167     54    148
   230    280       1.869    601     36     69    143     60    180
   230    290       1.529    566     26    104    152     42    193
   230    300       1.298    542     23     67    116     45    210
   230    310       1.076    533     36     67    126     50    191
   230    320       0.900    445     26     65    118     43    195
   230    330       0.755    480     17     69     94     49    215
   230    340       0.643    451     26     70     93     44    190
   230    350       0.549    427     11     77     97     33    188
   230    360       0.472    387     12     76     80     45    182
   230    370       0.400    407     16     60     77     29    173
   230    380       0.349    381     19     64     72     30    204
   230    390       0.299    326     16     54     75     47    182
   230    400       0.264    342     16     49     68     32    159
   240    140      53.920    282    106     75    401     82     57
   240    150      39.350    354    140     85    478     88     54
   240    160      29.510    415    103     90    404    113     83
   240    170      22.230    428    111     74    401    127    114
   240    180      16.780    472    102     77    373    108    145
   240    190      13.190    477     69     86    335    113    154
   240    200      10.280    519     75     90    303    111    191
   240    210       8.075    532     60     76    333    107    179
   240    220       6.383    538     72     86    294     96    202
   240    230       5.178    575     48     88    247    120    198
   240    240       4.097    603     43     76    240     96    202
   240    250       3.364    603     62     76    209     77    191
   240    260       2.710    640     51     83    185     70    189
   240    270       2.237    608     39     91    186     57    208
   240    280       1.821    609     31     78    182     62    163
   240    290       1.501    626     32     93    142     41    155
   240    300       1.260    633     29     62    151     56    153
   240    310       1.045    575     36     80    126     45    198
   240    320       0.872    479     27     84    110     38    209
   240    330       0.728    516     26     62     93     42    225
   240    340       0.622    462     30     68    119     34    193
   240    350       0.532    479     22     73     90     34    206
   240    360       0.450    422     14     63     96     30    180
   240    370       0.389    388     13     61     71     29    193
   240    380       0.335    438     18     53     75     28    187
   240    390       0.287    368     18     53     71     25    165
   240    400       0.249    362     18     49     58     27    167
   250    140      51.640    257    111     73    428     72     52
   250    150      37.970    330    111     84    440     69     56
   250    160      28.590    440    124     91    451     86     79
   250    170      21.310    440    121     78    407    102     97
   250    180      16.390    464    104     90    379    133    118
   250    190      12.690    521     82     86    346     98    129
   250    200       9.887    540     69     99    341    129    166
   250    210       7.798    516     55     82    314    118    185
   250    220       6.188    582     59     88    281    102    190
   250    230       5.003    553     48     88    225    103    216
   250    240       4.004    548     44     85    223     92    219
   250    250       3.247    622     53     92    202     85    231
   250    260       2.653    582     50     81    211     74    199
   250    270       2.158    599     36     92    154     78    233
   250    280       1.772    605     42     81    143     65    186
   250    290       1.485    644     33     78    138     65    187
   250    300       1.218    624     30     89    146     37    160
   250    310       1.025    612     28     88    112     38    143
   250    320       0.850    606     44     72    134     41    147
   250    330       0.724    539     30     75    108     44    183
   250    340       0.612    515     22     66     96     36    192
   250    350       0.517    498     25     66    106     30    196
   250    360       0.443    484     12     81     85     38    191
   250    370       0.374    452     14     62     84     28    151
   250    380       0.320    418     26     68     72     38    196
   250    390       0.279    395     18     62     60     26    164
   250    400       0.238    397     15     58     67     21    142
   260    140      49.360    290    120     91    452     68     46
   260    150      36.800    355    117     79    448     99     65
   260    160      27.380    429    138     87    478    124     80
   260    170      21.030    486    109     90    476    114     98
   260    180      15.700    500    105    109    408    117    136
   260    190      12.400    526    103     88    343    124    158
   260    200       9.631    542     80    102    335    115    173
   260    210       7.590    554     62     81    297    116    203
   260    220       6.077    579     70     91    267    110    228
   260    230       4.879    600     55     80    282    113    228
   260    240       3.923    570     56     90    227     93    215
   260    250       3.145    575     46     81    210     98    215
   260    260       2.599    603     39     90    215     72    241
   260    270       2.113    567     45     94    160     67    254
   260    280       1.733    585     48     92    153     67    223
   260    290       1.457    574     27    103    152     66    171
   260    300       1.191    579     35     86    145     55    230
   260    310       0.996    613     27     83    122     44    199
   260    320       0.839    639     31     94    121     37    150
   260    330       0.702    606     31     77    115     34    165
   260    340       0.594    560     25     92     92     35    154
   260    350       0.504    561     26     62     92     37    148
   260    360       0.421    515     27     72    100     34    173
   260    370       0.364    475     24     68     76     28    174
   260    380       0.313    492     15     66     79     39    164
   260    390       0.271    437     13     64     68     28    177
   260    400       0.231    411     11     59     72     17    173
   270    140      48.290    280    128     80    458     71     48
   270    150      35.270    331    141     85    437     76     59
   270    160      26.570    393    121     74    484    100     73
   270    170      20.020    483    124     91    506    124     93
   270    180      15.240    525    113    105    428    107    127
   270    190      12.000    546     94    115    415    140    146
   270    200       9.331    569     95     93    362    113    173
   270    210       7.341    605     94    111    325    105    173
   270    220       5.857    593     77     78    296    124    238
   270    230       4.707    598     74     75    290    104    230
   270    240       3.876    651     66     85    198    107    279
   270    250       3.090    602     48     96    221     98    227
   270    260       2.518    611     44     87    180     90    261
   270    270       2.043    606     49     99    187     98    215
   270    280       1.691    596     36     87    181     68    247
   270    290       1.396    554     41     85    152     71    236
   270    300       1.161    581     27     86    141     59    219
   270    310       0.976    592     35     67    138     60    230
   270    320       0.809    567     34     67    111     43    210
   270    330       0.692    641     32     90     92     31    191
   270    340       0.575    621     22    100    109     22    197
   270    350       0.492    587     33    103    100     27    158
   270    360       0.416    561     23     99     95     35    150
   270    370       0.357    526     22     77     89     25    163
   270    380       0.306    507     12     63     82     32    156
   270    390       0.262    463     16     73     67     31    165
   270    400       0.227    385     19     54     72     23    160
   280    140      46.640    296    119     82    431     65     42
   280    150      34.400    343    162     86    449     90     65
   280    160      25.550    423    126     89    503    118     81
   280    170      19.490    493    115    101    524    117    103
   280    180      14.960    508    128     94    463    126    116
   280    190      11.580    560     89    122    420    131    147
   280    200       9.085    587     93    114    402    127    157
   280    210       7.192    584     91    103    400    113    168
   280    220       5.774    607     87     91    311    127    198
   280    230       4.612    663     70     93    236    133    229
   280    240       3.677    603     59    114    277    120    266
   280    250       3.041    601     58     99    227     94    262
   280    260       2.460    634     50     85    221     93    225
   280    270       2.033    607     45     81    190     89    267
   280    280       1.674    562     40     92    181     93    251
   280    290       1.378    619     38     83    138     67    242
   280    300       1.132    577     36     83    154     62    236
   280    310       0.951    538     25     82    155     59    228
   280    320       0.803    595     32     79    122     64    263
   280    330       0.675    590     29     80    110     41    224
   280    340       0.568    576     25     81    100     47    180
   280    350       0.478    547     26     82    116     34    188
   280    360       0.412    622     29     87     84     37    179
   280    370       0.346    529     17     80     87     31    145
   280    380       0.296    541     22     78     86     28    144
   280    390       0.254    503     20     61     85     23    160
   280    400       0.219    482     18     77     83     22    145
   290    140      45.330    255    109     88    394     80     48
   290    150      33.020    328    128    101    468     81     61
   290    160      24.730    363    139     99    491    106     84
   290    170      18.660    473    127    117    505    120    106
   290    180      14.410    534    124    110    499    122    145
   290    190      11.270    593    131    107    452    142    131
   290    200       8.797    607    110    110    436    129    180
   290    210       6.950    613    134    104    360    114    166
   290    220       5.520    614     91     97    339    112    187
   290    230       4.527    630     75    129    309    115    218
   290    240       3.617    671     58    102    225    121    253
   290    250       2.965    618     60     79    223    101    235
   290    260       2.393    619     37     97    215    103    260
   290    270       1.972    582     51     88    182     81    236
   290    280       1.627    600     42     85    179     88    287
   290    290       1.352    588     42     84    158     76    280
   290    300       1.115    596     45     79    133     81    262
   290    310       0.922    589     37    103    124     62    265
   290    320       0.783    611     23     87    129     56    247
   290    330       0.651    595     26     78    110     57    224
   290    340       0.550    537     22     80     89     39    226
   290    350       0.471    553     29     77    102     42    210
   290    360       0.400    535     24     80     93     38    199
   290    370       0.342    552     27     71     75     40    175
   290    380       0.293    542     14     67     82     37    177
   290    390       0.251    552     10     75     74     25    162
   290    400       0.215    516     13     71     59     19    157
   300    140      43.190    271    113     92    444     83     61
   300    150      31.890    351    137     81    511     99     57
   300    160      23.650    408    137    130    526    111     69
   300    170      18.370    475    141    110    511    122    101
   300    180      14.060    531    137    113    498    141    109
   300    190      10.880    613    126    119    492    129    127
   300    200       8.570    652    131    132    445    148    178
   300    210       6.787    621     98    122    431    144    168
   300    220       5.412    652     88    112    415    113    199
   300    230       4.357    635     84    122    313    108    189
   300    240       3.522    624     82    105    307     89    213
   300    250       2.872    715     61    113    240     92    258
   300    260       2.337    596     61    114    246     92    271
   300    270       1.917    626     43    101    205     92    245
   300    280       1.586    604     44     84    208     69    280
   300    290       1.311    627     43     92    157     69    257
   300    300       1.082    587     35     85    148     85    269
   300    310       0.916    572     28     92    114     76    247
   300    320       0.761    570     26     78    111     71    223
   300    330       0.643    566     28     81    110     52    248
   300    340       0.542    527     24     79    108     43    246
   300    350       0.459    565     20     81     91     45    240
   300    360       0.391    513     19     65     80     49    201
   300    370       0.335    513     22     79     83     40    205
   300    380       0.285    555     18     75     82     28    222
   300    390       0.246    519     20     74     60     25    156
   300    400       0.211    520     21     66     52     19    155
   310    140      41.920    269    118     64    451     73     44
   310    150      30.680    345    119    100    479    102     56
   310    160      22.920    429    150    114    544    109     77
   310    170      17.510    464    128    106    497    120     84
   310    180      13.530    486    144    112    510    117    118
   310    190      10.680    599    133    123    503    128    149
   310    200       8.364    666    133    144    468    125    162
   310    210       6.632    643    119    119    443    116    165
   310    220       5.240    701    121    120    445    124    162
   310    230       4.245    667     84    138    332    107    187
   310    240       3.401    647     79    130    269    119    224
   310    250       2.792    621     80    136    281    125    197
   310    260       2.292    620     66    107    211     97    243
   310    270       1.884    614     58    104    191    102    235
   310    280       1.558    644     38    106    192     95    262
   310    290       1.274    623     44     84    162     85    307
   310    300       1.059    638     36     97    147     71    276
   310    310       0.891    580     32     98    115     65    285
   310    320       0.742    571     23     96    116     49    253
   310    330       0.629    602     22     94    113     56    249
   310    340       0.534    567     17     70    124     57    269
   310    350       0.452    553     17     80     99     51    251
   310    360       0.382    488     23     76    100     39    231
   310    370       0.326    506     16     70     81     42    202
   310    380       0.283    507     20     82     77     30    229
   310    390       0.241    527     14     67     64     20    191
   310    400       0.207    492     20     75     75     32    196
   320    140      40.450    297    121     84    399     91     45
   320    150      29.710    351     98    105    443     97     79
   320    160      22.070    408    127    102    486    130     69
   320    170      16.980    487    136    116    486    114     97
   320    180      13.220    514    151    126    520    147    128
   320    190      10.220    599    134    125    520    155    121
   320    200       8.005    597    119    118    492    151    164
   320    210       6.435    667    129    124    442    130    174
   320    220       5.084    649    127    141    397    105    172
   320    230       4.096    664    110    129    356    120    221
   320    240       3.345    730     86    126    332    105    201
   320    250       2.752    682     79    115    287    128    207
   320    260       2.229    697     70    138    277     96    219
   320    270       1.844    601     63    122    286     89    243
   320    280       1.503    622     47    100    206     82    276
   320    290       1.254    652     41    103    171     83    251
   320    300       1.046    638     40     91    152     84    272
   320    310       0.883    617     24     78    144     85    283
   320    320       0.737    580     35     75    122     68    275
   320    330       0.611    575     23    110    134     61    296
   320    340       0.522    584     32     82    110     59    253
   320    350       0.441    550     26     93     97     44    224
   320    360       0.378    524     22     80     95     43    241
   320    370       0.320    552     17     73     93     39    238
   320    380       0.273    522     20     68     73     41    217
   320    390       0.238    489     20     79     80     31    209
   320    400       0.203    479     23     83     75     32    222
   330    140      38.820    325    119     66    403     84     40
   330    150      28.730    349    125     82    470     84     72
   330    160      21.450    398    137    105    514    116     93
   330    170      16.500    461    150    106    539    124    104
   330    180      12.850    546    135    116    516    165    126
   330    190       9.974    601    150    158    555    141    142
   330    200       7.820    622    117    145    518    142    162
   330    210       6.235    714    123    124    512    152    195
   330    220       4.977    725    123    146    433    127    203
   330    230       4.011    747    106    128    355    141    201
   330    240       3.287    760     89    136    336    121    216
   330    250       2.631    674     87    149    349    106    196
   330    260       2.189    656     75    131    290    107    237
   330    270       1.798    674     95    137    289    114    199
   330    280       1.495    686     61    115    230     95    270
   330    290       1.230    669     43    120    203     68    250
   330    300       1.023    626     50     99    164     79    283
   330    310       0.852    627     38     95    153     75    289
   330    320       0.714    626     27     94    135     53    245
   330    330       0.610    537     32     94    116     55    267
   330    340       0.506    534     32    104    125     47    289
   330    350       0.429    530     30     82     97     32    308
   330    360       0.370    543     20     79     98     43    231
   330    370       0.313    476     17     84     84     43    254
   330    380       0.270    540     19     72     96     39    237
   330    390       0.230    491     14     79     70     35    214
   330    400       0.198    486     16     83     67     38    201
   340    140      37.770    264    103     80    465     93     48
   340    150      27.640    379    121     79    472     95     58
   340    160      20.880    402    131     93    466    112     95
   340    170      15.970    446    151    122    538    127     78
   340    180      12.350    541    139    106    534    144    133
   340    190       9.616    623    134    136    515    141    128
   340    200       7.576    663    148    131    517    138    154
   340    210       6.037    711    104    139    512    143    192
   340    220       4.856    733     93    160    454    153    197
   340    230       3.875    723    115    164    407    128    214
   340    240       3.147    759    105    157    348    109    204
   340    250       2.598    725    110    135    318    112    191
   340    260       2.124    696     98    158    283     97    224
   340    270       1.740    721     82    142    268     75    180
   340    280       1.448    688     86    161    270     90    204
   340    290       1.199    691     58    133    233     78    272
   340    300       1.004    642     41    100    177     82    287
   340    310       0.838    569     35     80    140     77    284
   340    320       0.694    601     32     98    115     55    284
   340    330       0.589    608     36     94    122     57    286
   340    340       0.498    616     32     89    137     76    264
   340    350       0.423    554     18     73     97     55    292
   340    360       0.360    513     12     77     91     52    267
   340    370       0.304    528     15     76     82     44    262
   340    380       0.263    514     24     87     72     27    223
   340    390       0.229    461     22     86     69     38    236
   340    400       0.197    484     13     82     61     37    215
   350    140      36.410    297    106     77    367     86     66
   350    150      26.920    334    140     85    435     99     84
   350    160      20.060    380    136     85    448    112     80
   350    170      15.430    447    149    110    508    152    105
   350    180      11.950    555    149    136    525    156    132
   350    190       9.182    582    155    154    543    162    127
   350    200       7.349    625    152    136    470    162    182
   350    210       5.898    701    125    151    496    164    192
   350    220       4.684    738    153    164    488    167    193
   350    230       3.793    716    124    161    436    126    209
   350    240       3.014    751    103    151    383    139    217
   350    250       2.520    731    101    172    369    111    228
   350    260       2.050    694    104    143    312    101    233
   350    270       1.706    705     84    144    302    100    218
   350    280       1.403    728     81    144    228     84    215
   350    290       1.183    678     68    135    251     73    214
   350    300       0.987    659     56    123    197     94    241
   350    310       0.825    671     37     97    161     74    281
   350    320       0.687    631     38    100    135     71    282
   350    330       0.588    620     33     98    137     65    299
   350    340       0.489    629     26     93    115     81    294
   350    350       0.416    553     23    104    113     63    295
   350    360       0.352    560     23     88    111     53    277
   350    370       0.302    526     30     97    103     50    265
   350    380       0.259    534     16     89     82     46    214
   350    390       0.222    503     23     98     82     46    231
   350    400       0.193    489     21     74     67     29    207
   360    140      35.300    282    108     70    383     83     61
   360    150      25.800    328    124     91    466     83     71
   360    160      19.630    370    112     92    417    111     81
   360    170      14.880    425    147    102    516    130     89
   360    180      11.560    547    130    122    511    119    137
   360    190       9.005    616    146    131    512    140    158
   360    200       7.236    630    162    156    566    153    152
   360    210       5.680    737    130    173    501    148    190
   360    220       4.583    782    118    158    461    135    193
   360    230       3.684    756    128    140    448    132    202
   360    240       3.000    722     94    156    375    142    218
   360    250       2.453    732    114    171    373    110    210
   360    260       2.001    716     99    156    347     98    220
   360    270       1.669    748     85    149    301     89    218
   360    280       1.375    713     98    163    264    106    224
   360    290       1.147    699     62    140    240     78    217
   360    300       0.956    695     57    157    224     86    211
   360    310       0.805    632     42    117    203     66    257
   360    320       0.672    612     44    113    159     66    289
   360    330       0.563    659     41     96    152     83    302
   360    340       0.482    628     41    115    142     75    279
   360    350       0.408    628     32     74    115     59    281
   360    360       0.349    570     27    107    119     62    293
   360    370       0.294    535     27     84     84     45    275
   360    380       0.253    569     14     82     84     52    275
   360    390       0.219    496     22     84     80     35    255
   360    400       0.190    477     22     66     85     28    258
   370    140      33.860    306    124     72    413     97     58
   370    150      25.070    349    125     75    422    118     75
   370    160      18.780    374    141     95    491    104    105
   370    170      14.570    442    126    126    494    156     99
   370    180      11.160    489    142    111    560    135    117
   370    190       8.722    602    155    131    523    139    139
   370    200       6.954    613    164    169    541    170    185
   370    210       5.480    666    145    164    497    167    177
   370    220       4.422    745    153    152    513    173    178
   370    230       3.601    799    130    159    439    124    211
   370    240       2.908    776    128    149    437    138    217
   370    250       2.373    725     99    165    360    145    238
   370    260       1.963    720    100    183    317    129    227
   370    270       1.629    743     99    175    308     94    227
   370    280       1.331    755     77    149    239     98    214
   370    290       1.121    767     67    157    225     77    229
   370    300       0.935    676     51    149    226     87    239
   370    310       0.786    726     49    116    205     73    218
   370    320       0.657    658     48     91    170     77    255
   370    330       0.562    727     44    137    161     79    269
   370    340       0.467    677     35    119    138     66    257
   370    350       0.401    626     34    109    118     72    277
   370    360       0.342    559     32    103     94     69    330
   370    370       0.291    552     24     78    100     54    298
   370    380       0.250    524     15     89     82     45    269
   370    390       0.215    538     26     72     73     43    232
   370    400       0.185    488     18     79     81     37    232
   380    140      33.060    298    123     75    367     92     61
   380    150      24.480    360    133     79    435    113     89
   380    160      18.180    402    119     90    458    113    102
   380    170      13.850    463    137    115    493    141    124
   380    180      10.920    539    155    132    490    153    133
   380    190       8.642    581    148    155    518    158    144
   380    200       6.701    636    145    152    510    168    157
   380    210       5.411    631    139    166    590    147    192
   380    220       4.339    709    125    171    482    155    212
   380    230       3.504    748    140    169    500    179    195
   380    240       2.823    755    138    143    435    165    219
   380    250       2.318    765    121    147    395    134    223
   380    260       1.912    795    101    182    375    128    211
   380    270       1.561    788     94    164    333    101    216
   380    280       1.310    744     96    144    281    113    227
   380    290       1.088    746     71    154    236     84    236
   380    300       0.912    709     57    162    209     85    232
   380    310       0.766    730     60    153    202     71    223
   380    320       0.647    704     54    136    193     68    240
   380    330       0.546    768     61    160    212     76    257
   380    340       0.462    729     38    144    154     72    297
   380    350       0.393    647     35    117    129     72    261
   380    360       0.335    634     23    120    112     52    281
   380    370       0.286    594     24     92    132     48    278
   380    380       0.244    560     21     96    104     42    267
   380    390       0.211    525     21     78     71     49    253
   380    400       0.181    510     11     82     81     37    247
   390    140      32.590    188    101     52    368     62     25
   390    150      23.360    312    129     92    434    100     66
   390    160      17.790    408    124     88    491    109     80
   390    170      13.620    434    134    105    454    132    104
   390    180      10.550    530    129    115    502    113    134
   390    190       8.207    556    159    147    530    131    146
   390    200       6.515    637    136    145    561    166    155
   390    210       5.227    698    138    149    517    155    181
   390    220       4.208    738    123    154    493    160    211
   390    230       3.390    746    148    201    466    171    238
   390    240       2.740    726    139    190    438    155    229
   390    250       2.265    769    118    176    420    166    237
   390    260       1.850    771    113    203    381    117    241
   390    270       1.529    777     78    184    347    109    256
   390    280       1.287    808     99    185    299    121    209
   390    290       1.068    796     73    162    289     95    255
   390    300       0.895    746     68    159    249     62    227
   390    310       0.745    711     62    149    218     78    220
   390    320       0.627    749     59    159    202     66    240
   390    330       0.535    828     70    209    252     57    244
   390    340       0.453    807     75    162    192     79    280
   390    350       0.386    690     46    138    163     74    276
   390    360       0.333    649     46    106    136     73    284
   390    370       0.281    638     26    100    123     52    252
   390    380       0.241    565     26     99     86     67    283
   390    390       0.207    566     30     78    101     55    251
   390    400       0.179    560     25     71     83     44    261
   400    140      31.200    214    112     51    376     55     49
   400    150      23.090    352    101     75    420     96     64
   400    160      17.190    367    113     87    481    121     84
   400    170      13.090    419    119    114    479    133     98
   400    180      10.270    495    138    121    454    143    112
   400    190       7.999    525    159    136    518    129    152
   400    200       6.345    609    140    150    491    162    149
   400    210       5.014    691    170    180    525    179    183
   400    220       4.026    707    144    171    493    172    202
   400    230       3.292    775    143    192    485    151    212
   400    240       2.671    709    148    174    480    168    196
   400    250       2.210    718    131    177    370    141    217
   400    260       1.800    745    111    193    381    136    256
   400    270       1.501    739     95    183    401    142    255
   400    280       1.235    797     73    182    317    101    229
   400    290       1.033    792     75    178    269     96    240
   400    300       0.876    824     76    148    243     86    263
   400    310       0.738    726     69    141    230     74    223
   400    320       0.622    765     71    150    215     76    258
   400    330       0.526    835     67    187    233     77    261
   400    340       0.441    794     66    218    198     93    276
   400    350       0.378    826     56    163    180     76    265
   400    360       0.320    717     43    140    125     48    252
   400    370       0.274    668     44    123    112     56    296
   400    380       0.237    638     39     93    108     56    277
   400    390       0.204    569     22     91     95     45    267
   400    400       0.176    528     21     95    100     43    276
   410    140      30.540    211     94     59    421     51     23
   410    150      22.190    358    115     79    423    103     72
   410    160      16.570    431    120     94    445    122    101
   410    170      12.750    447    125    122    446    128    107
   410    180       9.895    521    121    117    481    140    127
   410    190       7.747    544    144    133    480    121    156
   410    200       6.164    617    122    141    548    153    161
   410    210       4.918    647    126    163    502    159    203
   410    220       3.933    673    119    171    516    170    208
   410    230       3.253    786    128    166    502    164    190
   410    240       2.615    734    133    158    430    153    221
   410    250       2.143    746    137    177    466    162    249
   410    260       1.772    793    130    187    353    155    251
   410    270       1.458    818     84    187    376    143    268
   410    280       1.217    828     82    180    314    114    256
   410    290       1.024    795     91    168    284    119    256
   410    300       0.851    775     80    188    246     83    243
   410    310       0.715    724     65    171    241     89    246
   410    320       0.600    808     48    173    203     81    264
   410    330       0.514    850     56    218    221     68    248
   410    340       0.433    867     69    189    216     83    281
   410    350       0.369    814     50    181    194     76    255
   410    360       0.316    805     47    157    171     65    262
   410    370       0.270    696     31    133    132     52    268
   410    380       0.231    658     40    122    113     71    288
   410    390       0.201    628     22    106     99     55    252
   410    400       0.172    534     35    108     89     51    238
   420    140      29.780    187    104     56    367     60     21
   420    150      21.760    233    114     49    400     67     42
   420    160      16.130    393     99     89    461    115     99
   420    170      12.490    421    100     88    411    154    127
   420    180       9.634    502    126    113    508    126    107
   420    190       7.589    526    147    130    473    140    147
   420    200       5.990    584    143    143    554    162    171
   420    210       4.782    639    111    151    492    146    185
   420    220       3.863    735    156    138    460    161    190
   420    230       3.151    742    147    164    498    182    213
   420    240       2.549    658    139    170    475    181    242
   420    250       2.079    767    122    199    441    155    240
   420    260       1.729    788    123    187    429    141    230
   420    270       1.424    793     96    163    359    149    255
   420    280       1.184    810    101    185    294    125    269
   420    290       1.000    803     74    149    302    118    257
   420    300       0.837    788     68    169    249     99    272
   420    310       0.709    780     74    160    227     85    229
   420    320       0.593    764     64    140    218     76    248
   420    330       0.507    849     64    194    228     81    249
   420    340       0.423    837     64    206    228     70    248
   420    350       0.363    847     44    178    219     65    258
   420    360       0.310    859     67    192    194     70    262
   420    370       0.264    723     53    146    179     53    263
   420    380       0.226    687     42    137    149     61    279
   420    390       0.194    632     32    116     92     39    291
   420    400       0.170    529     28     80    106     48    243
   430    140      28.830    185     96     44    363     58     35
   430    150      21.220    189    107     57    380     66     39
   430    160      15.720    373    117     92    443    135    108
   430    170      12.100    422     96    114    452    113    117
   430    180       9.309    466    105    122    487    136    122
   430    190       7.386    509    142    138    461    161    147
   430    200       5.794    530    139    131    495    151    161
   430    210       4.637    642    147    147    506    164    191
   430    220       3.763    673    128    166    475    179    211
   430    230       3.047    750    133    168    483    159    216
   430    240       2.451    698    136    177    431    164    197
   430    250       2.049    709    121    190    447    168    229
   430    260       1.688    808    123    169    400    155    243
   430    270       1.387    792    110    172    384    128    244
   430    280       1.165    771     95    164    360    124    249
   430    290       0.965    815    105    184    299    125    260
   430    300       0.813    779     89    166    306     94    267
   430    310       0.684    816     72    151    252     92    250
   430    320       0.581    780     64    165    211     83    280
   430    330       0.494    835     75    197    209     78    262
   430    340       0.419    822     63    187    214     66    234
   430    350       0.355    779     58    145    185     72    290
   430    360       0.305    803     68    191    177     58    276
   430    370       0.261    772     59    192    202     66    267
   430    380       0.223    752     39    147    176     64    272
   430    390       0.193    718     53    136    143     48    276
   430    400       0.166    623     37    114    100     42    263
   440    140      28.320    205     86     46    347     59     36
   440    150      20.630    232    102     80    412     70     47
   440    160      15.520    268    119     55    431    101     74
   440    170      11.640    414    114     78    446    120    132
   440    180       9.051    457     89     97    475    147    116
   440    190       7.144    527    122    129    460    153    166
   440    200       5.613    584    124    124    435    143    156
   440    210       4.517    593    119    138    539    167    176
   440    220       3.652    637    136    156    468    156    205
   440    230       2.996    684    114    172    448    177    245
   440    240       2.435    708    140    165    462    179    237
   440    250       1.991    731    127    193    452    175    242
   440    260       1.639    754    129    208    409    164    266
   440    270       1.361    815    121    153    389    150    258
   440    280       1.135    819    121    174    320    129    271
   440    290       0.941    792     76    202    322    107    289
   440    300       0.799    792     76    157    274    104    300
   440    310       0.671    818     75    178    270    110    265
   440    320       0.570    824     75    163    216     94    263
   440    330       0.488    844     65    190    231     89    255
   440    340       0.409    810     70    188    243     92    252
   440    350       0.347    818     92    200    213     60    265
   440    360       0.296    819     65    149    184     62    250
   440    370       0.255    792     50    169    190     62    271
   440    380       0.220    792     51    179    172     63    250
   440    390       0.190    754     48    150    167     38    267
   440    400       0.162    704     34    121    113     47    274
   450    140      27.430    184    100     42    360     71     26
   450    150      20.260    239     92     51    412     72     38
   450    160      15.230    258    100     62    425     77     57
   450    170      11.270    412    137     95    416    145     99
   450    180       8.816    449     92     89    435    119    114
   450    190       6.992    534     97    107    455    155    134
   450    200       5.539    570    116    132    445    147    171
   450    210       4.380    570    126    152    436    178    212
   450    220       3.538    647    141    164    496    167    189
   450    230       2.905    654    133    183    471    159    235
   450    240       2.386    665    123    181    459    165    204
   450    250       1.938    702    133    175    421    158    270
   450    260       1.595    767    150    183    416    167    250
   450    270       1.322    774    119    193    360    153    297
   450    280       1.112    773    108    180    383    127    252
   450    290       0.918    805     97    208    332    146    297
   450    300       0.776    820    110    164    302    118    262
   450    310       0.657    821     90    180    261     95    277
   450    320       0.553    863     77    183    275     76    261
   450    330       0.475    874     83    226    241     99    288
   450    340       0.397    842     76    193    250     97    264
   450    350       0.342    823     54    204    207     63    269
   450    360       0.294    779     59    198    194     68    272
   450    370       0.252    832     68    188    203     57    268
   450    380       0.215    812     44    181    197     63    269
   450    390       0.185    772     42    165    182     53    252
   450    400       0.160    737     33    130    162     48    296
   460    140      26.630    180     81     50    351     45     42
   460    150      19.550    245    128     49    415     73     49
   460    160      14.830    247     82     76    389     69     51
   460    170      11.200    318    118     67    446    108     64
   460    180       8.604    433    122    114    430    138    144
   460    190       6.739    480    124    110    452    151    141
   460    200       5.375    535    123    139    484    142    164
   460    210       4.257    555    123    126    493    148    178
   460    220       3.474    611    126    158    467    170    212
   460    230       2.814    640    122    153    494    173    233
   460    240       2.293    643    141    180    422    176    241
   460    250       1.896    683    132    197    464    150    203
   460    260       1.560    750    145    190    399    170    258
   460    270       1.298    756    121    174    401    122    251
   460    280       1.080    795    102    211    357    147    262
   460    290       0.904    828     96    187    339    145    274
   460    300       0.764    823     91    186    277    127    286
   460    310       0.638    836     84    169    288    108    283
   460    320       0.542    871     61    182    283     89    289
   460    330       0.458    873     73    186    292     90    271
   460    340       0.392    918     75    189    242     91    271
   460    350       0.336    871     57    215    211     69    289
   460    360       0.286    857     57    171    190     73    279
   460    370       0.248    815     55    190    194     66    253
   460    380       0.212    814     50    171    187     64    259
   460    390       0.181    845     56    169    154     60    243
   460    400       0.159    744     51    156    156     51    217
   470    140      26.310    182     84     47    332     61     36
   470    150      19.100    221     83     55    361     66     37
   470    160      14.430    248    102     63    397     83     61
   470    170      10.850    310    115     77    403     93     66
   470    180       8.249    465    109    100    441    130    109
   470    190       6.619    481    128    124    435    150    155
   470    200       5.230    494    133    119    423    162    161
   470    210       4.164    560    105    125    498    156    184
   470    220       3.381    606    128    150    464    142    221
   470    230       2.751    646    133    184    479    145    213
   470    240       2.250    636    158    173    456    173    236
   470    250       1.841    719    135    166    408    164    252
   470    260       1.526    772    142    159    407    148    255
   470    270       1.267    745    119    211    393    143    268
   470    280       1.059    795    129    201    340    144    289
   470    290       0.881    834    109    162    337    152    292
   470    300       0.747    850     84    182    320    116    297
   470    310       0.627    788     76    207    270    122    296
   470    320       0.534    857     73    206    253    111    346
   470    330       0.454    912    101    214    279    123    279
   470    340       0.385    856     56    206    260     91    302
   470    350       0.331    856     78    210    205     76    275
   470    360       0.281    890     49    192    218     67    269
   470    370       0.244    798     47    185    215     57    267
   470    380       0.207    830     45    193    198     59    269
   470    390       0.179    811     49    178    199     50    244
   470    400       0.154    755     43    164    161     47    285
   480    140      25.550    191     93     46    331     53     23
   480    150      18.830    225     90     68    391     62     42
   480    160      14.090    275    120     75    408     76     65
   480    170      10.630    314    112     64    446     95     65
   480    180       8.258    354    113     78    465    123     86
   480    190       6.405    477    130    111    442    138    149
   480    200       5.124    518    107    126    394    165    170
   480    210       4.061    549    119    133    429    176    159
   480    220       3.285    571    122    121    452    146    212
   480    230       2.662    663    122    155    417    166    217
   480    240       2.190    652    137    147    408    200    189
   480    250       1.790    677    122    190    434    179    226
   480    260       1.490    685    115    200    414    156    253
   480    270       1.221    722    101    195    369    168    286
   480    280       1.026    760     98    189    358    154    290
   480    290       0.857    800    104    191    351    152    276
   480    300       0.728    861     77    181    305    125    285
   480    310       0.614    777     72    199    312    149    297
   480    320       0.518    837     86    201    288    116    314
   480    330       0.443    989     79    233    289    120    322
   480    340       0.376    887     70    217    241     92    297
   480    350       0.321    868     73    193    276     86    313
   480    360       0.277    854     79    189    183     75    278
   480    370       0.239    807     60    200    188     65    290
   480    380       0.206    812     60    196    177     57    263
   480    390       0.177    805     59    166    161     60    230
   480    400       0.152    767     45    176    173     46    242
   490    140      25.130    200     98     52    322     57     26
   490    150      18.240    224    105     67    367     65     50
   490    160      13.740    251    117     68    418     77     55
   490    170      10.310    278    112     56    398     99     88
   490    180       8.119    355    100     91    460     94     74
   490    190       6.265    456    124     98    418    145    134
   490    200       4.949    514    111    114    436    145    144
   490    210       3.989    536    115    142    398    137    199
   490    220       3.223    620    139    134    400    158    185
   490    230       2.608    641    110    156    431    182    227
   490    240       2.112    670    153    184    444    175    245
   490    250       1.753    675     98    171    402    177    236
   490    260       1.446    711    104    185    403    170    263
   490    270       1.202    739    114    205    380    161    271
   490    280       1.016    789    108    179    368    154    273
   490    290       0.841    798    115    183    352    150    292
   490    300       0.712    804     84    216    312    140    291
   490    310       0.601    865     82    201    306    109    288
   490    320       0.510    919     79    196    277    154    317
   490    330       0.439    942     89    217    269    114    345
   490    340       0.372    881     68    242    276     98    330
   490    350       0.317    888     73    201    232    104    342
   490    360       0.271    880     64    202    225     75    292
   490    370       0.236    841     57    175    212     59    297
   490    380       0.200    822     61    195    157     68    275
   490    390       0.173    756     43    177    188     48    266
   490    400       0.151    803     45    170    163     56    250
   500    140      24.520    176     77     37    343     52     33
   500    150      17.780    229    107     59    386     55     36
   500    160      13.290    246    103     53    359     65     63
   500    170      10.260    278    102     64    371     90     68
   500    180       7.906    292    122     87    409    110     68
   500    190       6.218    403    115     75    439    111     99
   500    200       4.859    478     93    101    431    159    185
   500    210       3.815    502    122    111    386    138    189
   500    220       3.141    603    112    140    408    170    192
   500    230       2.550    645    115    149    432    149    217
   500    240       2.072    653    114    153    386    178    214
   500    250       1.719    626    122    166    416    166    254
   500    260       1.411    682    128    173    366    169    284
   500    270       1.184    734    108    173    392    164    311
   500    280       0.984    795    108    190    360    146    256
   500    290       0.826    791     92    165    357    142    297
   500    300       0.695    832     95    190    354    135    307
   500    310       0.586    814     73    186    297     96    297
   500    320       0.496    839    101    208    280    120    275
   500    330       0.426    876     75    241    309    102    302
   500    340       0.362    913     81    204    272    117    344
   500    350       0.312    921     66    195    251     82    325
   500    360       0.268    925     70    206    234     86    294
   500    370       0.227    827     43    179    228     63    261
   500    380       0.196    818     58    197    171     65    251
   500    390       0.171    812     48    189    169     56    235
   500    400       0.147    805     37    176    171     47    267
   510    140      24.070    172     78     41    307     58     25
   510    150      17.620    193     88     47    330     64     48
   510    160      13.110    240    106     75    362     86     48
   510    170       9.951    278     90     80    410    103     47
   510    180       7.677    348    107     77    429    101     71
   510    190       5.984    362    119     96    410    118    106
   510    200       4.700    482    120    121    399    141    172
   510    210       3.750    488    134    129    426    157    169
   510    220       3.046    580    118    128    420    139    205
   510    230       2.463    595    135    147    385    150    202
   510    240       2.030    602    110    155    415    153    251
   510    250       1.663    627    130    162    408    178    225
   510    260       1.381    700    118    150    450    150    241
   510    270       1.147    723    115    181    410    164    247
   510    280       0.965    765    110    203    358    159    263
   510    290       0.812    789    106    198    338    123    310
   510    300       0.682    834     91    166    357    132    307
   510    310       0.574    816     89    183    322    120    324
   510    320       0.493    822     86    190    303    117    305
   510    330       0.422    909     81    245    296    119    353
   510    340       0.356    878     83    223    274    108    313
   510    350       0.307    855     77    219    230    100    355
   510    360       0.265    883     68    202    202     96    339
   510    370       0.224    854     74    190    224     69    281
   510    380       0.193    914     55    166    212     72    273
   510    390       0.167    812     47    201    182     51    284
   510    400       0.144    806     38    184    167     60    263
   520    140      23.810    182     88     37    306     55     21
   520    150      17.250    213     93     55    330     65     32
   520    160      12.790    249    104     57    379     93     45
   520    170       9.679    267    124     68    388     90     68
   520    180       7.500    319     99     71    403    106     86
   520    190       5.863    378    125     98    403    106     99
   520    200       4.689    391    118     81    458    125     95
   520    210       3.678    524    113    110    417    182    193
   520    220       3.000    557    124    132    375    160    198
   520    230       2.414    600    119    141    412    151    187
   520    240       1.992    574    122    166    406    155    229
   520    250       1.639    589    138    178    385    157    230
   520    260       1.357    656    127    178    372    152    252
   520    270       1.130    736    116    160    383    164    257
   520    280       0.944    703    115    207    366    148    299
   520    290       0.796    814    105    188    340    153    273
   520    300       0.669    817     99    202    324    150    297
   520    310       0.565    831     82    174    315    135    325
   520    320       0.481    862     79    191    290    127    368
   520    330       0.409    918     87    211    287    102    350
   520    340       0.350    880     83    218    291    108    331
   520    350       0.303    962     81    228    266    103    344
   520    360       0.259    879     72    201    233    102    299
   520    370       0.220    844     70    206    233     91    325
   520    380       0.192    905     51    204    166     61    287
   520    390       0.166    831     55    164    183     63    250
   520    400       0.143    784     43    167    135     64    280
   530    140      23.270    187     71     34    322     52     28
   530    150      16.700    192     93     51    327     75     35
   530    160      12.560    271     96     58    363     72     54
   530    170       9.525    305    106     53    392     84     75
   530    180       7.318    302     98     69    397     87     64
   530    190       5.763    359    107     74    415    123     96
   530    200       4.534    406    105     90    430    107    106
   530    210       3.578    513    118    108    408    143    177
   530    220       2.907    489     97    117    390    154    177
   530    230       2.356    588    104    142    395    160    194
   530    240       1.924    514    126    146    403    183    229
   530    250       1.597    565    104    156    392    164    240
   530    260       1.334    664     99    167    381    174    249
   530    270       1.106    712    108    166    356    161    283
   530    280       0.930    766    117    192    378    149    255
   530    290       0.773    768     95    182    342    132    301
   530    300       0.657    811     97    197    326    132    296
   530    310       0.553    795     68    193    319    127    328
   530    320       0.474    859     86    211    278    101    297
   530    330       0.398    875    108    230    317    124    334
   530    340       0.346    923     74    218    320    116    356
   530    350       0.295    959     91    218    247    136    336
   530    360       0.253    930     94    189    244     91    347
   530    370       0.218    873     79    219    194     70    304
   530    380       0.188    876     58    199    188     72    315
   530    390       0.161    818     66    198    221     85    304
   530    400       0.139    802     30    180    175     59    270
   540    140      22.610    195     75     46    331     44     31
   540    150      16.530    214     89     51    350     74     34
   540    160      12.190    240     85     47    374     71     47
   540    170       9.334    304     95     61    383     88     58
   540    180       7.143    324    101     76    433     92     79
   540    190       5.665    353    114     90    423    126     95
   540    200       4.479    366    111     98    429    124    104
   540    210       3.494    495     96    121    398    163    180
   540    220       2.843    578    117    130    366    151    171
   540    230       2.287    570    102    131    373    151    207
   540    240       1.890    572    116    145    377    151    203
   540    250       1.570    572    134    131    392    160    208
   540    260       1.285    647    126    142    371    149    229
   540    270       1.084    654    122    189    370    146    258
   540    280       0.897    750     87    175    347    161    264
   540    290       0.762    772     76    176    327    134    278
   540    300       0.648    778     86    188    326    123    285
   540    310       0.541    818     75    204    298    128    301
   540    320       0.460    859     86    206    293    116    336
   540    330       0.394    848    106    211    324    140    335
   540    340       0.338    857     88    224    269    119    333
   540    350       0.287    942     90    227    239     95    351
   540    360       0.247    892     67    227    259    101    340
   540    370       0.214    926     68    197    237     77    306
   540    380       0.185    866     56    183    202     93    329
   540    390       0.159    843     54    198    198     69    287
   540    400       0.140    852     42    165    159     55    252
   550    140      22.410    169     69     40    287     47     24
   550    150      16.080    226     74     54    312     67     28
   550    160      12.140    254     94     58    368     71     54
   550    170       9.055    279     91     72    376     87     57
   550    180       7.040    318     91     75    407     86     60
   550    190       5.536    373     88     97    371    122     83
   550    200       4.317    362    135     83    400    121    126
   550    210       3.513    444    117    101    405    117    117
   550    220       2.787    540    104    121    400    146    172
   550    230       2.268    559     98    121    366    137    226
   550    240       1.862    524    115    130    343    143    213
   550    250       1.515    559    119    131    375    167    210
   550    260       1.257    622    109    168    345    178    233
   550    270       1.064    665     96    157    356    157    216
   550    280       0.887    675    107    164    346    128    260
   550    290       0.738    691    109    169    320    147    318
   550    300       0.634    775     80    186    308    142    343
   550    310       0.528    799     69    192    302    132    315
   550    320       0.451    822     79    211    299    138    319
   550    330       0.384    864     79    246    315    118    347
   550    340       0.335    963     92    226    285    127    329
   550    350       0.284    896     81    219    261    103    348
   550    360       0.244    890     85    210    263    107    359
   550    370       0.210    897     64    197    234    101    358
   550    380       0.182    929     60    178    226     65    331
   550    390       0.157    888     49    189    196     80    281
   550    400       0.136    777     55    189    192     59    262
   560    140      21.870    162     84     38    290     56     25
   560    150      15.930    193     87     56    337     62     35
   560    160      11.790    251     94     58    328     78     40
   560    170       8.974    278     95     69    373     85     64
   560    180       6.912    290    106     75    414     69     82
   560    190       5.405    344    103     84    347    104     65
   560    200       4.263    369     96     77    380    134    112
   560    210       3.379    405    101     71    372    113    113
   560    220       2.716    499    104    131    400    157    190
   560    230       2.211    538    112    123    365    127    218
   560    240       1.825    543    119    144    314    153    212
   560    250       1.481    540    124    146    359    160    223
   560    260       1.251    610    110    159    348    160    238
   560    270       1.032    633    107    174    338    139    227
   560    280       0.869    682    122    166    358    151    266
   560    290       0.731    684     96    163    305    140    278
   560    300       0.622    807     68    175    301    137    293
   560    310       0.523    799    103    179    300    108    326
   560    320       0.442    818     76    180    295    131    322
   560    330       0.383    868    114    213    297    117    331
   560    340       0.323    871    109    235    290    142    313
   560    350       0.278    901     76    195    266    106    323
   560    360       0.238    882     73    222    239     98    338
   560    370       0.205    875     47    186    259     98    322
   560    380       0.176    867     60    196    203     92    305
   560    390       0.154    855     52    173    200    101    304
   560    400       0.134    831     68    173    184     67    325
   570    140      21.740    159     87     42    295     42     25
   570    150      15.680    199     70     52    330     51     36
   570    160      11.630    258     90     63    338     81     48
   570    170       8.830    284     94     72    384     82     61
   570    180       6.762    314     94     63    387     90     70
   570    190       5.266    322     85     72    377    103     85
   570    200       4.139    346     95     91    409     94     81
   570    210       3.350    434    106     87    411    123    108
   570    220       2.699    427    104    106    409    134    137
   570    230       2.160    542     85    140    372    147    197
   570    240       1.778    536    112    140    341    153    211
   570    250       1.472    559    102    131    354    144    195
   570    260       1.219    599     98    142    344    149    231
   570    270       1.007    634    120    166    328    140    260
   570    280       0.852    653     98    151    324    149    279
   570    290       0.719    639     97    157    329    123    280
   570    300       0.607    709     85    196    293    139    286
   570    310       0.512    812     82    182    290    134    307
   570    320       0.438    818     91    170    251    120    348
   570    330       0.374    847     95    221    313    114    314
   570    340       0.316    870    106    233    301    118    306
   570    350       0.277    919     93    217    297    102    334
   570    360       0.237    863     83    210    223    121    404
   570    370       0.204    942     93    164    254     94    330
   570    380       0.175    898     65    187    209     90    310
   570    390       0.151    892     57    196    198     90    306
   570    400       0.132    864     52    171    181     67    302
   580    140      21.200    164     63     45    291     45     32
   580    150      15.260    196     93     54    316     46     30
   580    160      11.450    262     91     65    325     60     37
   580    170       8.642    254     79     67    353     83     61
   580    180       6.588    295     86     69    364     97     76
   580    190       5.171    352    119     76    375    102     85
   580    200       4.080    359     97     72    381    107     91
   580    210       3.279    401     87     84    388    120    125
   580    220       2.626    466    100     86    412    141    120
   580    230       2.112    511     92    107    388    181    203
   580    240       1.739    502    116    132    332    139    206
   580    250       1.414    531    100    139    341    152    217
   580    260       1.198    568    102    146    306    160    217
   580    270       0.989    584    105    148    325    157    270
   580    280       0.827    658    102    155    334    139    251
   580    290       0.705    700     86    194    334    149    291
   580    300       0.593    739     69    156    304    143    295
   580    310       0.500    767     92    209    284    137    270
   580    320       0.431    797     78    186    307    122    327
   580    330       0.365    882     94    223    331    102    336
   580    340       0.312    813     86    226    291    129    317
   580    350       0.267    869     79    190    283    115    380
   580    360       0.230    833     79    231    252    108    297
   580    370       0.200    859     85    193    242     97    331
   580    380       0.171    871     69    207    211     81    337
   580    390       0.148    873     44    202    203     79    322
   580    400       0.130    886     57    185    178     70    320
   590    140      20.940    162     77     47    298     49     26
   590    150      15.270    220     70     47    315     50     41
   590    160      11.200    234     89     44    346     74     43
   590    170       8.494    257     99     66    396     91     52
   590    180       6.541    282     97     78    333    100     72
   590    190       5.141    318     97     69    365    103     92
   590    200       4.000    373     97     68    418    127     72
   590    210       3.206    357    100    110    386    107    101
   590    220       2.579    375    106     97    374    129    137
   590    230       2.097    454    102     87    377    144    146
   590    240       1.719    463    104    123    342    129    187
   590    250       1.404    464    112    133    353    160    213
   590    260       1.172    550     85    137    369    150    211
   590    270       0.976    552    110    149    316    125    265
   590    280       0.821    566     97    165    295    144    244
   590    290       0.695    657     71    149    320    139    299
   590    300       0.579    735     82    191    308    128    300
   590    310       0.491    752     65    184    298    144    301
   590    320       0.421    750     65    182    285    130    318
   590    330       0.360    891     91    223    312    114    313
   590    340       0.306    903     76    216    317    116    357
   590    350       0.266    894     74    193    259     97    342
   590    360       0.228    871     60    236    276     98    364
   590    370       0.195    880     75    217    249    105    333
   590    380       0.169    895     78    203    224    106    347
   590    390       0.148    839     67    200    200     84    340
   590    400       0.127    863     62    176    203     90    318
   600    140      20.550    161     74     37    274     47     22
   600    150      14.980    200     57     39    319     51     39
   600    160      11.110    217     97     58    340     60     43
   600    170       8.379    259     77     65    352     81     61
   600    180       6.402    273     90     73    330     91     68
   600    190       5.039    315    117     59    353    101     73
   600    200       4.005    356    110     87    346    104    104
   600    210       3.172    405     96     89    361    103    107
   600    220       2.545    426     95    100    382    117    134
   600    230       2.066    444    102    102    354    130    131
   600    240       1.680    502    107    132    351    151    205
   600    250       1.372    455     81    148    304    150    210
   600    260       1.140    540     86    148    307    146    242
   600    270       0.960    544     99    156    300    129    217
   600    280       0.809    581     95    163    335    116    267
   600    290       0.668    638     88    162    316    149    243
   600    300       0.572    643     90    152    285    119    285
   600    310       0.487    741     86    183    320    145    307
   600    320       0.409    774     85    188    266    120    304
   600    330       0.357    792     91    217    297    130    327
   600    340       0.302    888     92    229    283    108    345
   600    350       0.262    778     94    214    280    115    328
   600    360       0.225    883     84    204    255    122    310
   600    370       0.191    837     66    197    230    111    343
   600    380       0.167    833     63    212    236     97    341
   600    390       0.145    837     66    184    226     80    330
   600    400       0.125    801     50    195    188     88    334
