m0_binning   50  10  500  10
m12_binning  26  100  350  10
NscanPoints  1300
    m0    m12      Xsec     nsel    n_a    n_d     sb     slsb     slsig
    10    100    9785.000      1      0      0      1      0      0
    10    110    3860.000      3      0      1      2      0      0
    10    120     319.800     31      7      4     39     20      9
    10    130     171.400     43     12      8     35     12     10
    10    140     111.800     57     13     11     72     21     15
    10    150      75.470     80     17     10     61     23     14
    10    160      53.870     97     15     16     69     29     25
    10    170      39.470    108     19     23     95     32     34
    10    180      28.960    126     13     25     83     24     37
    10    190      21.550    161     17     19     97     22     50
    10    200      16.460    174     16     24     84     35     64
    10    210      12.640    195     12     30     88     43     68
    10    220       9.721    200     19     22     79     27     84
    10    230       7.662    244     17     27     79     47     99
    10    240       6.151    208     11     24     62     35    113
    10    250       4.864    253     17     24     68     38    112
    10    260       3.907    242     15     23     91     39    124
    10    270       3.141    251     12     36     81     40    149
    10    280       2.541    259      8     28     60     34    146
    10    290       2.098    258     15     26     57     40    139
    10    300       1.719    308      8     39     64     44    165
    10    310       1.400    243     13     44     56     35    169
    10    320       1.180    284     11     42     64     51    155
    10    330       0.975    274      6     39     47     37    166
    10    340       0.818    268     11     32     41     24    189
    10    350       0.688    246      9     37     30     44    149
    20    100    9618.000      1      1      0      4      0      0
    20    110    3821.000      3      1      0     11      1      0
    20    120     311.200     28      4      3     43     16      6
    20    130     168.300     55     14      9     54     17     14
    20    140     110.100     58      9     15     64     23     13
    20    150      74.600     80      9     14     72     25     16
    20    160      54.350     98     20     25     82     31     29
    20    170      38.970    105     13     12     91     33     37
    20    180      28.590    137     21     15     69     17     39
    20    190      21.620    184     20     18     89     25     50
    20    200      16.400    175     12     23    114     43     46
    20    210      12.610    218     18     24     64     26     85
    20    220       9.831    217     17     37     77     23     78
    20    230       7.647    212     17     30     80     37     94
    20    240       6.056    211     14     27     78     43    119
    20    250       4.842    241     18     26     80     28    118
    20    260       3.882    235     26     25     56     45    110
    20    270       3.116    257     17     31     54     37    139
    20    280       2.528    266     20     27     76     43    149
    20    290       2.073    221     13     25     50     47    147
    20    300       1.708    276     14     40     69     47    172
    20    310       1.389    263      8     38     66     38    175
    20    320       1.173    262     13     31     54     40    150
    20    330       0.964    263     12     42     44     49    160
    20    340       0.819    286     10     33     44     41    184
    20    350       0.690    301     10     34     40     39    176
    30    100    9373.000      1      0      0      3      1      0
    30    110    3743.000      1      0      0      5      1      2
    30    120     309.200     32      7      5     43     14      3
    30    130     167.200     51     11     11     49     30     14
    30    140     109.300     50     20     11     56     32     21
    30    150      74.510     64     18     15     64     28     25
    30    160      53.330     94     15     16     77     38     22
    30    170      38.860    123      4     22     70     34     54
    30    180      28.830    132     17     23     88     26     27
    30    190      21.550    137     17     20     88     28     47
    30    200      16.280    191     17     22    104     25     54
    30    210      12.500    174     14     19     91     24     56
    30    220       9.794    231     13     29     98     32     86
    30    230       7.708    230     13     31     84     35     75
    30    240       6.046    228     19     32     67     35    107
    30    250       4.817    259      8     41     61     45    114
    30    260       3.854    244     14     34     60     42    133
    30    270       3.104    226     12     26     79     41    127
    30    280       2.529    265     16     36     72     41    129
    30    290       2.056    256     11     36     48     46    170
    30    300       1.698    304      9     38     52     41    149
    30    310       1.395    275     11     31     64     30    159
    30    320       1.166    292     12     34     64     35    163
    30    330       0.975    272     10     26     67     39    163
    30    340       0.817    265      9     38     48     32    180
    30    350       0.687    245     13     32     30     43    173
    40    100    9340.000      5      0      0      1      2      0
    40    110    3652.000      4      2      1      2      0      1
    40    120     306.400     33      3      9     36     11      4
    40    130     164.900     43      8      6     57     18     23
    40    140     107.100     57     14      6     73     33     20
    40    150      73.830     60     14     15     70     26     22
    40    160      52.330     95     11     11     66     32     22
    40    170      38.530    105     22     22     83     27     29
    40    180      28.480    121      9     29     93     34     36
    40    190      21.190    151     22     18     79     25     38
    40    200      16.260    202     15     21     86     34     51
    40    210      12.500    211     11     28     71     22     74
    40    220       9.642    206     28     35     76     28     64
    40    230       7.556    222     19     31     90     36     72
    40    240       6.006    222     17     13     84     31     88
    40    250       4.812    266     15     29     82     48    130
    40    260       3.802    287     15     38     76     31    117
    40    270       3.093    264     14     34     67     35    130
    40    280       2.496    259     16     34     68     46    115
    40    290       2.075    275     17     35     59     29    127
    40    300       1.683    293     11     39     54     36    178
    40    310       1.383    280     18     41     49     38    165
    40    320       1.146    301     11     46     71     52    179
    40    330       0.956    273     13     43     56     39    153
    40    340       0.803    283     13     28     55     31    180
    40    350       0.676    280     12     50     53     42    153
    50    100    9202.000      1      1      0      1      1      0
    50    110    3557.000      3      0      0      3      0      1
    50    120     295.200     35     11      8     48      8     10
    50    130     162.600     34     10      5     66     26     14
    50    140     106.000     66     11     12     55     27     21
    50    150      72.510     69     16     16     85     25     36
    50    160      52.230     83     23     14     83     20     38
    50    170      37.990     95     12     15     90     32     33
    50    180      28.190    122     23     27     88     34     30
    50    190      20.880    147     15     25     85     32     58
    50    200      15.960    169      8     21     76     33     53
    50    210      12.300    171     23     30     95     41     58
    50    220       9.520    221     22     25     87     40     62
    50    230       7.523    265     12     40     98     52     67
    50    240       5.970    239     15     26     87     40    106
    50    250       4.770    266     16     35     83     37    110
    50    260       3.783    261     11     32     85     39    101
    50    270       3.074    273      9     33    101     28    118
    50    280       2.500    278     18     33     70     26    134
    50    290       2.026    272     14     39     63     42    130
    50    300       1.678    301     19     40     71     44    155
    50    310       1.365    314     17     46     66     37    155
    50    320       1.142    310      8     38     60     33    148
    50    330       0.957    302     12     35     44     41    171
    50    340       0.800    275     12     45     51     37    166
    50    350       0.667    287     13     40     44     36    178
    60    100    9043.000      0      1      0      1      0      0
    60    110    3430.000      7      0      0      3      0      0
    60    120     292.200     43      4      8     40     10      4
    60    130     161.800     52     11     12     68     18     18
    60    140     102.900     69     19     21     62     19     23
    60    150      71.510     80     15     13     76     30     20
    60    160      50.920     97     14      5     70     35     33
    60    170      37.740    104     18     19     85     34     36
    60    180      27.860    113     23     17     85     33     46
    60    190      20.950    146      9     18     85     29     62
    60    200      15.760    163     13     24     90     36     41
    60    210      12.090    204     22     26    105     29     60
    60    220       9.651    179     16     33     91     37     63
    60    230       7.458    224     14     36     89     46     80
    60    240       5.843    253     21     29    100     22     76
    60    250       4.654    302     10     44     86     28     82
    60    260       3.748    255     18     30     80     35    104
    60    270       3.036    268     21     36     79     39    102
    60    280       2.457    294     22     34     87     31    129
    60    290       2.001    278     10     37     76     47    125
    60    300       1.663    323     15     46     91     30    133
    60    310       1.372    330     17     44     76     34    129
    60    320       1.135    354     14     50     74     43    148
    60    330       0.949    317     10     44     64     43    172
    60    340       0.795    311      9     50     52     30    162
    60    350       0.672    288     15     42     45     44    168
    70    100    8951.000      0      2      1      4      0      0
    70    110    3300.000      4      0      1      5      1      1
    70    120     279.400     35      7      8     53     14      4
    70    130     156.900     59     17     18     60     24     12
    70    140     101.600     82     12     11     64     24     18
    70    150      70.680     70     14     17     82     36     19
    70    160      50.610     87     18     22     94     30     31
    70    170      36.870    100     13     23     76     37     51
    70    180      27.240    146     17     22     93     43     45
    70    190      20.350    128     12     23     98     39     43
    70    200      15.660    172     18     25     90     37     54
    70    210      11.990    202     15     34    101     34     63
    70    220       9.381    216     17     21     98     33     66
    70    230       7.340    241     21     29     93     35     80
    70    240       5.890    224     17     36    101     39     87
    70    250       4.587    241      9     39     84     26     91
    70    260       3.690    292     14     40    101     28     99
    70    270       2.950    287     15     43     90     36    116
    70    280       2.468    297     26     41     94     33    102
    70    290       1.969    278     17     50     65     38    116
    70    300       1.645    375     24     44    113     42    114
    70    310       1.359    376     22     54     98     38    156
    70    320       1.116    361     17     50     98     36    131
    70    330       0.939    349     17     67     55     30    178
    70    340       0.779    319     20     55     54     23    148
    70    350       0.661    321     19     34     52     36    179
    80    100    8796.000      2      0      1      3      2      0
    80    110    3135.000      3      3      2      5      0      1
    80    120     270.300     42      9      8     45      9      8
    80    130     152.100     62     14     10     66     31     15
    80    140     100.000     75     17     12     70     27     16
    80    150      68.570     81     20     16     81     29     23
    80    160      49.280    118     19     22     87     44     21
    80    170      36.540    129     16     25     96     40     37
    80    180      26.600    138     18     22     83     44     58
    80    190      20.140    128     16     17     93     35     70
    80    200      15.360    157     19     22     79     43     59
    80    210      11.850    173     17     29     93     35     71
    80    220       9.228    216     21     33    106     31     57
    80    230       7.190    237     22     29     92     44     61
    80    240       5.725    209     11     33     97     38     75
    80    250       4.554    237     20     34     76     46     87
    80    260       3.669    264     24     40     81     51     86
    80    270       2.935    287     23     52     84     39    101
    80    280       2.414    315     21     60     96     25     91
    80    290       1.949    321     20     44     94     37    101
    80    300       1.601    394     27     61    103     48    126
    80    310       1.328    401     37     59    113     41    133
    80    320       1.112    411     25     71     89     40    147
    80    330       0.930    388     27     59     86     40    170
    80    340       0.779    355     13     66     77     42    168
    80    350       0.653    319     17     47     69     40    170
    90    100    8663.000      0      1      0      4      1      1
    90    110    2962.000      4      1      1      5      4      0
    90    120     260.400     38     12      6     35      8      6
    90    130     148.900     51     19     11     73     12     10
    90    140      97.930     75     20     20     75     23     20
    90    150      67.580     90     17     19     76     30     21
    90    160      48.330     97     18      9    103     29     25
    90    170      35.730    118     23     20    107     37     34
    90    180      26.480    132     25     25     94     43     48
    90    190      20.160    144     16     25     74     47     56
    90    200      15.130    178     21     19     86     56     55
    90    210      11.660    194     21     24     85     55     70
    90    220       9.205    220     20     27     77     37     68
    90    230       7.210    210     17     26     89     39     91
    90    240       5.613    235     21     36     91     34     90
    90    250       4.521    232     22     35    113     30     89
    90    260       3.624    270     20     39    101     36     87
    90    270       2.919    246     24     31     89     46     86
    90    280       2.378    268     26     37     94     53     95
    90    290       1.942    290     22     49    103     51    122
    90    300       1.592    391     37     62    145     46    121
    90    310       1.326    432     26     97    139     40     99
    90    320       1.090    443     36     74    109     34    124
    90    330       0.920    438     23     81    123     25    139
    90    340       0.758    410     23     76     93     35    165
    90    350       0.645    387     18     59     73     37    136
   100    100    8327.000      1      1      1      3      0      0
   100    110    2775.000      3      3      0     12      3      1
   100    120     251.800     38     16      8     60      7     10
   100    130     145.200     64     18     10     64     19     13
   100    140      95.300     84     20     10     88     26     15
   100    150      65.560     95     21     20     94     26     25
   100    160      47.310    110     18     16     97     39     38
   100    170      35.140    123     21     21    109     45     32
   100    180      25.790    165     25     19    114     35     51
   100    190      19.360    142     25     25     84     38     56
   100    200      14.950    179     17     26     87     44     90
   100    210      11.530    181     18     33    100     46     78
   100    220       8.785    221     19     36    105     41     81
   100    230       7.024    205     16     27    107     45     96
   100    240       5.541    217     21     30     84     40    106
   100    250       4.442    277     11     37     92     46     95
   100    260       3.568    258     20     36    103     43     94
   100    270       2.902    267     24     42    101     46     84
   100    280       2.325    260     22     46    107     41    122
   100    290       1.923    302     25     44     93     36    115
   100    300       1.562    409     38     73    135     52    144
   100    310       1.290    465     42    102    141     58    125
   100    320       1.091    466     40     91    137     31    113
   100    330       0.893    527     31     83    132     37    134
   100    340       0.749    481     32     84    118     28    140
   100    350       0.640    453     23     75     99     24    141
   110    100    8063.000      2      0      0      1      1      0
   110    110    2545.000      6      4      1      4      6      0
   110    120     242.700     40     14      8     71     13     10
   110    130     140.400     83     26     16     97     21      8
   110    140      91.750    103     16     18    102     18     23
   110    150      64.470     90     18     20    100     39     27
   110    160      45.960    143     19     27    118     27     30
   110    170      34.100    156     22     18    110     47     40
   110    180      25.070    179     24     16    111     32     43
   110    190      19.260    172     31     25     93     43     74
   110    200      14.610    197     24     31     90     45     66
   110    210      11.310    173     11     26     69     64     78
   110    220       8.895    224     15     33    109     36     93
   110    230       6.951    233     21     24     81     44     93
   110    240       5.435    228     25     42     81     38     94
   110    250       4.408    218     20     37    108     38     81
   110    260       3.531    253     19     36     88     50     91
   110    270       2.839    295     25     47    112     52     93
   110    280       2.313    282     23     38     90     53     95
   110    290       1.882    240     25     57    117     43    107
   110    300       1.560    460     46     95    163     48    124
   110    310       1.287    504     36    106    135     41    131
   110    320       1.064    469     45     95    144     40    138
   110    330       0.881    513     34     93    143     40    141
   110    340       0.741    461     45    103    141     37    121
   110    350       0.634    491     21     95    119     31    129
   120    100    7940.000      0      0      1      3      0      1
   120    110    2340.000      3      1      1      7      0      1
   120    120     231.200     47     19     18     76     21     11
   120    130     136.300     73     26     12     78     26     14
   120    140      89.710     94     21     14     84     27     17
   120    150      62.600    109     17     24    124     21     18
   120    160      45.020    166     23     24    100     30     30
   120    170      33.040    182     20     18     99     33     45
   120    180      24.940    171     34     21    127     41     37
   120    190      18.750    197     33     24    104     38     57
   120    200      14.400    212     23     31    116     33     61
   120    210      11.000    208     29     30    117     50     74
   120    220       8.572    270     31     38    129     50     78
   120    230       6.709    239     22     43     99     44    111
   120    240       5.390    273     20     37     88     46    117
   120    250       4.315    248     26     44     91     59     91
   120    260       3.433    259     19     32     84     40     94
   120    270       2.836    234     31     46    112     31    111
   120    280       2.285    260     23     46     91     52    112
   120    290       1.870    292     24     38     98     45     96
   120    300       1.533    451     45     85    155     40    136
   120    310       1.272    472     41    110    145     47    126
   120    320       1.045    459     34     87    148     38    123
   120    330       0.875    494     39    106    135     40    151
   120    340       0.734    536     48    106    138     42    113
   120    350       0.616    550     40    114    142     45    140
   130    100    7545.000      1      0      0      5      2      1
   130    110    2061.000      5      2      1     16      1      1
   130    120     222.900     53     19     18     89     18      5
   130    130     131.400    100     28     19    102     27     16
   130    140      87.570    110     24     21    115     25     20
   130    150      60.460    133     41     26    114     33     26
   130    160      44.430    155     27     25    116     38     26
   130    170      32.560    124     38     29    145     36     39
   130    180      24.330    204     35     33    110     47     41
   130    190      18.290    202     26     25    124     33     65
   130    200      14.030    218     28     32    113     39     65
   130    210      10.810    251     28     34    122     44     59
   130    220       8.504    246     26     33    141     53     81
   130    230       6.720    258     25     43    118     56     77
   130    240       5.306    279     19     26    106     76    129
   130    250       4.234    261     24     36     93     57    105
   130    260       3.420    249     15     40     97     61    103
   130    270       2.760    256     21     65    107     48    130
   130    280       2.235    259     23     36     96     41    131
   130    290       1.831    286     30     43    104     36    125
   130    300       1.516    448     53     89    151     66    137
   130    310       1.249    509     51    111    181     37    125
   130    320       1.030    552     63    112    159     41    150
   130    330       0.867    554     47    116    137     40    139
   130    340       0.721    508     49    120    115     44    135
   130    350       0.613    573     40     91    132     24    145
   140    100    7348.000      2      2      0      7      0      1
   140    110    1776.000      7      4      4     19      6      0
   140    120     210.600     69     32     12    101     27     11
   140    130     126.900     92     25     15    123     27     13
   140    140      84.650    151     28     24    128     29     28
   140    150      58.950    128     37     24    137     21     20
   140    160      43.090    151     37     31    130     39     32
   140    170      31.630    174     28     41    151     39     26
   140    180      23.760    194     32     23    147     25     43
   140    190      18.120    223     32     39    144     45     47
   140    200      13.750    226     27     34    128     53     55
   140    210      10.630    248     27     47    123     54     73
   140    220       8.274    278     32     29    118     63     82
   140    230       6.528    292     24     49    140     41     95
   140    240       5.155    285     38     54    151     58    102
   140    250       4.148    271     30     50    106     66    124
   140    260       3.344    287     26     53    109     56    117
   140    270       2.709    252     25     48    101     58    110
   140    280       2.218    298     18     61    119     42    120
   140    290       1.794    293     28     48    105     57    128
   140    300       1.503    520     38    105    167     56    107
   140    310       1.226    523     50    109    163     54    138
   140    320       1.029    574     39    110    143     55    149
   140    330       0.864    547     40    113    143     46    137
   140    340       0.720    585     46    115    141     51    149
   140    350       0.610    575     43    135    131     49    139
   150    100    6950.000      3      2      2      6      5      0
   150    110    1435.000     11      7      6     18      2      2
   150    120     205.400     66     33     22    139     27     10
   150    130     122.300     97     48     23    120     33     16
   150    140      82.430    122     30     30    134     27     13
   150    150      57.620    166     39     29    164     37     36
   150    160      41.470    178     41     34    170     41     33
   150    170      30.880    176     34     38    145     37     27
   150    180      23.250    209     32     34    144     51     47
   150    190      17.500    229     41     42    160     34     52
   150    200      13.490    226     40     33    132     45     57
   150    210      10.370    240     31     45    145     57     77
   150    220       8.142    292     40     58    143     54     68
   150    230       6.437    307     42     51    130     56     83
   150    240       5.146    283     38     60    153     45    100
   150    250       4.101    332     41     58    161     61     85
   150    260       3.288    243     22     41     83     60    126
   150    270       2.668    304     33     49    113     58    129
   150    280       2.171    315     27     54     97     58    138
   150    290       1.783    324     32     41    103     48    117
   150    300       1.474    534     58    130    194     67    129
   150    310       1.211    541     54    137    196     56    146
   150    320       1.016    593     43    124    187     39    135
   150    330       0.838    556     44    116    164     44    132
   150    340       0.700    576     50    113    185     38    150
   150    350       0.594    593     47    128    144     40    136
   160    100    6605.000      4      2      1      4      0      0
   160    110    1047.000     18      8      5     33      4      3
   160    120     194.900     84     32     17    130     29      9
   160    130     117.900    122     50     31    153     27     22
   160    140      78.900    125     39     26    173     33     30
   160    150      55.650    152     43     46    179     40     29
   160    160      39.830    167     44     34    179     37     36
   160    170      29.970    202     45     49    166     54     32
   160    180      22.220    220     43     41    154     48     43
   160    190      17.100    224     40     54    158     37     58
   160    200      13.050    224     37     39    136     43     56
   160    210      10.300    261     33     43    134     47     74
   160    220       8.025    284     30     48    141     66     70
   160    230       6.330    333     22     62    165     54     93
   160    240       5.034    347     27     62    160     52     94
   160    250       4.024    321     44     66    142     58     87
   160    260       3.260    365     34     69    153     56     92
   160    270       2.632    395     47     77    142     44    111
   160    280       2.121    341     38     57    130     62    141
   160    290       1.758    338     27     58    106     47    116
   160    300       1.455    545     54    114    197     52    132
   160    310       1.202    556     65    118    188     54    135
   160    320       0.991    545     50    135    171     52    142
   160    330       0.829    576     46    121    175     45    147
   160    340       0.697    597     51    149    166     39    144
   160    350       0.586    572     43    135    136     50    133
   170    100    6061.000      2      1      2      6      0      2
   170    110     723.000     22     11      5     38     11      5
   170    120     186.000     94     38     21    134     21     10
   170    130     113.700    129     60     38    172     25     16
   170    140      76.940    136     56     38    198     52     24
   170    150      53.690    183     60     41    195     45     29
   170    160      39.200    205     53     44    197     43     59
   170    170      29.050    218     43     50    166     44     37
   170    180      21.780    249     49     37    187     47     48
   170    190      16.820    247     45     50    159     49     51
   170    200      12.750    272     28     41    137     40     55
   170    210       9.982    271     36     60    191     47     62
   170    220       7.814    301     43     41    134     45     86
   170    230       6.196    322     41     58    179     47     81
   170    240       4.935    340     40     56    152     51     88
   170    250       3.947    328     47     70    152     53     97
   170    260       3.188    360     47     75    144     42     87
   170    270       2.589    408     46     73    135     48     78
   170    280       2.084    407     39     77    165     47    112
   170    290       1.711    428     41     92    122     51    104
   170    300       1.417    570     55    133    211     75    128
   170    310       1.183    601     54    160    189     47    150
   170    320       0.983    596     42    135    201     58    123
   170    330       0.813    625     53    149    192     44    157
   170    340       0.683    561     67    151    158     38    141
   170    350       0.571    623     40    141    180     46    147
   180    100    5553.000      1      1      4      6      1      3
   180    110     542.800     18     16      9     48     10      7
   180    120     175.900     83     47     17    144     31     22
   180    130     110.500    124     56     28    199     32     22
   180    140      73.640    148     57     40    208     55     21
   180    150      51.620    199     68     42    218     45     30
   180    160      38.050    217     50     51    220     42     33
   180    170      28.310    252     42     50    221     47     47
   180    180      21.080    272     52     48    181     47     38
   180    190      16.220    288     52     52    174     43     57
   180    200      12.420    289     44     57    168     41     58
   180    210       9.718    322     45     43    161     48     73
   180    220       7.529    333     38     76    160     53     82
   180    230       6.044    310     36     52    169     62     79
   180    240       4.791    362     46     68    150     42    117
   180    250       3.899    362     41     70    156     60    111
   180    260       3.103    395     39     77    157     36    101
   180    270       2.518    406     42     80    184     44     88
   180    280       2.065    441     40     92    137     48    104
   180    290       1.681    419     48     77    173     37    132
   180    300       1.380    612     82    146    216     58    129
   180    310       1.146    640     63    157    206     43    136
   180    320       0.956    644     54    149    187     54    163
   180    330       0.802    610     55    138    205     53    145
   180    340       0.677    632     41    135    155     53    157
   180    350       0.567    681     43    129    152     41    172
   190    100    4983.000      0      1      1      2      2      0
   190    110     443.300     43     23     17     77     11      8
   190    120     168.700     90     46     32    153     40     13
   190    130     105.500    130     55     47    188     46     15
   190    140      71.930    165     64     44    238     61     25
   190    150      50.400    193     61     36    248     62     38
   190    160      37.000    214     69     52    250     46     50
   190    170      27.320    296     49     42    237     57     57
   190    180      20.510    266     61     45    233     57     50
   190    190      16.020    304     51     65    217     60     63
   190    200      12.200    314     54     51    188     62     71
   190    210       9.446    299     41     61    173     51     71
   190    220       7.443    352     42     53    183     68     84
   190    230       5.866    365     33     56    178     62     80
   190    240       4.727    371     25     62    195     52     94
   190    250       3.772    376     44     79    179     52     84
   190    260       3.050    383     44     66    149     52    104
   190    270       2.469    460     51     82    155     49     97
   190    280       2.014    408     46     78    149     64    107
   190    290       1.646    436     46     85    157     39    111
   190    300       1.357    622     81    131    249     44    125
   190    310       1.121    658     64    135    210     46    136
   190    320       0.942    609     53    145    195     48    148
   190    330       0.787    654     50    131    203     47    166
   190    340       0.661    662     63    144    190     47    144
   190    350       0.561    640     42    140    168     54    157
   200    100    4427.000      1      2      0      4      1      0
   200    110     378.000     41     28     18     93     18      6
   200    120     161.700     92     47     32    151     25     22
   200    130     100.600    122     62     28    201     36     22
   200    140      69.070    173     57     53    224     46     23
   200    150      48.700    191     61     54    267     51     41
   200    160      35.580    253     69     61    286     70     56
   200    170      26.640    285     63     63    253     59     46
   200    180      19.970    327     59     47    247     47     68
   200    190      15.440    304     61     51    219     56     70
   200    200      11.820    328     44     64    189     62     79
   200    210       9.253    356     51     50    200     50     74
   200    220       7.306    374     49     59    187     54     86
   200    230       5.768    387     42     68    178     61     92
   200    240       4.592    394     49     73    188     47    117
   200    250       3.752    375     44     80    170     55     96
   200    260       3.007    381     59     69    170     56    110
   200    270       2.412    419     50     86    149     48    110
   200    280       1.973    411     43     78    168     48    104
   200    290       1.633    439     39     85    149     53    112
   200    300       1.335    583     61    142    218     53    149
   200    310       1.103    659     74    158    195     62    138
   200    320       0.925    668     55    140    216     55    176
   200    330       0.780    653     54    154    192     55    148
   200    340       0.656    699     52    136    164     45    165
   200    350       0.545    662     46    147    184     40    167
   210    100    3984.000      2      0      0      2      0      0
   210    110     340.400     20     16      4     37      5      0
   210    120     154.100     90     51     29    178     33     12
   210    130      97.190    123     66     34    196     54     15
   210    140      66.670    192     65     52    261     63     31
   210    150      46.820    231     76     49    271     54     31
   210    160      34.390    262     69     50    260     53     53
   210    170      25.870    320    103     62    277     43     60
   210    180      19.580    283     62     69    245     75     80
   210    190      14.940    361     64     61    236     65     73
   210    200      11.510    358     57     66    205     63     84
   210    210       9.061    359     41     69    218     67     81
   210    220       7.101    377     57     64    221     49    107
   210    230       5.643    371     63     77    183     69     92
   210    240       4.491    395     49     81    207     52     94
   210    250       3.608    375     57     87    203     49    116
   210    260       2.935    380     58     80    200     69    120
   210    270       2.357    433     51     97    144     60    123
   210    280       1.970    467     43     82    170     40    117
   210    290       1.591    452     40     91    162     49    107
   210    300       1.302    638     58    144    209     48    146
   210    310       1.105    620     81    142    194     68    130
   210    320       0.914    654     64    129    194     43    148
   210    330       0.762    649     55    149    212     44    135
   210    340       0.640    700     57    140    202     55    159
   210    350       0.542    660     42    153    153     52    180
   220    100    3683.000      0      2      1      4      0      1
   220    110     308.800     17     14      4     34     14      1
   220    120     146.900    110     74     29    190     19     21
   220    130      93.330    123     64     53    211     34     20
   220    140      63.560    170     87     45    280     52     42
   220    150      45.210    234     97     52    281     50     47
   220    160      33.660    251     80     57    271     75     34
   220    170      24.880    303     94     75    309     70     68
   220    180      18.810    325     76     73    286     60     67
   220    190      14.490    395     66     62    264     58     80
   220    200      11.250    384     74     74    251     69     71
   220    210       8.676    408     61     87    206     64    102
   220    220       6.959    395     58     72    196     74    114
   220    230       5.509    428     67     87    181     64     95
   220    240       4.434    443     53     74    195     51    117
   220    250       3.555    411     57     95    183     52    113
   220    260       2.866    460     53     74    191     51    119
   220    270       2.341    438     59    102    198     60    106
   220    280       1.899    431     60     85    159     57    112
   220    290       1.557    407     34     84    163     66    128
   220    300       1.313    627     62    146    265     66    140
   220    310       1.083    665     61    151    230     69    178
   220    320       0.902    687     62    166    219     62    162
   220    330       0.748    672     62    143    199     53    167
   220    340       0.636    725     61    151    216     41    172
   220    350       0.529    686     42    166    159     52    138
   230    100    3401.000      1      0      1      0      1      0
   230    110     279.300     15     10      7     33      5      2
   230    120     140.400     38     25     17     96     11      6
   230    130      89.670    145     84     32    236     40     25
   230    140      61.230    176     86     56    250     54     39
   230    150      43.540    215     83     52    304     61     56
   230    160      32.570    250     81     65    292     60     38
   230    170      23.970    298     78     73    313     67     63
   230    180      18.300    341    103     67    307     92     78
   230    190      14.090    359     79     77    314     83     84
   230    200      10.910    401     71     80    274     84     96
   230    210       8.562    391     69     74    222     57    104
   230    220       6.795    458     74     88    228     56    101
   230    230       5.377    409     55     93    253     62     98
   230    240       4.323    445     51     80    211     59    123
   230    250       3.428    377     80     81    218     64    109
   230    260       2.836    449     61     80    187     62    126
   230    270       2.281    441     54     90    204     49    129
   230    280       1.870    439     49     98    156     64    122
   230    290       1.532    446     34    100    159     53    119
   230    300       1.289    637     68    161    223     48    165
   230    310       1.054    640     54    150    217     62    178
   230    320       0.874    674     53    137    212     50    166
   230    330       0.743    652     54    132    195     45    156
   230    340       0.617    692     48    151    199     40    162
   230    350       0.524    718     45    144    182     54    164
   240    100    3151.000      2      0      0      2      1      0
   240    110     259.100     17     14      6     42      6      2
   240    120     134.300     43     27     20     73     21      7
   240    130      85.560    129     78     31    254     60     29
   240    140      58.860    170     81     61    251     53     37
   240    150      42.800    173     72     55    289     77     48
   240    160      31.230    288     95     74    303     67     36
   240    170      22.930    307     73     62    317     88     72
   240    180      17.590    356     85     77    285     83     73
   240    190      13.540    401     68    100    310     97     76
   240    200      10.660    400     77     96    266     71    104
   240    210       8.397    463     67     80    266     66    109
   240    220       6.608    433     76     88    235     70    112
   240    230       5.207    470     60     92    252     77    106
   240    240       4.132    478     52     85    225     79    146
   240    250       3.395    450     70    122    216     65    100
   240    260       2.742    453     67    103    202     71    137
   240    270       2.237    458     61    100    198     70    116
   240    280       1.836    471     48    115    162     64    137
   240    290       1.515    478     49     95    131     51    149
   240    300       1.247    656     54    171    229     72    149
   240    310       1.039    669     54    149    229     55    185
   240    320       0.865    694     60    156    205     48    205
   240    330       0.719    664     54    137    210     55    179
   240    340       0.605    705     55    156    172     47    175
   240    350       0.518    690     49    157    180     61    156
   250    100    2834.000      2      2      1      0      1      0
   250    110     239.900     18     17      2     46      8      1
   250    120     127.300     53     26     16     80     15      7
   250    130      82.990     58     51     28    124     19      6
   250    140      57.000    174     94     48    271     78     32
   250    150      40.720    220     84     51    261     74     49
   250    160      29.760    261     99     69    317     67     59
   250    170      22.660    307     98     79    330     73     56
   250    180      17.120    389     76     74    307     71     76
   250    190      13.150    432     93     89    339     68     81
   250    200      10.340    436     71     83    300     79     99
   250    210       8.087    489     77     92    293     73    116
   250    220       6.492    477     76     87    292     77    127
   250    230       5.079    456     64    104    255     64    137
   250    240       4.087    496     70     90    236     71    132
   250    250       3.325    491     54    101    222     66    114
   250    260       2.688    507     53     93    193     71    144
   250    270       2.218    478     48     82    183     64    144
   250    280       1.795    461     52     93    170     50    142
   250    290       1.487    508     41     81    162     63    145
   250    300       1.228    683     78    176    235     75    165
   250    310       1.014    656     70    155    230     56    186
   250    320       0.852    679     58    173    203     62    172
   250    330       0.706    707     54    153    195     51    172
   250    340       0.592    696     56    160    185     43    210
   250    350       0.505    676     43    159    163     47    177
   260    100    2539.000      3      2      0      5      0      0
   260    110     224.500     18     14      9     37      7      0
   260    120     121.900     37     41     12     77     17      8
   260    130      79.580     60     44     16    142     18     10
   260    140      54.650    161    107     60    293     74     43
   260    150      39.220    222     93     65    336     76     55
   260    160      29.260    263     88     68    318     95     55
   260    170      21.620    308     79     70    371     78     71
   260    180      16.660    341     90     59    384     73     80
   260    190      12.680    416    105     84    310     67     95
   260    200       9.927    431     84    111    327     87    104
   260    210       7.862    471     87    103    318     81    112
   260    220       6.204    485     93    105    277     74    118
   260    230       4.927    493     72    118    250     84    147
   260    240       4.009    514     65     93    246    103    140
   260    250       3.216    500     68    102    199     93    138
   260    260       2.626    518     70     92    198     83    156
   260    270       2.157    489     61    100    183     68    143
   260    280       1.739    457     52    104    198     67    144
   260    290       1.446    523     49    123    168     68    150
   260    300       1.196    660     56    133    230     73    173
   260    310       0.991    679     58    156    203     63    177
   260    320       0.841    672     68    162    226     52    168
   260    330       0.695    695     43    169    208     54    184
   260    340       0.588    680     52    158    176     59    183
   260    350       0.495    697     53    149    190     52    168
   270    100    2253.000      3      3      0      8      0      1
   270    110     210.400     21     12      7     34     11      3
   270    120     117.000     30     39     12     81      8      5
   270    130      76.070     46     37     19    135     22      7
   270    140      53.110     92     51     20    174     24     18
   270    150      37.920    231     93     65    318     58     46
   270    160      28.040    264     90     79    356     78     64
   270    170      21.130    328     80     84    327     93     72
   270    180      16.050    371     82    100    360     96     91
   270    190      12.210    402     91    105    327     86     99
   270    200       9.653    445     82    101    325     85    118
   270    210       7.579    479     73    100    283     85    111
   270    220       6.093    495     79     92    312     81    136
   270    230       4.859    498     78     98    294     84    140
   270    240       3.918    545     79    114    257     72    136
   270    250       3.155    516     82    122    227     85    150
   270    260       2.568    526     77    107    188     77    146
   270    270       2.113    531     72    113    211     64    170
   270    280       1.710    516     47    100    163     47    158
   270    290       1.423    464     45    102    212     45    177
   270    300       1.166    652     70    182    241     66    180
   270    310       0.978    655     77    169    194     72    174
   270    320       0.823    734     70    147    206     54    185
   270    330       0.679    695     65    169    195     66    188
   270    340       0.577    690     47    161    190     53    177
   270    350       0.484    687     49    173    185     46    164
   280    100    1983.000      1      7      0      9      1      0
   280    110     197.000     31     12      7     34      6      3
   280    120     111.500     30     22     12     92     22      5
   280    130      72.710     69     41     15    136     27     13
   280    140      51.050     91     52     28    200     18     15
   280    150      36.530    242    109     70    368     92     55
   280    160      26.880    265    113     76    351     86     62
   280    170      20.420    318     97     88    349     89     85
   280    180      15.450    350     86     87    364     82     80
   280    190      12.000    412     95    108    341     71    113
   280    200       9.345    421     76     99    325     88    107
   280    210       7.353    491     71    105    309     87    138
   280    220       5.940    500     84    119    275     90    147
   280    230       4.717    544     81    119    275    102    162
   280    240       3.809    541     66    109    273     80    181
   280    250       3.052    516     62    103    255     85    161
   280    260       2.502    559     64    110    224     66    174
   280    270       2.039    485     70    112    199     66    176
   280    280       1.678    530     48    103    173     58    183
   280    290       1.376    488     48     82    157     66    153
   280    300       1.150    720     70    152    200     75    179
   280    310       0.953    733     73    164    219     58    200
   280    320       0.794    677     73    161    230     57    187
   280    330       0.662    651     68    161    232     55    197
   280    340       0.565    701     50    156    211     55    193
   280    350       0.478    706     48    158    200     49    180
   290    100    1664.000      2      4      2      7      0      0
   290    110     185.300     19      6      4     45      6      4
   290    120     107.000     29     24     17     94     14     12
   290    130      70.720     59     47     16    125     28      8
   290    140      49.180     82     44     29    149     30     10
   290    150      35.530    113     68     36    236     34     17
   290    160      25.950    241    102     77    362    113     83
   290    170      19.660    314    103     78    366     95     87
   290    180      15.130    360     96     95    410    118     81
   290    190      11.580    408     86    114    340     87    118
   290    200       9.091    454     94    123    374     83    134
   290    210       7.139    526     88    113    319    106    130
   290    220       5.757    497     83    127    285    105    162
   290    230       4.588    540     73    112    298     90    161
   290    240       3.724    545     78    100    275    105    190
   290    250       3.020    504     70     94    235     82    195
   290    260       2.444    559     82    114    233     83    177
   290    270       1.989    512     53    105    221     92    189
   290    280       1.630    511     43    115    192     70    182
   290    290       1.359    547     50    108    158     79    179
   290    300       1.120    727     65    169    252     63    190
   290    310       0.929    721     66    177    227     65    199
   290    320       0.776    723     52    159    216     63    212
   290    330       0.654    706     70    179    212     59    206
   290    340       0.548    690     55    167    176     43    205
   290    350       0.468    760     44    171    202     52    180
   300    100    1343.000      2      6      0     16      0      0
   300    110     173.400     23     10      7     37     13      3
   300    120     102.700     29     28     15     75     12      3
   300    130      67.840     63     36     19    141     22     10
   300    140      47.080     91     45     33    147     24     12
   300    150      34.300    129     54     34    207     36     26
   300    160      25.050    263     96     68    380     83     68
   300    170      19.090    299    122     96    396     98     84
   300    180      14.370    355    106     92    357    102    103
   300    190      11.170    400     84    129    349     99    107
   300    200       8.777    443    110    105    329    116    120
   300    210       6.931    475     85    105    344    104    130
   300    220       5.502    570     88    108    325     97    121
   300    230       4.425    529     80    100    320     87    135
   300    240       3.625    526     89    117    290     93    188
   300    250       2.935    573     82    124    251    101    177
   300    260       2.361    543     88    121    257     91    179
   300    270       1.960    562     71    122    223     92    203
   300    280       1.611    517     55    141    232     67    197
   300    290       1.330    684     78    147    257     59    206
   300    300       1.103    720     71    164    242     86    203
   300    310       0.921    751     67    163    212     59    208
   300    320       0.761    726     64    145    218     68    219
   300    330       0.642    714     62    177    199     60    208
   300    340       0.547    701     69    170    198     59    201
   300    350       0.458    697     55    146    167     54    210
   310    100     989.800      3      6      0     14      2      0
   310    110     165.000     22     23     15     65     14      1
   310    120      98.210     40     27     14     72     11      8
   310    130      64.510     65     46     14    125     26     10
   310    140      45.590     67     52     22    147     32      9
   310    150      32.850    130     53     39    174     37     26
   310    160      24.380    155     86     43    236     34     26
   310    170      18.210    313    111     84    388    114     86
   310    180      14.070    352     94     85    402    128     95
   310    190      10.830    424    109    111    357     96    120
   310    200       8.587    488    105    113    375     90    123
   310    210       6.736    528     97    121    339     88    138
   310    220       5.415    516     92    120    308     91    139
   310    230       4.298    565     78    132    298     78    155
   310    240       3.547    577     90    137    276    107    182
   310    250       2.848    537    110    143    265     86    174
   310    260       2.339    582     73    122    236    105    197
   310    270       1.904    554     59    126    242     75    199
   310    280       1.562    541     65    130    215     78    210
   310    290       1.297    681     89    148    239     80    210
   310    300       1.061    708     70    173    253     97    178
   310    310       0.904    677     72    173    235     82    208
   310    320       0.750    720     62    166    231     74    204
   310    330       0.629    672     61    150    213     55    221
   310    340       0.532    701     62    171    215     62    199
   310    350       0.453    742     51    148    191     63    218
   320    100     659.400      6      4      2     18      0      1
   320    110     154.900     19     26      7     65      6      6
   320    120      94.050     38     21      9     82     12     15
   320    130      62.320     69     43     12    139      8     11
   320    140      43.960     85     57     27    169     30     10
   320    150      31.800    120     64     34    202     31     23
   320    160      23.570    140     60     35    251     38     39
   320    170      17.790    227    130     78    360     63     50
   320    180      13.410    355    112     81    391    125    112
   320    190      10.430    397    115    117    371    118    144
   320    200       8.211    444    115    112    350    127    132
   320    210       6.530    499    105    132    393    121    153
   320    220       5.237    523     87    110    313     94    143
   320    230       4.241    552     80    128    320     99    154
   320    240       3.424    590     96    129    315    103    171
   320    250       2.794    547     83    126    280     84    180
   320    260       2.276    581     86    142    260     94    206
   320    270       1.871    556     72    128    219     85    196
   320    280       1.524    521     55    114    200     96    236
   320    290       1.261    694     84    152    281     87    217
   320    300       1.051    711     75    184    269     82    205
   320    310       0.876    729     58    168    237     91    222
   320    320       0.744    727     71    167    217     71    233
   320    330       0.624    709     58    198    194     66    175
   320    340       0.523    758     67    151    161     71    215
   320    350       0.445    739     40    159    177     55    220
   330    100     472.300      7      7      2     24      2      1
   330    110     151.300     23     23     10     60      5      3
   330    120      89.370     38     25     13     84     15      3
   330    130      60.700     59     37     20    119     28     13
   330    140      42.280     85     47     25    154     27     26
   330    150      30.770     96     57     39    194     30     17
   330    160      22.790    160     65     49    238     35     26
   330    170      17.300    213     77     38    251     54     35
   330    180      13.070    316    108     96    397    117    112
   330    190      10.190    434     99     98    409    119    131
   330    200       8.002    422    118    112    383    137    152
   330    210       6.397    513     91    134    368    108    146
   330    220       5.109    527    117    137    343     96    155
   330    230       4.117    536     80    126    319    117    169
   330    240       3.307    571     94    135    304    111    163
   330    250       2.698    512     86    140    263    114    199
   330    260       2.228    537     67    141    254     94    199
   330    270       1.814    573     77    122    270     99    210
   330    280       1.512    557     71    112    217     80    195
   330    290       1.236    707     83    189    246    100    240
   330    300       1.026    727     74    180    256     77    253
   330    310       0.863    746     73    173    243     76    233
   330    320       0.725    813     60    171    209     69    200
   330    330       0.604    763     73    177    203     82    233
   330    340       0.517    740     52    162    201     64    234
   330    350       0.438    767     37    147    162     47    208
   340    100     379.900     12     12      8     30      5      1
   340    110     142.000     27     33     10     91     11      2
   340    120      86.390     43     18      7     80     12      8
   340    130      58.300     52     28     19    116     24      8
   340    140      40.970     71     39     36    196     22     13
   340    150      29.350     80     66     40    231     20     22
   340    160      22.430    156     69     46    232     43     23
   340    170      16.580    180     65     47    275     64     45
   340    180      12.790    263     79     62    330     71     56
   340    190       9.753    381    109    122    422    122    134
   340    200       7.782    452    104    112    389    123    128
   340    210       6.218    494    100    117    363    139    148
   340    220       4.973    527    111    147    350    116    177
   340    230       3.940    585     93    146    319     91    172
   340    240       3.227    585     97    112    294     96    159
   340    250       2.615    565     94    141    272     93    176
   340    260       2.146    571     79    141    261    103    208
   340    270       1.792    562     63    129    222    102    218
   340    280       1.481    535     69    141    248     86    203
   340    290       1.199    733     98    167    276     99    250
   340    300       1.004    805     78    182    258     75    244
   340    310       0.847    737     67    168    243     75    262
   340    320       0.708    784     72    178    229     76    230
   340    330       0.593    711     66    158    220     68    244
   340    340       0.501    770     50    165    191     58    231
   340    350       0.426    757     45    147    192     52    233
   350    100     327.700     15      7      2     34      5      1
   350    110     135.700     25     19      5     90     13      6
   350    120      82.530     34     18      7     66     14      5
   350    130      55.660     66     45     25    127     20     15
   350    140      39.220     73     38     19    154     28     20
   350    150      28.820    115     62     18    183     39     24
   350    160      21.290    139     64     32    214     54     28
   350    170      16.120    167     94     33    267     38     41
   350    180      12.360    221     75     51    302     72     40
   350    190       9.518    412    123    108    427    136    138
   350    200       7.521    486     98    137    360    137    143
   350    210       5.965    520    122    116    334    122    131
   350    220       4.754    513     93    130    364    114    168
   350    230       3.867    534    114    133    317    105    179
   350    240       3.111    567    109    118    334    103    187
   350    250       2.546    573     85    152    280    138    186
   350    260       2.107    580     76    127    258    107    202
   350    270       1.738    585     51    130    226     93    233
   350    280       1.437    602     67    137    228     74    225
   350    290       1.195    738     80    175    264     95    257
   350    300       0.993    767     80    208    256     79    231
   350    310       0.825    752     75    167    251     84    257
   350    320       0.689    791     72    182    201     77    280
   350    330       0.588    767     49    171    214     89    240
   350    340       0.499    796     58    174    203     69    251
   350    350       0.421    760     43    150    179     69    216
   360    100     293.300      5     14      4     25      1      3
   360    110     129.600     26     31      6     81     11      3
   360    120      81.330     42     26     13     72     16      9
   360    130      53.920     51     41     15    120     23     12
   360    140      38.100     88     40     26    174     37     18
   360    150      27.760    105     45     32    188     43     20
   360    160      20.360    146     65     42    234     43     22
   360    170      15.620    171     72     51    253     55     41
   360    180      12.020    214     72     59    267     64     36
   360    190       9.316    282     81     55    279     57     69
   360    200       7.205    493     99    110    405    127    146
   360    210       5.777    471    132    129    370    111    147
   360    220       4.651    487     90    130    345    115    162
   360    230       3.701    567     81    144    353    112    171
   360    240       3.058    559    102    141    335    121    167
   360    250       2.507    557     77    150    330    123    219
   360    260       2.041    557     87    144    267     91    248
   360    270       1.683    602     64    134    248    119    240
   360    280       1.402    604     67    122    221     90    238
   360    290       1.146    756     77    179    274    107    245
   360    300       0.960    727     75    189    226    115    276
   360    310       0.810    779     84    172    250     85    243
   360    320       0.679    751     74    179    214     74    255
   360    330       0.573    745     69    185    216     67    247
   360    340       0.484    773     43    173    198     68    240
   360    350       0.412    767     58    167    180     68    245
   370    100     264.700     14     11      7     52      5      4
   370    110     123.800     37     17      7     81      6      8
   370    120      76.590     36     36     17    102     15      6
   370    130      52.250     65     22     23    112     20     11
   370    140      36.560    103     41     25    166     32     14
   370    150      26.660    117     56     28    185     28     25
   370    160      19.920    126     69     42    220     39     24
   370    170      15.070    170    103     48    248     56     34
   370    180      11.490    236     72     41    257     71     35
   370    190       9.059    267     75     70    307     71     67
   370    200       6.989    470    133    113    403    145    128
   370    210       5.595    478    105    101    379    153    162
   370    220       4.531    512    112    120    367    124    153
   370    230       3.661    533    101    143    358    122    187
   370    240       2.954    527    108    132    332    108    166
   370    250       2.413    611    100    132    296    122    205
   370    260       1.992    570     89    144    267    113    243
   370    270       1.637    590     70    136    268    101    243
   370    280       1.352    601     69    135    208     93    226
   370    290       1.138    734     94    177    286    124    270
   370    300       0.950    823     93    184    265     98    264
   370    310       0.784    748     74    171    231     78    253
   370    320       0.668    783     64    187    196     84    279
   370    330       0.556    773     51    196    199     70    249
   370    340       0.472    803     67    161    232     74    259
   370    350       0.404    752     51    183    197     66    247
   380    100     241.800     23     17      6     54      4      1
   380    110     120.200     33     30     17     79      9      6
   380    120      74.210     45     35     24    101      8      4
   380    130      49.880     88     28     19    119     16     16
   380    140      35.230     90     51     30    177     28     14
   380    150      25.810    118     56     30    185     43     17
   380    160      19.140    124     83     31    218     32     38
   380    170      14.550    154     81     38    228     43     28
   380    180      11.440    191     78     55    280     52     57
   380    190       8.692    237     84     69    279     82     47
   380    200       6.933    289     91     85    344     85     63
   380    210       5.495    523    112    131    404    137    152
   380    220       4.350    550    110    128    357    126    182
   380    230       3.541    525    105    103    333    137    186
   380    240       2.912    522    116    167    372    131    161
   380    250       2.382    549    111    148    296    123    209
   380    260       1.925    646    113    138    329    138    226
   380    270       1.591    667     75    133    308    108    247
   380    280       1.319    652     75    121    218    100    222
   380    290       1.106    733     86    162    285    107    266
   380    300       0.923    743     93    178    263    112    246
   380    310       0.777    803     78    174    239     97    266
   380    320       0.651    808     83    167    232     90    263
   380    330       0.552    778     67    163    210     86    276
   380    340       0.462    728     61    188    212     83    262
   380    350       0.396    745     53    180    173     64    233
   390    100     226.100     17     14      4     49      1      0
   390    110     114.800     25     33     13     79      8      1
   390    120      72.080     52     27     21    107     18      3
   390    130      48.640     50     43     17    117     18     19
   390    140      34.270     96     49     27    175     29     23
   390    150      24.900    121     60     26    208     43     24
   390    160      18.500    139     50     35    214     51     41
   390    170      14.260    171     60     47    242     64     46
   390    180      10.940    170     80     55    278     59     51
   390    190       8.514    255     69     61    280     68     60
   390    200       6.650    271     82     80    316     67     81
   390    210       5.289    501    128    124    452    144    149
   390    220       4.191    532     99    116    342    146    195
   390    230       3.415    534    116    144    367    121    188
   390    240       2.825    554    118    142    369    128    199
   390    250       2.286    601    111    147    344    101    209
   390    260       1.889    639    106    168    306    120    249
   390    270       1.560    658     62    164    253    126    258
   390    280       1.281    644     65    151    259    115    263
   390    290       1.074    772     99    207    314    101    286
   390    300       0.891    744     88    185    271     74    254
   390    310       0.754    769     89    180    254     81    307
   390    320       0.633    764     86    202    246     79    274
   390    330       0.536    752     69    188    197     70    260
   390    340       0.454    806     59    176    223     67    256
   390    350       0.386    719     60    159    190     57    271
   400    100     211.200     14      7     10     45      5      0
   400    110     110.000     27     31      6     79      8      2
   400    120      69.020     40     38     19    119     13      4
   400    130      47.020     65     39     21    146     35     11
   400    140      33.030     97     51     31    187     29     13
   400    150      23.960     94     53     38    206     43     18
   400    160      18.200    147     66     44    224     40     25
   400    170      13.760    152     68     46    253     56     24
   400    180      10.600    188     95     53    269     53     45
   400    190       8.221    233     73     51    241     64     56
   400    200       6.484    278     88     69    274     65     66
   400    210       5.251    356     87     86    325     85     80
   400    220       4.134    524    123    148    394    158    199
   400    230       3.357    540     87    152    375    108    189
   400    240       2.720    492    115    157    370    128    188
   400    250       2.238    578     98    167    328    136    200
   400    260       1.819    583     82    161    341    178    261
   400    270       1.506    605     85    140    269    131    278
   400    280       1.268    625     74    126    270    121    248
   400    290       1.057    757     85    185    276    135    245
   400    300       0.880    766     77    165    273     96    282
   400    310       0.736    809     78    177    262     80    295
   400    320       0.627    815     69    171    202     76    265
   400    330       0.522    779     76    167    208     88    303
   400    340       0.448    789     71    178    204     77    289
   400    350       0.382    811     64    187    195     69    277
   410    100     201.200     12      7      7     47      9      2
   410    110     105.700     26     29     10     80      5      4
   410    120      67.140     36     26     21    116     20      9
   410    130      45.330     80     34     15    132     19     20
   410    140      32.360     83     50     25    164     32     22
   410    150      23.250    119     48     38    184     38     26
   410    160      17.540    123     75     36    225     52     33
   410    170      13.420    169     59     43    234     52     35
   410    180      10.260    207     74     58    281     63     41
   410    190       8.023    204     86     48    293     57     62
   410    200       6.336    240     77     59    279     67     76
   410    210       5.069    331    105     74    313     74     83
   410    220       3.942    529    126    129    385    157    202
   410    230       3.214    532     93    162    380    135    184
   410    240       2.680    502    117    161    367    135    186
   410    250       2.196    546    117    174    326     92    210
   410    260       1.798    619     89    147    307    126    264
   410    270       1.490    614     74    147    259    131    290
   410    280       1.234    658     74    136    292    101    299
   410    290       1.022    794    106    203    278    129    308
   410    300       0.852    786     77    203    303    121    288
   410    310       0.712    742     84    185    242     80    289
   410    320       0.607    777     78    197    225     92    289
   410    330       0.510    763     67    168    225     66    293
   410    340       0.438    790     61    183    201     69    272
   410    350       0.371    782     49    172    172     60    288
   420    100     190.800     21     10      8     38      4      5
   420    110     102.100     31     28      6     82      8      1
   420    120      64.890     50     25     19    117     16      5
   420    130      43.850     74     29     27    140     23     15
   420    140      30.560     88     33     28    131     25     21
   420    150      22.520     94     57     28    181     32     25
   420    160      16.960    132     61     33    221     38     26
   420    170      12.910    153     63     41    225     50     26
   420    180       9.890    172     70     56    305     63     39
   420    190       7.766    231     88     69    267     50     45
   420    200       6.018    270    115     68    278     60     60
   420    210       4.796    303     88     68    273     78     89
   420    220       3.949    348     73    107    337     83     87
   420    230       3.141    586    122    143    383    136    223
   420    240       2.560    547     96    142    346    128    203
   420    250       2.111    525     93    147    335    112    238
   420    260       1.727    593     91    166    292    126    234
   420    270       1.450    563     88    167    305    139    299
   420    280       1.189    663     61    151    288    150    277
   420    290       1.008    829    102    207    326    150    305
   420    300       0.848    811     90    188    282    121    303
   420    310       0.713    847     77    188    294    106    309
   420    320       0.592    803     70    174    242     92    285
   420    330       0.507    791     64    181    223     88    287
   420    340       0.430    827     59    212    174     83    276
   420    350       0.362    776     60    173    188     70    283
   430    100     181.600     16     20      9     40      8      1
   430    110      98.840     34     23     15     77     10      4
   430    120      62.540     47     50     11    116     21      5
   430    130      42.460     55     47     17    153     13      4
   430    140      30.010    105     48     24    145     42     15
   430    150      21.730    117     49     25    190     38     35
   430    160      16.620    141     62     31    204     41     40
   430    170      12.360    156     51     56    219     34     44
   430    180       9.498    196     71     47    253     45     47
   430    190       7.501    216     65     59    293     61     63
   430    200       5.869    254     90     54    304     70     61
   430    210       4.736    299    109     66    284     85     83
   430    220       3.799    325     81     88    304     80     93
   430    230       3.116    421     99     94    324    105    123
   430    240       2.510    522    117    149    330    161    193
   430    250       2.042    593     90    183    287    141    222
   430    260       1.700    618    103    161    284    131    246
   430    270       1.406    599     85    159    307    146    282
   430    280       1.168    624     82    140    272    110    281
   430    290       0.979    804     94    195    323    129    328
   430    300       0.818    768     80    208    285    120    328
   430    310       0.686    803     81    199    252    128    321
   430    320       0.589    772     60    184    205     88    361
   430    330       0.497    820     60    189    199     83    309
   430    340       0.419    770     58    159    225     70    313
   430    350       0.357    722     50    209    213     84    292
   440    100     172.300     11     18      8     61     10      2
   440    110      96.320     31     24     16     89      4      5
   440    120      61.000     52     28     15    107     17      4
   440    130      40.830     61     43     29    162     12     13
   440    140      29.030    107     45     30    157     37     22
   440    150      21.200    118     42     29    152     44     30
   440    160      15.900    126     65     34    170     36     37
   440    170      12.020    178     65     44    225     48     32
   440    180       9.451    191     64     42    263     47     35
   440    190       7.280    219     65     61    300     68     53
   440    200       5.761    255     87     68    280     53     76
   440    210       4.553    317     76     58    276     65     91
   440    220       3.684    339    100     85    320     98     83
   440    230       2.997    383     75     92    286     90    116
   440    240       2.425    576    133    163    374    164    217
   440    250       2.021    582    121    147    355    133    223
   440    260       1.668    589     91    174    305    139    239
   440    270       1.384    618     94    136    295    155    271
   440    280       1.148    678     94    141    287    172    268
   440    290       0.953    802    106    223    330    145    317
   440    300       0.794    812     89    215    305    135    309
   440    310       0.669    847     74    180    246     99    342
   440    320       0.566    836     84    203    276     90    290
   440    330       0.482    847     59    184    210     89    340
   440    340       0.410    788     61    195    205     64    288
   440    350       0.356    789     60    160    202     65    291
   450    100     165.600     15     14      6     37      7      2
   450    110      92.720     32     26     10     82     10      7
   450    120      58.810     43     30      7     92     16     10
   450    130      39.420     71     48     20    163     16     12
   450    140      28.180     89     40     34    199     32     16
   450    150      20.880    116     54     33    191     37     24
   450    160      15.470    143     47     30    207     46     22
   450    170      11.720    161     79     37    239     50     39
   450    180       9.107    217     79     51    250     47     44
   450    190       7.183    189     90     61    289     50     51
   450    200       5.613    248     57     53    277     90     59
   450    210       4.497    277     63     56    315     75     78
   450    220       3.618    342     90     77    284     94     94
   450    230       2.929    389     90     89    280     92    108
   450    240       2.402    399     99     96    309    112    116
   450    250       1.944    553    127    161    333    127    182
   450    260       1.618    608     90    144    298    124    238
   450    270       1.350    606     93    170    311    152    308
   450    280       1.115    649     79    141    279    156    324
   450    290       0.936    796     82    187    331    163    336
   450    300       0.785    803     84    205    302    146    330
   450    310       0.655    793     83    181    273    119    338
   450    320       0.563    818     75    209    254    119    338
   450    330       0.474    846     53    189    224     86    311
   450    340       0.401    772     66    188    204     80    305
   450    350       0.344    837     58    189    195     90    266
   460    100     158.400     21     23     11     44      3      1
   460    110      89.120     28     30      6     81      9      4
   460    120      57.370     40     37      9    107     12      7
   460    130      38.620     60     37     17    158     21      8
   460    140      27.270    117     41     26    141     40     32
   460    150      19.980    122     52     28    190     48     26
   460    160      14.970    117     45     43    237     54     38
   460    170      11.430    184     48     44    257     46     44
   460    180       8.847    188     67     67    248     50     43
   460    190       6.864    222     69     63    304     60     56
   460    200       5.464    239     81     59    275     55     59
   460    210       4.355    273     77     71    289     86     70
   460    220       3.517    312     77     75    293     67     79
   460    230       2.857    358     90     98    315     86     97
   460    240       2.335    393     91     94    285     84    115
   460    250       1.876    579    117    157    399    166    222
   460    260       1.559    613     84    166    266    122    218
   460    270       1.304    604     93    193    300    129    248
   460    280       1.097    601     74    143    327    176    325
   460    290       0.920    751     93    212    305    156    370
   460    300       0.770    825     95    213    319    129    344
   460    310       0.646    812     82    199    291    144    344
   460    320       0.545    863     56    207    252    115    337
   460    330       0.458    815     85    191    231    105    331
   460    340       0.396    788     56    208    243    101    320
   460    350       0.337    764     42    181    181     74    309
   470    100     152.400     20     17      6     59      7      3
   470    110      87.060     26     23      9     94      4      5
   470    120      54.920     57     42     13    136     24      9
   470    130      37.890     54     45      9    164     21      9
   470    140      26.560     83     44     24    175     29     17
   470    150      19.550    133     44     31    185     33     34
   470    160      14.560    134     45     35    207     43     33
   470    170      11.080    181     55     36    238     49     37
   470    180       8.663    174     69     49    254     56     44
   470    190       6.711    221     63     53    273     64     57
   470    200       5.290    256     68     59    244     66     59
   470    210       4.240    265     70     66    295     88     74
   470    220       3.378    289     76     77    258     86     79
   470    230       2.801    344     69     98    319    105    101
   470    240       2.285    347     78     96    260    101    117
   470    250       1.873    408     86    103    313     88    129
   470    260       1.526    612    106    196    336    131    211
   470    270       1.277    599     86    146    261    151    262
   470    280       1.065    636    121    143    307    156    325
   470    290       0.902    803     89    179    337    186    385
   470    300       0.751    816     94    187    326    165    364
   470    310       0.628    814     77    181    275    143    384
   470    320       0.538    832     66    194    251    135    346
   470    330       0.453    844     71    198    244    106    355
   470    340       0.389    807     64    209    207     97    320
   470    350       0.332    820     51    193    180     91    334
   480    100     147.300     16     18     10     53      3      5
   480    110      83.740     20     22     11     60      9      8
   480    120      54.120     48     35     17    101     14      3
   480    130      36.800     68     40     18    142     11     11
   480    140      26.080     74     40     27    184     23     15
   480    150      19.120    140     39     29    197     39     30
   480    160      14.240    145     52     41    192     44     42
   480    170      10.800    163     49     44    221     54     42
   480    180       8.429    192     61     47    229     44     48
   480    190       6.512    223     60     58    277     53     54
   480    200       5.179    248     68     53    271     71     56
   480    210       4.156    272     81     79    280     58     81
   480    220       3.318    323     90     71    302     72     81
   480    230       2.716    388     86     75    320     75     98
   480    240       2.230    337     92     91    275    116    129
   480    250       1.839    405    101     92    302    103    129
   480    260       1.474    596    103    160    320    138    260
   480    270       1.231    571    110    170    274    120    257
   480    280       1.031    663     98    126    320    185    322
   480    290       0.870    726     98    206    321    183    373
   480    300       0.723    786     93    193    302    146    382
   480    310       0.616    822     87    182    311    122    377
   480    320       0.523    826    101    214    252    136    339
   480    330       0.444    812     78    199    257    115    366
   480    340       0.378    790     67    204    234     92    320
   480    350       0.324    831     55    185    182     90    329
   490    100     143.100     20     19      7     53      7      5
   490    110      81.480     24     26     15     92     10      2
   490    120      52.430     57     26     15    129     16     12
   490    130      35.480     64     41     20    133     34      6
   490    140      25.290     80     47     20    170     22      9
   490    150      18.410    133     43     31    162     34     35
   490    160      13.800    144     61     32    222     42     15
   490    170      10.410    165     43     33    224     60     44
   490    180       8.116    207     66     51    254     45     38
   490    190       6.307    240     62     58    241     64     59
   490    200       5.053    229     68     61    255     63     66
   490    210       4.020    251     85     66    284     64     62
   490    220       3.269    321     71     74    268     73     98
   490    230       2.669    371     76     86    279     93    107
   490    240       2.156    352     97    103    315     93    100
   490    250       1.784    365     90    101    305     86    135
   490    260       1.490    475     72    110    297    120    145
   490    270       1.203    596     86    153    316    144    245
   490    280       1.018    643     82    165    294    166    302
   490    290       0.854    727     94    217    331    154    401
   490    300       0.719    758     95    196    347    180    351
   490    310       0.608    823     87    189    294    121    370
   490    320       0.510    817     94    181    248    149    353
   490    330       0.438    871     82    191    250    121    353
   490    340       0.367    832     70    196    225     92    362
   490    350       0.318    849     59    186    212     83    359
   500    100     137.300     13     16     12     45      5      2
   500    110      79.700     32     20      5     89     15      7
   500    120      51.100     50     34     15    111     12     11
   500    130      34.610     78     37     17    139     12      5
   500    140      24.540     74     34     25    200     16     10
   500    150      18.070    122     48     37    189     38     27
   500    160      13.390    142     60     41    214     50     27
   500    170      10.310    181     45     49    195     50     46
   500    180       7.896    173     48     43    232     57     35
   500    190       6.206    236     59     51    267     66     62
   500    200       4.887    259     82     53    251     61     78
   500    210       3.946    268     78     68    267     81     79
   500    220       3.171    308     67     74    284     84     89
   500    230       2.578    352     86     84    291     87     97
   500    240       2.118    336     73    102    278     91    118
   500    250       1.737    393     96    101    284    111    130
   500    260       1.424    437     76    123    263     91    187
   500    270       1.189    479     77    125    283    120    196
   500    280       0.977    564     92    151    279    127    268
   500    290       0.838    814    118    177    342    187    375
   500    300       0.697    743     89    191    352    171    389
   500    310       0.592    801     79    184    324    158    388
   500    320       0.500    827     77    201    281    146    398
   500    330       0.430    890     62    187    235    137    364
   500    340       0.367    843     59    190    205     93    403
   500    350       0.307    820     68    183    206     84    338
