m0_binning   41  200  600  10
m12_binning  27  140  400  10
NscanPoints  1107
    m0    m12      Xsec     n_sig    n_sb    n_sig_sl   n_sb_sl  n_sig_ldp  n_sb_ldp
   200    140      62.510     17     59      5      9      4     22
   200    150      44.630     16     39      3      6      2     20
   200    160      33.610     21     48      7     15      5     19
   200    170      25.230     24     43      8     13      5     16
   200    180      19.100     24     50      5     14      2     14
   200    190      14.810     41     47     10     17      6     17
   200    200      11.510     62     57     14     14      6     18
   200    210       9.020     61     50      9     17      6     23
   200    220       7.157     64     51     11     11      7     11
   200    230       5.732     55     45     18     12      3     17
   200    240       4.535     63     32     23     14     10     22
   200    250       3.763     53     31     29     15      7     11
   200    260       3.048     49     43     25     11      9     12
   200    270       2.553     65     24     25      9      4     10
   200    280       2.108     59     25     17      8      8     14
   200    290       1.793     68     38     33     10      7     12
   200    300       1.512     75     14     34     12      8      9
   200    310       1.293     55     14     31      6     13     12
   200    320       1.127     62     21     21     14      4      8
   200    330       0.982     64     15     22      7      3     11
   200    340       0.854     58     12     25      4      9     10
   200    350       0.754     34     15     18      4      8      4
   200    360       0.675     57     10     33     14      6      3
   200    370       0.597     57      9     28      3      3      5
   200    380       0.530     50      6     22      5      9      3
   200    390       0.484     49     11     21      4      7      6
   200    400       0.432     41      5     24      2      7      2
   210    140      59.510     17     57      6     17      3     25
   210    150      43.190     21     58      1     17      8     21
   210    160      32.220     29     57      5     11      1     24
   210    170      24.560     32     45      7     22      4     21
   210    180      18.470     42     47      5     12      3     13
   210    190      14.160     41     54     14     17      4     12
   210    200      11.200     57     54     12     11      8     14
   210    210       8.762     64     49     13      8      9     26
   210    220       6.998     78     44     12     10      9     26
   210    230       5.576     89     56     20     16      6     16
   210    240       4.413     81     49     20     14     11     10
   210    250       3.621     77     30     20     14      3     12
   210    260       2.939     78     38     26      8      6     15
   210    270       2.448     74     27     36     10      5      8
   210    280       1.999     70     24     25     11     10     23
   210    290       1.662     72     37     38     13      2     11
   210    300       1.384     64     22     35      8      3     12
   210    310       1.166     81     12     27      7     12     12
   210    320       0.991     68     20     41     15      7      6
   210    330       0.841     71     19     25      5     17      7
   210    340       0.723     77     13     28      6      8      8
   210    350       0.626     59     23     17      4      9      4
   210    360       0.544     59     15     32      6      5      4
   210    370       0.475     68     14     35      6      4      6
   210    380       0.417     57     11     26      8      5      6
   210    390       0.365     63      5     28      4      4      5
   210    400       0.324     61      8     43      3      8      5
   220    140      57.630     25     63      1     14      7     20
   220    150      42.480     26     63      3     10      7     19
   220    160      31.140     28     55      3     17      4     21
   220    170      23.750     24     55      7     18      1     24
   220    180      17.960     29     58     10     28      4     28
   220    190      13.870     39     56     21     16      3     20
   220    200      10.940     36     54     14     15      5     20
   220    210       8.607     54     53     10     20     11     15
   220    220       6.745     69     54     18     18     12     11
   220    230       5.412     67     43     21     11      7     20
   220    240       4.345     76     50     14     15      2     12
   220    250       3.506     94     40     22     15     10     11
   220    260       2.857     86     40     25     14     12     18
   220    270       2.350     82     29     29      8      7     18
   220    280       1.918     77     30     29     14     11     16
   220    290       1.603     92     27     30      9      3     13
   220    300       1.338     94     36     32     11      8     12
   220    310       1.107     75     19     42      6     12     15
   220    320       0.938     90     20     42     12      3     13
   220    330       0.799     82     14     47      9      6      8
   220    340       0.670     94     27     40      8     12     12
   220    350       0.584     85     24     37     11      4      7
   220    360       0.498     87     13     34      6     12      7
   220    370       0.428     80     11     39     10      8      8
   220    380       0.370     64     16     32     10     10      4
   220    390       0.325     71     15     37     12     10      3
   220    400       0.282     76      8     40      3      3      4
   230    140      55.850     17     50      5      9      9     27
   230    150      41.210     24     51      4     15      9     22
   230    160      30.200     33     68      6     12      4     23
   230    170      22.890     35     69     12     15      8     24
   230    180      17.400     44     55     12     18      6     23
   230    190      13.530     35     43     12     15      6     17
   230    200      10.670     41     45     16     12      6     13
   230    210       8.257     54     54     19     15      5     21
   230    220       6.526     67     56     19     17      6     15
   230    230       5.274     76     48     21     18      8     16
   230    240       4.191     70     46     19     13      5     15
   230    250       3.398     90     46     18      9      3     12
   230    260       2.785    100     36     22     18     12      9
   230    270       2.253    108     46     29     11      6     16
   230    280       1.869    103     25     36      9      4     16
   230    290       1.529    110     31     32      8     12      6
   230    300       1.298     99     27     47      7      7     15
   230    310       1.076     84     21     39     10     10     15
   230    320       0.900     81     24     28     12      8     14
   230    330       0.755     87     20     32     17     11     17
   230    340       0.643     99     15     34      5      9     13
   230    350       0.549     97     22     41      5      7      7
   230    360       0.472     81     13     37     10      9      3
   230    370       0.400     80     14     31     12      5      6
   230    380       0.349     78      8     46      5      9     10
   230    390       0.299     65      9     33      9      5      6
   230    400       0.264     73     11     36      8     11      7
   240    140      53.920     21     75      2     16      7     27
   240    150      39.350     25     86      3     14      6     47
   240    160      29.510     28     76      5     16      6     24
   240    170      22.230     33     60     10     21      5     30
   240    180      16.780     37     67     12     22      3     30
   240    190      13.190     47     72     15     20     11     15
   240    200      10.280     54     56     11     27      1     20
   240    210       8.075     59     64     24     20     10     15
   240    220       6.383     64     60     16     14      7     21
   240    230       5.178     65     42     23     19     13     11
   240    240       4.097     80     45     28     24      8     13
   240    250       3.364     97     41     26     14     11     17
   240    260       2.710     95     33     33     16      7     16
   240    270       2.237    115     35     31     10      8     22
   240    280       1.821    106     29     23     13      5     13
   240    290       1.501    123     34     22      3     16     16
   240    300       1.260    110     30     33     11      7      9
   240    310       1.045    112     26     29     14      8     10
   240    320       0.872    104     25     44     12     13     14
   240    330       0.728    104     14     47      6     12     15
   240    340       0.622    100     17     41     10      6      7
   240    350       0.532     97     20     33      9      5     11
   240    360       0.450     86     22     34      9      7      7
   240    370       0.389     70     15     37      7     12     10
   240    380       0.335     87     15     51      6      6      6
   240    390       0.287     80      9     37      6      4      9
   240    400       0.249     74     14     45      6      9      6
   250    140      51.640     16     67      2      7      7     35
   250    150      37.970     17     62      0     21      4     44
   250    160      28.590     34     79      7     22      7     28
   250    170      21.310     30     90      9     23      6     42
   250    180      16.390     39     72      9     34      9     29
   250    190      12.690     49     62     20     15      9     29
   250    200       9.887     65     51     18     25      3     19
   250    210       7.798     66     61     12     14      9     23
   250    220       6.188     63     41     16     12     10     17
   250    230       5.003     68     44     26     26     10     13
   250    240       4.004     93     39     30     21      4     13
   250    250       3.247     95     24     43     12      7     24
   250    260       2.653     97     50     26     13      9     21
   250    270       2.158     80     28     43     19     12     12
   250    280       1.772    115     23     34     10      8     16
   250    290       1.485    118     34     36     17     11     12
   250    300       1.218    114     40     30      8     10      8
   250    310       1.025    135     27     42      5      7      8
   250    320       0.850    129     22     29     11      9      8
   250    330       0.724    112     21     33      8     10      8
   250    340       0.612    109     19     43      9     12      8
   250    350       0.517     88     21     42      6      5     11
   250    360       0.443    111     16     36     10     10      6
   250    370       0.374    122     15     37      4      7      3
   250    380       0.320     92     13     42     12      5      8
   250    390       0.279     94      7     43      8      7      9
   250    400       0.238     81     21     31      4     11      1
   260    140      49.360     24     69      5     10      9     39
   260    150      36.800     33     70      4     16      2     41
   260    160      27.380     38     87      9     21      5     41
   260    170      21.030     42     89      8     13      4     30
   260    180      15.700     48     66     11     20      9     33
   260    190      12.400     56     66     17     22      8     37
   260    200       9.631     65     70     12     22      2     20
   260    210       7.590     60     66     17     16      6     21
   260    220       6.077     59     70     33     20      7     30
   260    230       4.879     82     55     31     27     11     27
   260    240       3.923     77     47     31     20      6     16
   260    250       3.145    105     37     29     12     11     16
   260    260       2.599    105     39     39     16      4     17
   260    270       2.113     95     37     35     10     13     18
   260    280       1.733    109     25     36     17      8     20
   260    290       1.457    114     28     28     14     10      7
   260    300       1.191     94     27     40     12     12     13
   260    310       0.996    123     24     36      8     15     14
   260    320       0.839    125     28     43     12      8     13
   260    330       0.702    116     24     35      6     10     12
   260    340       0.594    131     21     42      5      9      5
   260    350       0.504    142     19     38      6      5      8
   260    360       0.421    108     27     35      6      3     10
   260    370       0.364    102     18     32     10      9     13
   260    380       0.313    126      9     36      3     11      8
   260    390       0.271    106     20     40      7      5      7
   260    400       0.231    109      9     42      7     15      5
   270    140      48.290     29     70      1      5      7     35
   270    150      35.270     33     98      4     16     13     50
   270    160      26.570     35     88      8     16      4     45
   270    170      20.020     40     96      7     23      9     30
   270    180      15.240     50     87     12     16      8     37
   270    190      12.000     47     76     16     23      9     35
   270    200       9.331     66     63     17     19      6     39
   270    210       7.341     60     79     18     15     14     34
   270    220       5.857     72     57     23     29     10     21
   270    230       4.707     79     46     23     22      2     26
   270    240       3.876     78     45     35     22      6     18
   270    250       3.090    106     40     31     20      7     20
   270    260       2.518     78     41     34     16      7     12
   270    270       2.043     95     40     32     15     10     17
   270    280       1.691    106     40     26     17      9     18
   270    290       1.396    107     29     39     17      9     23
   270    300       1.161    107     36     39      8     10     19
   270    310       0.976    108     37     41     13     10      9
   270    320       0.809    134     21     35      8      7      9
   270    330       0.692    128     19     38      7     14     13
   270    340       0.575    146     27     42      6     13     10
   270    350       0.492    135     16     36      3     16     13
   270    360       0.416    121     20     41     10     15      9
   270    370       0.357    131     16     42      5      8      9
   270    380       0.306    119     16     31      5     10      4
   270    390       0.262     85     19     45      5     12     10
   270    400       0.227     88     17     49      9     12      6
   280    140      46.640     27     83      1     13      2     34
   280    150      34.400     31     88      4     12      7     30
   280    160      25.550     39     98      6     18     11     46
   280    170      19.490     42    102      7     14      4     34
   280    180      14.960     41    100      7     26      7     41
   280    190      11.580     65     83     19     32     10     41
   280    200       9.085     67     81     12     26     11     33
   280    210       7.192     60     87     16     24      7     30
   280    220       5.774     75     60     23     26      4     31
   280    230       4.612     90     52     29     30      4     18
   280    240       3.677     90     51     23     27      8     19
   280    250       3.041     97     53     40     25     13     21
   280    260       2.460     85     39     32     14      5     20
   280    270       2.033    120     38     41     15     11     20
   280    280       1.674    106     26     44     16     11     21
   280    290       1.378    119     28     56     13     12     11
   280    300       1.132    113     34     43     11      9     14
   280    310       0.951    123     33     44     14      8      8
   280    320       0.803    106     23     52     15     11     12
   280    330       0.675    108     17     58      7     12     14
   280    340       0.568    124     23     43      9      5      9
   280    350       0.478    135     31     39      5     17     12
   280    360       0.412    162     25     30      6     10     14
   280    370       0.346    140     15     31      3     13      6
   280    380       0.296    130     16     37      7     11     13
   280    390       0.254    115     16     38      3     14      2
   280    400       0.219    107     20     29     10      7      7
   290    140      45.330     23     58      3      8      8     44
   290    150      33.020     21     90      5     24     14     57
   290    160      24.730     30     92      6     17     15     45
   290    170      18.660     48    117     13     18      3     50
   290    180      14.410     44    112     16     24     12     47
   290    190      11.270     58    104      8     21      5     45
   290    200       8.797     65     92     16     26      7     38
   290    210       6.950     71     81     21     15      8     46
   290    220       5.520     83     61     30     25     11     31
   290    230       4.527     99     66     24     23     11     26
   290    240       3.617     99     52     33     26      5     17
   290    250       2.965    102     48     32     23      9     20
   290    260       2.393    111     37     38     26     15     12
   290    270       1.972    111     43     31     19      8     17
   290    280       1.627     90     29     50     23     10     19
   290    290       1.352    126     39     38     12     13     20
   290    300       1.115    126     33     48     22     13     18
   290    310       0.922    116     25     41     18     14     27
   290    320       0.783    133     29     50     14     15     13
   290    330       0.651    117     27     57     10     12     14
   290    340       0.550    118     13     58      8     13      5
   290    350       0.471    123     26     41      9     11     17
   290    360       0.400    127     23     42      4      8     10
   290    370       0.342    125     15     47     11      9      9
   290    380       0.293    141     10     45     11     10      8
   290    390       0.251    125     23     36      8     13      7
   290    400       0.215    127     13     40      2     14      3
   300    140      43.190     17     92      7      7      4     39
   300    150      31.890     37     92      2     12      8     38
   300    160      23.650     49    107      5     16     13     37
   300    170      18.370     43    124     10     34     10     42
   300    180      14.060     57    125      8     35     10     47
   300    190      10.880     60     98     16     24      6     41
   300    200       8.570     64    110      9     32     12     44
   300    210       6.787     76     91     16     29     14     40
   300    220       5.412     93     97     27     21     10     34
   300    230       4.357     89     72     26     19     15     30
   300    240       3.522     77     64     25     18      5     25
   300    250       2.872    126     46     41     17     14     22
   300    260       2.337    105     57     41     20      8     27
   300    270       1.917    105     46     46     14     13     16
   300    280       1.586    123     45     43      7      8     20
   300    290       1.311    117     42     49     15     12     16
   300    300       1.082    122     44     49     14      8     16
   300    310       0.916    124     26     41     11      8      8
   300    320       0.761    125     13     55     11     11     12
   300    330       0.643    106     18     52     11     12     10
   300    340       0.542    108     21     42     10     16      9
   300    350       0.459    122     18     55     11     12      4
   300    360       0.391    115     15     41     11      9     12
   300    370       0.335    114     15     54      9      8     13
   300    380       0.285    126     15     63     11     12     10
   300    390       0.246    132     10     44      6     12     11
   300    400       0.211    120     13     29      5     13      5
   310    140      41.920     27     89      3      9      4     36
   310    150      30.680     29     90      5     17      8     40
   310    160      22.920     49    103      2     16      8     47
   310    170      17.510     37    106      7     23     11     54
   310    180      13.530     52    110     14     27      9     46
   310    190      10.680     63    124     22     31     11     43
   310    200       8.364     68    117      7     26     12     55
   310    210       6.632     73    103     11     23     14     53
   310    220       5.240     71     93     19     29     12     46
   310    230       4.245    111     76     19     28     13     34
   310    240       3.401     87     70     34     25      9     33
   310    250       2.792     96     61     28     26     22     29
   310    260       2.292    116     56     47     20     10     24
   310    270       1.884    126     35     33     22     14     22
   310    280       1.558    115     42     38     19      8     18
   310    290       1.274     97     38     47     17      9     19
   310    300       1.059    101     31     44     10     20     12
   310    310       0.891    135     23     61     11     21     18
   310    320       0.742    114     24     71      9      6     10
   310    330       0.629    152     32     58     12     12      7
   310    340       0.534    120     28     69     16     10     12
   310    350       0.452    125     21     53      8     11     13
   310    360       0.382    110     19     54      7     10     10
   310    370       0.326    112     19     45      8     21      7
   310    380       0.283    110     12     53      5      5     10
   310    390       0.241    104      7     35      6      9      9
   310    400       0.207    117     14     55      6     14      7
   320    140      40.450     29     77      1     18      4     41
   320    150      29.710     40     78      3      9      7     16
   320    160      22.070     30    122      2     24      5     36
   320    170      16.980     38    103     10     26     12     38
   320    180      13.220     50    109     11     25     11     49
   320    190      10.220     80    130     13     35     16     53
   320    200       8.005     82    126      8     39     12     48
   320    210       6.435     83    101     15     30      9     53
   320    220       5.084     94     91     17     22     13     57
   320    230       4.096     93     79     25     11     12     44
   320    240       3.345    107     68     24     31     13     26
   320    250       2.752    101     62     29     26     14     29
   320    260       2.229    111     66     38     22     16     31
   320    270       1.844    111     59     40     25     14     24
   320    280       1.503    114     43     55     17     16     19
   320    290       1.254    128     42     48     18     18     14
   320    300       1.046    122     38     50     23     13     19
   320    310       0.883    120     30     53     13     11     12
   320    320       0.737    109     28     52     13      1      8
   320    330       0.611    109     29     61     16     12     10
   320    340       0.522    129     22     65     18      9     15
   320    350       0.441    114     19     55      8     16     11
   320    360       0.378    140     21     53     13     13      8
   320    370       0.320    123     12     50     12     17     10
   320    380       0.273    115     17     55      9     13      8
   320    390       0.238    125     21     50      9     12      7
   320    400       0.203    131     14     52      3     12      4
   330    140      38.820     23     60      4     10      7     32
   330    150      28.730     27     81      7     17      3     44
   330    160      21.450     39    104      7     20      9     45
   330    170      16.500     53    134      8     21     10     59
   330    180      12.850     59    114     13     35     14     57
   330    190       9.974     77    105     16     28      9     62
   330    200       7.820     80    118     18     37     13     50
   330    210       6.235    100    116     17     34     11     53
   330    220       4.977    105    102     24     25     16     47
   330    230       4.011    103     94     28     28     13     44
   330    240       3.287    101     81     20     30     13     37
   330    250       2.631    122     78     20     32     13     36
   330    260       2.189    108     68     33     23     21     28
   330    270       1.798    116     72     29     33     14     43
   330    280       1.495    119     54     43     16     13     28
   330    290       1.230    123     41     49     17     10     12
   330    300       1.023    130     41     54     16     13     18
   330    310       0.852    124     38     66     16     10     18
   330    320       0.714    134     34     59     13     16     11
   330    330       0.610    120     24     67     10     14     19
   330    340       0.506    115     29     48      7     22     13
   330    350       0.429    134     17     69      9     15      7
   330    360       0.370    124     23     51     12     10      7
   330    370       0.313    112     12     65      9     10      2
   330    380       0.270    129     24     65     12      7      5
   330    390       0.230    126     13     47      7     12     13
   330    400       0.198    114     15     45      6     16      9
   340    140      37.770     14     90      1     10      4     29
   340    150      27.640     28     72      4     20      8     36
   340    160      20.880     41     98      8     19     11     40
   340    170      15.970     43    111      9     32     15     46
   340    180      12.350     49    120     10     23     17     61
   340    190       9.616     70    127     11     25      6     56
   340    200       7.576     87    136      9     41     19     42
   340    210       6.037     82    134     10     35     10     42
   340    220       4.856     93    121     25     32     23     41
   340    230       3.875    120     92     28     38     22     54
   340    240       3.147    126     88     26     24     13     37
   340    250       2.598    122     87     23     20     10     38
   340    260       2.124    140     71     28     23     11     37
   340    270       1.740    136     70     28     18     14     29
   340    280       1.448    129     63     28     29     15     38
   340    290       1.199    133     57     47     18     13     25
   340    300       1.004    115     43     43     18     11     16
   340    310       0.838    105     23     51     12     10     17
   340    320       0.694    123     31     67     15      6     12
   340    330       0.589    131     33     58     19     12     16
   340    340       0.498    159     31     53     15     15     15
   340    350       0.423    141     24     70     10      9     11
   340    360       0.360    121     19     52     13     10      6
   340    370       0.304    148     22     62      7      9      7
   340    380       0.263    123     18     46      5     15     14
   340    390       0.229    124     14     51      8     17      9
   340    400       0.197    124      8     65      5      9     10
   350    140      36.410     25     51      4      9      5     38
   350    150      26.920     20     71     11     14      3     47
   350    160      20.060     20     93      5      9      6     44
   350    170      15.430     52    119      7     30      9     50
   350    180      11.950     64    106     11     34      7     47
   350    190       9.182     71    126     19     34     16     56
   350    200       7.349     66    124     12     36     21     64
   350    210       5.898     90    117     21     32     11     43
   350    220       4.684    104    123     23     39     18     56
   350    230       3.793     99    118     36     32     15     55
   350    240       3.014    118     94     26     24      9     51
   350    250       2.520    137     84     35     24     21     46
   350    260       2.050    133     84     44     23     10     39
   350    270       1.706    140     58     36     18     16     43
   350    280       1.403    120     52     32     21     23     33
   350    290       1.183    116     59     36     10     12     38
   350    300       0.987    142     45     42     17     17     25
   350    310       0.825    144     31     56     16     18     21
   350    320       0.687    133     27     56     23     12     21
   350    330       0.588    143     43     78     16     27      8
   350    340       0.489    133     18     62     15     19     10
   350    350       0.416    152     30     71     20     16     11
   350    360       0.352    138     27     64     12     17      8
   350    370       0.302    120     22     63     10     11     12
   350    380       0.259    128     23     50      7     15      6
   350    390       0.222    128     17     57     10     13      9
   350    400       0.193    131     17     59      8     11     15
   360    140      35.300     21     64      2      4      0     22
   360    150      25.800     25     79      5     11      6     41
   360    160      19.630     43     98      6     24      7     29
   360    170      14.880     44    101      6     21     13     50
   360    180      11.560     62    139     15     18     10     44
   360    190       9.005     76    122     21     27      8     61
   360    200       7.236     73    146     19     30     10     63
   360    210       5.680     88    130     23     34     17     60
   360    220       4.583    131    117     26     34     20     54
   360    230       3.684    113    107     22     40     14     45
   360    240       3.000    150     99     35     40     16     55
   360    250       2.453    123    103     20     16     19     64
   360    260       2.001    136     78     33     23     18     40
   360    270       1.669    139     78     23     22     14     36
   360    280       1.375    141     68     47     34     14     40
   360    290       1.147    157     47     27     21     15     33
   360    300       0.956    138     58     52     22     19     31
   360    310       0.805    136     41     45     15     10     19
   360    320       0.672    135     32     72     19     25     16
   360    330       0.563    153     36     74     31     16     14
   360    340       0.482    136     36     64     15     20     17
   360    350       0.408    146     17     64     10     19     13
   360    360       0.349    155     27     74      7     15      9
   360    370       0.294    128     20     65      7     13      6
   360    380       0.253    136     15     80      8     10      6
   360    390       0.219    115     16     75     11      9      8
   360    400       0.190    117     22     52     10     11      6
   370    140      33.860     22     66      3     10      2     25
   370    150      25.070     26     81      3     18      1     33
   370    160      18.780     37    100     11     17      5     39
   370    170      14.570     46    101     10     19     13     41
   370    180      11.160     61    122     11     36     14     54
   370    190       8.722     76    143     10     27     13     53
   370    200       6.954     87    144     29     35     16     64
   370    210       5.480     82    136     19     40     15     62
   370    220       4.422     98    143     29     40     14     67
   370    230       3.601    146    115     24     38     14     55
   370    240       2.908    116    115     34     38     16     50
   370    250       2.373    118     96     36     35     16     47
   370    260       1.963    139     84     27     31     22     39
   370    270       1.629    148     55     41     26     22     43
   370    280       1.331    141     51     42     26     14     50
   370    290       1.121    158     57     42     15     23     33
   370    300       0.935    136     58     51     20     21     26
   370    310       0.786    145     46     43     18     24     32
   370    320       0.657    146     30     43     16     13     20
   370    330       0.562    176     39     59     20     24     22
   370    340       0.467    153     29     53     12     24     16
   370    350       0.401    161     26     56     23     17     17
   370    360       0.342    119     15     76     16     18     12
   370    370       0.291    150     21     67      6     14      8
   370    380       0.250    142     17     66     13      9     13
   370    390       0.215    103     15     60      7     13     12
   370    400       0.185    137     14     50      9     11     11
   380    140      33.060     22     60      1      6      3     25
   380    150      24.480     22     74      1     15      9     25
   380    160      18.180     42     79      6     18      5     31
   380    170      13.850     45     79      9     20      8     53
   380    180      10.920     56    120      7     36     13     50
   380    190       8.642     70    122     11     47     13     46
   380    200       6.701     72    133     19     30     10     63
   380    210       5.411     87    148     21     31     15     59
   380    220       4.339    104    149     30     34     18     57
   380    230       3.504    112    137     25     36     25     62
   380    240       2.823    107    118     31     46     14     60
   380    250       2.318    121     96     33     36     20     52
   380    260       1.912    147    111     32     36     21     49
   380    270       1.561    146     77     35     24     22     49
   380    280       1.310    133     66     38     30     20     41
   380    290       1.088    157     50     48     18     22     39
   380    300       0.912    165     57     42     20     20     25
   380    310       0.766    160     47     36     22     16     29
   380    320       0.647    141     54     44     22     18     23
   380    330       0.546    191     42     65     20     21     41
   380    340       0.462    200     50     70     22     25     23
   380    350       0.393    181     30     65     21     24     21
   380    360       0.335    160     19     75     10     20     12
   380    370       0.286    164     24     54     10     23     16
   380    380       0.244    139     21     65      8     13      7
   380    390       0.211    148     15     55     12     16     11
   380    400       0.181    121     17     63     11     13     10
   390    140      32.590     12     54      0      4      1     40
   390    150      23.360     26     73      3     18      6     36
   390    160      17.790     38     99     11     18      7     42
   390    170      13.620     41     92      2     28      5     38
   390    180      10.550     53    105     12     24      9     41
   390    190       8.207     67    115     13     30     16     55
   390    200       6.515     69    165     15     33     15     52
   390    210       5.227    111    133     12     40     10     47
   390    220       4.208    122    144     26     46     15     47
   390    230       3.390    115    138     33     46     12     75
   390    240       2.740    109    112     36     40     15     70
   390    250       2.265    133    113     32     42     12     53
   390    260       1.850    141    103     32     30     30     64
   390    270       1.529    129     93     46     27     21     49
   390    280       1.287    151     69     34     30     23     47
   390    290       1.068    162     86     33     28     22     45
   390    300       0.895    156     55     36     19     31     38
   390    310       0.745    129     57     37     24     19     33
   390    320       0.627    150     53     47     12     26     34
   390    330       0.535    204     53     55     16     34     44
   390    340       0.453    205     68     63     23     33     43
   390    350       0.386    190     38     69     24     19     19
   390    360       0.333    160     28     77     21     22     22
   390    370       0.281    144     31     61     13     13     10
   390    380       0.241    149     19     82     17     20     13
   390    390       0.207    163     21     56     17     19      8
   390    400       0.179    159     18     62     14      7     10
   400    140      31.200     11     63      5     12      4     39
   400    150      23.090     32     71      3     17      5     24
   400    160      17.190     34     88      4     24      8     38
   400    170      13.090     43     91      6     22      7     38
   400    180      10.270     51    112     11     18      9     46
   400    190       7.999     69    136     17     32     11     55
   400    200       6.345     84    128     17     39     16     66
   400    210       5.014     93    147     26     41     10     70
   400    220       4.026    109    109     30     38     18     69
   400    230       3.292    117    163     36     43     21     70
   400    240       2.671    110    127     37     45     18     84
   400    250       2.210    133    106     31     32     25     69
   400    260       1.800    164    121     36     28     24     61
   400    270       1.501    136    109     41     37     28     52
   400    280       1.235    156     83     52     27     25     40
   400    290       1.033    171     64     44     32     42     38
   400    300       0.876    158     60     46     16     20     47
   400    310       0.738    157     63     44     17     19     35
   400    320       0.622    187     54     50     22     29     40
   400    330       0.526    196     61     53     17     35     47
   400    340       0.441    209     56     65     25     34     35
   400    350       0.378    217     39     76     16     35     34
   400    360       0.320    185     31     61     10     30     23
   400    370       0.274    165     29     77     12     11     21
   400    380       0.237    151     26     71     13     20     17
   400    390       0.204    133     17     69     10     19     16
   400    400       0.176    164     20     55      9     10     10
   410    140      30.540     17     66      0     11      1     35
   410    150      22.190     38     76      1     17      4     35
   410    160      16.570     46     90      7     22      9     39
   410    170      12.750     37     84      6     22     11     37
   410    180       9.895     57    113      7     23     10     43
   410    190       7.747     75    110     11     21     18     62
   410    200       6.164     91    140     16     31     13     56
   410    210       4.918     86    137     18     32     20     59
   410    220       3.933    106    140     18     41     15     60
   410    230       3.253    113    132     17     40     14     55
   410    240       2.615    142    102     24     41     12     68
   410    250       2.143    121    134     37     46     23     70
   410    260       1.772    132     98     42     38     24     58
   410    270       1.458    169    119     38     32     32     51
   410    280       1.217    156     76     37     26     19     40
   410    290       1.024    169     75     44     32     22     42
   410    300       0.851    177     59     53     26     26     30
   410    310       0.715    161     60     48     20     29     34
   410    320       0.600    179     41     51     24     23     29
   410    330       0.514    196     56     57     20     36     37
   410    340       0.433    216     52     76     16     35     37
   410    350       0.369    180     48     52     19     32     39
   410    360       0.316    205     52     64     14     21     29
   410    370       0.270    165     34     54     16     28     21
   410    380       0.231    173     33     71     22     21     21
   410    390       0.201    170     14     62     19     24     13
   410    400       0.172    134     24     60     13     17     18
   420    140      29.780     12     79      2      7      2     32
   420    150      21.760     14     77      1     13      6     39
   420    160      16.130     35     71      6     20     11     39
   420    170      12.490     38     78      7     26      7     45
   420    180       9.634     49    117      8     22      7     37
   420    190       7.589     54    105     14     28     19     64
   420    200       5.990     84    144     13     37     16     50
   420    210       4.782     90    124     23     53     12     52
   420    220       3.863    121    130     20     44     27     62
   420    230       3.151    134    140     27     47     14     71
   420    240       2.549    107    128     38     53     14     74
   420    250       2.079    154    130     38     40     20     63
   420    260       1.729    148    111     39     41     18     68
   420    270       1.424    152     94     43     43     14     69
   420    280       1.184    147     81     44     33     15     43
   420    290       1.000    177     72     48     40     21     34
   420    300       0.837    185     66     59     33     17     40
   420    310       0.709    173     62     38     24     18     36
   420    320       0.593    196     46     44     21     29     34
   420    330       0.507    225     62     52     16     42     37
   420    340       0.423    177     57     58     17     43     43
   420    350       0.363    217     61     78     20     39     34
   420    360       0.310    219     52     70     20     36     35
   420    370       0.264    207     44     64      3     32     20
   420    380       0.226    179     32     67     15     23     19
   420    390       0.194    162     29     70      6     25     15
   420    400       0.170    135     20     65     10     18     19
   430    140      28.830      9     70      1     11      6     29
   430    150      21.220     16     80      4     16      6     37
   430    160      15.720     25     83      4     23     10     44
   430    170      12.100     45     89     12     18      7     36
   430    180       9.309     47    106     12     22      8     39
   430    190       7.386     51    106     16     41     10     67
   430    200       5.794     67    124     16     34     17     63
   430    210       4.637     90    130     22     37     16     59
   430    220       3.763     83    135     21     49     13     68
   430    230       3.047    114    141     43     36     17     69
   430    240       2.451    121    142     28     39     25     71
   430    250       2.049    122    129     35     40     33     59
   430    260       1.688    152    109     40     49     18     71
   430    270       1.387    157    102     40     36     20     59
   430    280       1.165    152    104     50     44     23     62
   430    290       0.965    170     86     49     30     24     45
   430    300       0.813    164     87     43     25     25     38
   430    310       0.684    176     73     47     28     29     45
   430    320       0.581    188     36     52     25     29     30
   430    330       0.494    217     52     55     17     50     42
   430    340       0.419    224     63     64     23     33     30
   430    350       0.355    215     52     60     14     38     35
   430    360       0.305    238     57     71     17     38     37
   430    370       0.261    220     53     67     12     35     40
   430    380       0.223    201     39     74     18     36     25
   430    390       0.193    195     35     68     16     30     31
   430    400       0.166    180     26     66     11     21     19
   440    140      28.320      7     64      3     14      5     22
   440    150      20.630     24     66      4     14     12     34
   440    160      15.520     23    106      5     16      4     44
   440    170      11.640     33     82      6     21      6     36
   440    180       9.051     44     95      8     26      8     33
   440    190       7.144     55    101     12     31     14     42
   440    200       5.613     76    102     18     39     12     52
   440    210       4.517     89    125     20     36     15     62
   440    220       3.652     73    152     30     49     11     62
   440    230       2.996    113    134     36     40     20     71
   440    240       2.435    119    136     24     44     23     62
   440    250       1.991    112    124     35     40     23     60
   440    260       1.639    132    113     39     47     23     79
   440    270       1.361    177    134     56     39     16     77
   440    280       1.135    166     86     47     40     28     56
   440    290       0.941    172     94     59     30     18     52
   440    300       0.799    181     69     56     31     23     37
   440    310       0.671    182     56     62     31     28     39
   440    320       0.570    224     58     53     21     37     24
   440    330       0.488    234     58     65     22     42     36
   440    340       0.409    210     66     60     26     43     43
   440    350       0.347    204     53     63     16     45     48
   440    360       0.296    246     61     65     21     31     35
   440    370       0.255    194     46     70     12     44     35
   440    380       0.220    218     52     75     14     33     28
   440    390       0.190    208     44     76      5     37     27
   440    400       0.162    185     25     72     13     25     17
   450    140      27.430      8     81      5     11      4     31
   450    150      20.260     15     95      7     10      2     45
   450    160      15.230     22     94      4     16      4     35
   450    170      11.270     44     84      7     23      7     43
   450    180       8.816     38     84      8     28      5     36
   450    190       6.992     50    114     11     30      8     45
   450    200       5.539     64     93     14     24     16     50
   450    210       4.380     81    101     18     52     19     60
   450    220       3.538    108    113     25     40     18     60
   450    230       2.905    118    131     32     32     23     58
   450    240       2.386    130    151     36     48     22     73
   450    250       1.938    134    136     37     39     16     60
   450    260       1.595    132    114     42     49     28     76
   450    270       1.322    155    101     61     44     28     57
   450    280       1.112    153    107     47     39     28     51
   450    290       0.918    170     98     49     38     33     48
   450    300       0.776    175     84     61     32     22     49
   450    310       0.657    205     74     62     22     28     38
   450    320       0.553    196     65     55     12     43     44
   450    330       0.475    230     59     70     20     32     51
   450    340       0.397    229     68     65     30     35     58
   450    350       0.342    227     53     51     22     43     32
   450    360       0.294    238     59     54     16     37     28
   450    370       0.252    232     49     56     17     32     35
   450    380       0.215    227     44     82     18     40     37
   450    390       0.185    223     41     66     22     31     28
   450    400       0.160    212     29     83     10     34     23
   460    140      26.630     16     72      1      6      4     30
   460    150      19.550     19     95      2     14      5     49
   460    160      14.830     27    100      2     15      5     33
   460    170      11.200     37     98      6     28      4     33
   460    180       8.604     46    105     11     27      9     41
   460    190       6.739     48     94     17     20      6     37
   460    200       5.375     56    124     15     34     10     50
   460    210       4.257     79    132     20     37     13     51
   460    220       3.474     62    153     31     51     23     73
   460    230       2.814     90    136     26     42     19     68
   460    240       2.293     99    124     43     44     25     72
   460    250       1.896    134    134     33     36     26     76
   460    260       1.560    121    127     45     58     25     81
   460    270       1.298    156    121     46     32     15     80
   460    280       1.080    181    119     51     39     30     60
   460    290       0.904    172    102     43     43     28     63
   460    300       0.764    195     95     61     39     28     44
   460    310       0.638    194     90     55     31     29     55
   460    320       0.542    213     90     68     14     26     41
   460    330       0.458    225     78     65     23     31     49
   460    340       0.392    221     66     55     23     37     59
   460    350       0.336    220     55     70     23     45     27
   460    360       0.286    247     45     65     15     45     33
   460    370       0.248    242     53     54     19     46     28
   460    380       0.212    234     46     61     22     37     34
   460    390       0.181    252     37     56     16     39     36
   460    400       0.159    226     37     66      9     46     25
   470    140      26.310     15     59      4     10      3     28
   470    150      19.100     15     77      1     14      4     35
   470    160      14.430     23     80      6     10      5     32
   470    170      10.850     27    102      5     20      7     45
   470    180       8.249     52    112      8     29      9     39
   470    190       6.619     43     93     13     31      5     51
   470    200       5.230     56     99     15     38     13     46
   470    210       4.164     70    121     25     29     10     66
   470    220       3.381     93    112     24     28     16     66
   470    230       2.751    113    116     34     29     21     80
   470    240       2.250    107    130     24     45     16     76
   470    250       1.841    103    124     23     55     17     63
   470    260       1.526    149    118     39     51     23     76
   470    270       1.267    145    128     58     39     21     57
   470    280       1.059    183     95     43     34     24     67
   470    290       0.881    180    106     44     49     31     64
   470    300       0.747    184     87     62     38     27     55
   470    310       0.627    180     73     71     36     33     42
   470    320       0.534    228     65     64     31     35     53
   470    330       0.454    238     70     55     38     46     55
   470    340       0.385    239     70     71     31     48     49
   470    350       0.331    222     63     82     16     43     45
   470    360       0.281    249     54     75     21     40     33
   470    370       0.244    243     61     81     12     40     36
   470    380       0.207    241     45     65     11     33     36
   470    390       0.179    238     39     66      7     38     27
   470    400       0.154    234     32     87     14     51     35
   480    140      25.550     12     80      2      6      5     21
   480    150      18.830     22     91      4     13      2     30
   480    160      14.090     23     88      6      9      6     47
   480    170      10.630     35     90      9     14      7     51
   480    180       8.258     36    110      3     16     10     41
   480    190       6.405     51    110     11     29      4     53
   480    200       5.124     59     92     18     36     12     36
   480    210       4.061     72    100     15     45     15     46
   480    220       3.285     70    120     20     31     16     40
   480    230       2.662    118    110     36     49     16     60
   480    240       2.190    100    126     35     51     13     57
   480    250       1.790    141    118     34     57     36     60
   480    260       1.490    138    123     44     50     20     68
   480    270       1.221    143    100     50     51     25     68
   480    280       1.026    140    106     55     44     24     53
   480    290       0.857    176    107     46     54     25     41
   480    300       0.728    220     93     59     38     24     54
   480    310       0.614    186     96     79     36     22     42
   480    320       0.518    208     83     70     34     32     55
   480    330       0.443    231     97     77     35     53     45
   480    340       0.376    243     77     70     21     52     43
   480    350       0.321    245     68     78     16     47     51
   480    360       0.277    240     45     71     22     45     44
   480    370       0.239    232     45     73     14     53     40
   480    380       0.206    203     52     77     10     47     30
   480    390       0.177    242     38     60      9     45     20
   480    400       0.152    204     51     62     12     47     26
   490    140      25.130     13     75      4      4      3     23
   490    150      18.240     19     77      1     10      7     30
   490    160      13.740     20     84      7     11      3     39
   490    170      10.310     21     97      5     23      4     45
   490    180       8.119     27    131      7     20     11     44
   490    190       6.265     50     91     14     28      7     47
   490    200       4.949     48    104     15     29     13     45
   490    210       3.989     62     89     19     24     12     47
   490    220       3.223     84     94     28     29     13     59
   490    230       2.608     90    121     14     38     17     51
   490    240       2.112    115    111     38     51     15     80
   490    250       1.753    147    118     22     45     18     59
   490    260       1.446    142    128     45     55     19     60
   490    270       1.202    123    116     54     58     29     66
   490    280       1.016    155    113     53     61     28     61
   490    290       0.841    176    104     49     44     19     62
   490    300       0.712    191     77     61     50     38     58
   490    310       0.601    182     96     62     31     23     48
   490    320       0.510    212     80     48     40     36     49
   490    330       0.439    248     87     98     33     51     60
   490    340       0.372    248     56     66     28     43     52
   490    350       0.317    263     70     76     30     37     50
   490    360       0.271    246     51     92     30     45     40
   490    370       0.236    262     37     78     15     33     53
   490    380       0.200    237     53     88     16     49     29
   490    390       0.173    227     51     78      7     35     29
   490    400       0.151    221     37     67     13     39     32
   500    140      24.520     17     61      3      8      1     23
   500    150      17.780     20     77      4      7      7     30
   500    160      13.290     26     95      3     20      5     26
   500    170      10.260     28     98      3     26      1     41
   500    180       7.906     32     98     11     22      6     55
   500    190       6.218     44    109      6     30      7     52
   500    200       4.859     57     93     13     27      9     38
   500    210       3.815     70     85     18     25     15     58
   500    220       3.141    107    102     20     39     11     44
   500    230       2.550     96    118     44     41     12     55
   500    240       2.072    104     82     35     46     16     59
   500    250       1.719    105    116     38     62     22     68
   500    260       1.411    132    109     48     61     28     77
   500    270       1.184    160    124     50     47     21     71
   500    280       0.984    146    112     50     33     30     59
   500    290       0.826    176    104     45     45     23     57
   500    300       0.695    206    108     54     32     40     55
   500    310       0.586    198     85     67     30     35     52
   500    320       0.496    242     77     56     42     32     55
   500    330       0.426    230    105     70     30     47     79
   500    340       0.362    248     79     91     33     52     54
   500    350       0.312    261     67     92     32     47     56
   500    360       0.268    254     70     73     21     60     42
   500    370       0.227    234     54     63     17     47     34
   500    380       0.196    260     54     65     16     41     31
   500    390       0.171    261     47     49     14     34     36
   500    400       0.147    253     40     73     10     33     22
   510    140      24.070     14     61      0     10      6     38
   510    150      17.620     19     91      4     10      7     28
   510    160      13.110     22    101      6      6      4     29
   510    170       9.951     29    107      2     21      3     37
   510    180       7.677     35     98      6     30      9     42
   510    190       5.984     32     96     13     21     10     53
   510    200       4.700     57     94     17     28      5     42
   510    210       3.750     63     97     13     33      6     59
   510    220       3.046     75     97     16     30     14     50
   510    230       2.463     94    102     28     35     11     61
   510    240       2.030     86    105     43     40     13     63
   510    250       1.663    113    104     25     42     30     63
   510    260       1.381    120    138     34     38     19     74
   510    270       1.147    149    125     46     59     22     77
   510    280       0.965    152    118     57     56     22     63
   510    290       0.812    165     91     62     48     35     69
   510    300       0.682    189    105     61     51     25     51
   510    310       0.574    184     95     55     35     29     53
   510    320       0.493    184     98     59     40     42     56
   510    330       0.422    230     96     77     29     61     66
   510    340       0.356    272     87     78     28     48     47
   510    350       0.307    265     70     85     34     57     47
   510    360       0.265    293     58    105     28     41     45
   510    370       0.224    274     50     79     21     46     52
   510    380       0.193    272     49     88     15     46     40
   510    390       0.167    272     44     73     14     47     39
   510    400       0.144    237     47     72     22     42     22
   520    140      23.810     16     63      1      8      4     28
   520    150      17.250     10     65      0      9      3     30
   520    160      12.790     21     73      1     14      3     48
   520    170       9.679     24     89      6     18      3     47
   520    180       7.500     29     99      6     25     15     38
   520    190       5.863     46     97     10     19      8     59
   520    200       4.689     47    105      6     32     11     54
   520    210       3.678     60     91     12     38     10     38
   520    220       3.000     75     88     22     41      5     39
   520    230       2.414     92    115     23     34     15     51
   520    240       1.992     84    101     25     36     12     87
   520    250       1.639    119    104     35     35     26     59
   520    260       1.357    145    113     42     47     30     69
   520    270       1.130    148    118     44     40     26     73
   520    280       0.944    163    102     62     53     31     68
   520    290       0.796    175    111     53     51     31     59
   520    300       0.669    179     93     53     41     36     70
   520    310       0.565    192     98     76     30     37     60
   520    320       0.481    224    100     79     34     42     53
   520    330       0.409    250     95     83     31     37     59
   520    340       0.350    278     93     87     39     57     59
   520    350       0.303    296     85     93     40     47     50
   520    360       0.259    240     66     92     27     41     52
   520    370       0.220    291     74     83     28     50     44
   520    380       0.192    281     57     70     18     37     40
   520    390       0.166    276     44     90     14     39     30
   520    400       0.143    237     40     70     18     50     27
   530    140      23.270     10     62      5      8      2     35
   530    150      16.700     13     63      2     11      3     37
   530    160      12.560     15     71      4     15      6     26
   530    170       9.525     32     96      5     20     10     47
   530    180       7.318     37    103      3     20      2     37
   530    190       5.763     46     96     10     28     11     43
   530    200       4.534     42    122      9     31      9     51
   530    210       3.578     65     89     21     29      9     50
   530    220       2.907     57     88     22     30      6     44
   530    230       2.356     84    103     23     32     18     54
   530    240       1.924     86    116     21     36     20     55
   530    250       1.597     83    102     28     48     20     60
   530    260       1.334    130    115     35     38     31     57
   530    270       1.106    136    105     39     48     21     74
   530    280       0.930    135    107     53     45     33     74
   530    290       0.773    175    102     72     40     29     56
   530    300       0.657    187    100     73     29     28     70
   530    310       0.553    192    108     74     40     32     53
   530    320       0.474    209     91     74     34     45     59
   530    330       0.398    252     96     66     36     48     75
   530    340       0.346    266     96     95     32     53     59
   530    350       0.295    289     87     89     44     49     56
   530    360       0.253    264     84     85     29     34     64
   530    370       0.218    250     55     81     23     56     39
   530    380       0.188    262     42    101     23     40     44
   530    390       0.161    245     49     85     26     40     48
   530    400       0.139    239     42     86     12     39     25
   540    140      22.610     14     76      3     10      3     29
   540    150      16.530     16     62      1     14      4     38
   540    160      12.190     24     85      2     11      1     44
   540    170       9.334     26     82      4     28      4     38
   540    180       7.143     35     90     14     17      7     44
   540    190       5.665     36    106      3     23      7     39
   540    200       4.479     35    109     13     27     13     50
   540    210       3.494     54    105     20     43     10     41
   540    220       2.843     80     82     12     35     13     43
   540    230       2.287     64     89     24     29     12     48
   540    240       1.890    103     88     27     31     15     80
   540    250       1.570     90    120     31     47     18     78
   540    260       1.285    109     93     40     37     26     62
   540    270       1.084    111    111     34     39     26     76
   540    280       0.897    158    122     55     38     33     51
   540    290       0.762    173    109     64     50     27     42
   540    300       0.648    181    103     63     32     44     53
   540    310       0.541    200     80     69     36     38     68
   540    320       0.460    201     86     92     31     34     61
   540    330       0.394    238    117     66     58     31     69
   540    340       0.338    225     84     86     45     40     59
   540    350       0.287    274     84     71     30     53     54
   540    360       0.247    276     92    105     18     60     60
   540    370       0.214    270     73     96     24     50     42
   540    380       0.185    273     47     82     25     40     39
   540    390       0.159    278     56     77     21     48     35
   540    400       0.140    260     42     77     13     46     38
   550    140      22.410      9     54      2      4      4     23
   550    150      16.080     15     60      2     16      5     28
   550    160      12.140     27     77      6     12      6     36
   550    170       9.055     25     81      4     22      6     39
   550    180       7.040     27    125      5     16      8     39
   550    190       5.536     42     93      7     25      8     29
   550    200       4.317     44    100     12     23     11     55
   550    210       3.513     56    107     11     29     12     59
   550    220       2.787     70     98     16     37     16     51
   550    230       2.268     84     90     24     31     13     48
   550    240       1.862     71     95     32     39     14     48
   550    250       1.515     88     86     20     47     13     51
   550    260       1.257    111    104     38     52     31     51
   550    270       1.064    115    111     41     58     19     63
   550    280       0.887    142    125     48     49     14     74
   550    290       0.738    170    106     62     45     18     73
   550    300       0.634    179     96     75     37     33     51
   550    310       0.528    196     85     70     38     29     55
   550    320       0.451    194     81     69     46     31     52
   550    330       0.384    247    116     74     42     46     67
   550    340       0.335    242     83     86     45     54     51
   550    350       0.284    258     84     95     39     57     66
   550    360       0.244    285     86     94     34     45     61
   550    370       0.210    288     78    109     28     41     52
   550    380       0.182    264     61     97     25     40     42
   550    390       0.157    276     62     69     21     54     42
   550    400       0.136    282     54     78     24     57     31
   560    140      21.870      9     61      1     11      3     31
   560    150      15.930     12    102      2     11      5     30
   560    160      11.790     29     79      1     19      6     36
   560    170       8.974     26     83      4     16      3     35
   560    180       6.912     32    103      5     17      5     50
   560    190       5.405     35     90      9     20      7     42
   560    200       4.263     49    100     12     32     10     43
   560    210       3.379     55    113     10     29      8     47
   560    220       2.716     89    111     20     36      9     42
   560    230       2.211     78     90     28     36     14     38
   560    240       1.825     84     86     30     36     12     50
   560    250       1.481     73     95     32     42     19     62
   560    260       1.251    108     92     43     44     23     53
   560    270       1.032    109    120     35     59     22     57
   560    280       0.869    131     96     46     45     24     65
   560    290       0.731    140     97     57     44     38     59
   560    300       0.622    174     92     55     49     32     39
   560    310       0.523    214     80     70     34     39     53
   560    320       0.442    189     90     58     50     33     53
   560    330       0.383    226     99     79     31     40     76
   560    340       0.323    245     94     85     35     57     71
   560    350       0.278    260     86     80     35     46     65
   560    360       0.238    270     87     84     27     46     48
   560    370       0.205    261     75     84     32     47     54
   560    380       0.176    265     54     78     25     59     46
   560    390       0.154    272     41     82     32     59     32
   560    400       0.134    262     51    107     22     38     43
   570    140      21.740     19     59      3      9     10     19
   570    150      15.680     11     75      2     10      6     24
   570    160      11.630     24     72      3     10      1     28
   570    170       8.830     27     89      8     16      3     36
   570    180       6.762     33    101      4     21      6     41
   570    190       5.266     31    103     12     21      7     42
   570    200       4.139     38    119     12     31      9     45
   570    210       3.350     62     93     11     34      9     50
   570    220       2.699     48    101     20     44     19     53
   570    230       2.160     82     96     29     42     15     50
   570    240       1.778    102     82     20     33     17     52
   570    250       1.472     78     94     26     43     17     45
   570    260       1.219    108     98     35     42     20     37
   570    270       1.007    100     96     42     44     23     60
   570    280       0.852    118    100     54     52     22     58
   570    290       0.719    131    116     53     36     30     55
   570    300       0.607    185     96     53     40     43     63
   570    310       0.512    209     76     90     54     33     52
   570    320       0.438    183     76     87     37     32     57
   570    330       0.374    233    123     85     37     52     61
   570    340       0.316    271     95     71     35     52     84
   570    350       0.277    244     99     91     29     57     75
   570    360       0.237    278     72    106     43     50     64
   570    370       0.204    277     96     84     31     47     54
   570    380       0.175    263     68     85     39     51     35
   570    390       0.151    279     57     96     24     49     41
   570    400       0.132    262     53     87     24     52     36
   580    140      21.200     14     48      2      8      4     25
   580    150      15.260     11     64      0     12      3     38
   580    160      11.450     22     66      4      9      5     32
   580    170       8.642     27     84      3     24      7     39
   580    180       6.588     28     90      9     15      9     45
   580    190       5.171     35    104      3     18      9     44
   580    200       4.080     44     90      9     26      6     34
   580    210       3.279     52    100     13     29     12     50
   580    220       2.626     69    120     10     38      8     50
   580    230       2.112     54    100     22     47     13     40
   580    240       1.739     76     89     30     32     13     58
   580    250       1.414     96     85     28     32     19     58
   580    260       1.198    102     93     28     34     15     60
   580    270       0.989    127     90     39     52     20     50
   580    280       0.827    123    112     53     41     21     54
   580    290       0.705    152    111     53     42     28     46
   580    300       0.593    163     93     63     46     34     56
   580    310       0.500    201     97     68     38     39     59
   580    320       0.431    219     97     87     45     30     58
   580    330       0.365    266    131    114     37     49     61
   580    340       0.312    244    102    101     38     52     70
   580    350       0.267    245     91    101     48     51     76
   580    360       0.230    257     90     92     32     57     53
   580    370       0.200    259     80     90     33     53     62
   580    380       0.171    274     64    105     28     43     55
   580    390       0.148    268     54     95     26     54     42
   580    400       0.130    273     51    108     19     57     30
   590    140      20.940     16     64      2     17      1     29
   590    150      15.270     23     61      4      7      5     35
   590    160      11.200     19     79      6     15      2     27
   590    170       8.494     28     81      4     26     10     37
   590    180       6.541     40     73      1     26     12     43
   590    190       5.141     51     89     11     32      8     46
   590    200       4.000     42    112      9     35      5     43
   590    210       3.206     47     90      8     32     14     40
   590    220       2.579     47    107     16     33     11     45
   590    230       2.097     68     99     17     40      8     49
   590    240       1.719     68     92     19     28     19     38
   590    250       1.404     68     96     24     28     17     61
   590    260       1.172     94     89     27     38     19     54
   590    270       0.976     88     66     42     32     18     51
   590    280       0.821     95     98     45     52     18     57
   590    290       0.695    129     94     55     53     29     47
   590    300       0.579    184     98     69     40     32     50
   590    310       0.491    172    100     70     43     41     53
   590    320       0.421    206     86     73     35     31     45
   590    330       0.360    235    112     86     45     61     78
   590    340       0.306    275     98    102     38     48     69
   590    350       0.266    270     90     92     33     48     57
   590    360       0.228    280     87    123     39     49     38
   590    370       0.195    274     72     99     35     63     65
   590    380       0.169    268     69     95     39     54     45
   590    390       0.148    251     61    100     25     56     39
   590    400       0.127    298     65     94     34     50     40
   600    140      20.550     17     57      3      9      2     25
   600    150      14.980     18     69      5      9      4     26
   600    160      11.110     16     80      4     11      3     37
   600    170       8.379     28     96      7     15      6     27
   600    180       6.402     38     80      9     22     11     40
   600    190       5.039     39    102      4     19      7     51
   600    200       4.005     34     94     17     26      9     43
   600    210       3.172     37    112      9     21     10     47
   600    220       2.545     65     95     17     39     13     52
   600    230       2.066     60    114     15     45     10     60
   600    240       1.680     71    102     21     37      9     56
   600    250       1.372     71     72     14     36     17     40
   600    260       1.140     91     80     31     39     18     44
   600    270       0.960     94     79     40     36     25     55
   600    280       0.809    115    104     44     34     24     65
   600    290       0.668    158     90     53     50     28     53
   600    300       0.572    151     89     70     34     28     52
   600    310       0.487    185     96     61     58     33     50
   600    320       0.409    195     77     68     37     32     48
   600    330       0.357    209     83     74     48     46     62
   600    340       0.302    229     91     88     47     55     69
   600    350       0.262    231     76     78     38     60     63
   600    360       0.225    281     84     95     56     42     71
   600    370       0.191    253     75    103     27     59     50
   600    380       0.167    286     78     95     30     59     62
   600    390       0.145    267     61     89     38     52     50
   600    400       0.125    279     52     92     32     46     37
