m0_binning   41  200  600  10
m12_binning  27  140  400  10
NscanPoints  1107
    m0    m12      Xsec     n_sig    n_sb    n_sig_sl   n_sb_sl  n_sig_ldp  n_sb_ldp
   200    140      62.510     67    133     10     26     10     50
   200    150      44.630     87    130     19     24     10     48
   200    160      33.610     79    161     25     44     14     52
   200    170      25.230    104    149     25     53     12     56
   200    180      19.100    115    141     26     36     19     48
   200    190      14.810    165    142     31     34     12     57
   200    200      11.510    201    148     51     40     18     56
   200    210       9.020    236    149     41     41     17     67
   200    220       7.157    218    149     57     41     22     58
   200    230       5.732    224    135     66     39     20     54
   200    240       4.535    215    114     91     33     23     58
   200    250       3.763    239    102     96     39     26     47
   200    260       3.048    223    121     84     36     25     34
   200    270       2.553    259    112    100     27     23     31
   200    280       2.108    232     91     82     34     26     51
   200    290       1.793    250    108    108     44     28     33
   200    300       1.512    234     69    104     44     18     34
   200    310       1.293    241     80    116     32     32     45
   200    320       1.127    253     64     99     34     29     37
   200    330       0.982    247     69     89     26     34     30
   200    340       0.854    214     49     99     25     27     33
   200    350       0.754    200     46    102     18     25     20
   200    360       0.675    223     40    113     28     30     22
   200    370       0.597    204     39     86     18     20     24
   200    380       0.530    184     28     84     17     25     18
   200    390       0.484    189     38     87     10     31     16
   200    400       0.432    187     20     77      7     21     10
   210    140      59.510     59    143     12     35      8     55
   210    150      43.190     62    153      8     35     19     64
   210    160      32.220    101    169     19     35     15     59
   210    170      24.560    119    131     19     66     13     65
   210    180      18.470    148    160     35     40     20     60
   210    190      14.160    156    160     54     51     15     47
   210    200      11.200    190    173     38     42     21     50
   210    210       8.762    233    155     52     34     24     69
   210    220       6.998    290    135     52     29     27     50
   210    230       5.576    294    165     67     36     22     57
   210    240       4.413    269    124     71     36     36     39
   210    250       3.621    275    115     84     37     27     35
   210    260       2.939    292    109     99     22     27     42
   210    270       2.448    267     88    118     33     25     41
   210    280       1.999    285     87    108     39     38     55
   210    290       1.662    302     92    133     30     27     38
   210    300       1.384    318     94    114     40     28     34
   210    310       1.166    299     58    109     36     33     34
   210    320       0.991    302     67    139     37     32     35
   210    330       0.841    292     57    117     29     45     22
   210    340       0.723    269     48    118     24     37     35
   210    350       0.626    254     54    117     21     25     22
   210    360       0.544    240     55    129     20     24     15
   210    370       0.475    265     54    118     19     32     26
   210    380       0.417    251     34    111     20     28     18
   210    390       0.365    248     35    105     18     26     23
   210    400       0.324    242     26    125     15     21     18
   220    140      57.630     74    162      9     30     22     67
   220    150      42.480     73    169     17     37     20     62
   220    160      31.140     98    161     12     46     15     60
   220    170      23.750     92    160     24     48     14     59
   220    180      17.960    124    170     42     58     21     82
   220    190      13.870    148    169     53     50     19     68
   220    200      10.940    168    144     53     42     22     59
   220    210       8.607    194    150     53     61     28     52
   220    220       6.745    231    155     57     43     24     31
   220    230       5.412    268    134     66     30     31     57
   220    240       4.345    315    128     63     34     24     41
   220    250       3.506    334    130     74     39     41     53
   220    260       2.857    332    106     98     31     35     52
   220    270       2.350    339     88    114     29     30     48
   220    280       1.918    305     85    116     38     34     46
   220    290       1.603    313     87    123     28     33     45
   220    300       1.338    337     97    128     32     37     42
   220    310       1.107    323     75    138     24     44     40
   220    320       0.938    335     73    139     39     24     38
   220    330       0.799    329     60    143     24     29     31
   220    340       0.670    336     71    160     31     35     35
   220    350       0.584    324     64    134     28     21     22
   220    360       0.498    309     58    119     20     34     33
   220    370       0.428    307     42    143     31     38     23
   220    380       0.370    281     50    125     25     29     24
   220    390       0.325    284     43    144     25     29     19
   220    400       0.282    270     37    135     13     23     22
   230    140      55.850     49    133     10     25     19     66
   230    150      41.210     77    173     13     36     17     66
   230    160      30.200     96    189     20     36     16     68
   230    170      22.890    118    181     28     38     26     69
   230    180      17.400    160    181     33     41     16     57
   230    190      13.530    149    148     42     52     15     63
   230    200      10.670    194    183     47     50     20     59
   230    210       8.257    188    136     76     51     21     59
   230    220       6.526    245    161     71     50     19     52
   230    230       5.274    284    133     83     55     27     53
   230    240       4.191    303    127     82     41     37     59
   230    250       3.398    365    128     65     33     22     55
   230    260       2.785    410    104     88     32     33     44
   230    270       2.253    409    108     96     39     24     51
   230    280       1.869    396    104    101     33     24     35
   230    290       1.529    375    106    126     20     43     35
   230    300       1.298    388     79    142     33     36     37
   230    310       1.076    353     77    129     33     24     52
   230    320       0.900    322     85    129     26     32     34
   230    330       0.755    361     72    168     39     37     31
   230    340       0.643    368     49    148     33     37     43
   230    350       0.549    349     64    147     31     39     34
   230    360       0.472    333     54    151     31     39     24
   230    370       0.400    314     51    141     20     23     32
   230    380       0.349    315     44    165     11     42     24
   230    390       0.299    283     41    143     27     31     18
   230    400       0.264    283     43    134     19     29     22
   240    140      53.920     51    176      8     36     19     73
   240    150      39.350     72    205     10     39     15     91
   240    160      29.510     98    181     15     46     16     85
   240    170      22.230    126    187     28     52     23     74
   240    180      16.780    121    171     31     58     19     87
   240    190      13.190    156    195     48     43     29     60
   240    200      10.280    214    163     53     56     25     70
   240    210       8.075    216    181     73     61     32     59
   240    220       6.383    250    167     67     53     23     66
   240    230       5.178    257    148     70     61     34     51
   240    240       4.097    282    132     83     54     26     44
   240    250       3.364    344    122     87     41     33     54
   240    260       2.710    352    112    107     43     32     59
   240    270       2.237    379    105    110     35     24     64
   240    280       1.821    423     94     95     35     37     35
   240    290       1.501    421    102     96     22     49     34
   240    300       1.260    409     98    110     31     27     33
   240    310       1.045    411     89    127     31     46     36
   240    320       0.872    373     92    142     28     46     35
   240    330       0.728    397     51    158     31     44     35
   240    340       0.622    381     68    159     27     40     32
   240    350       0.532    366     60    144     29     39     35
   240    360       0.450    346     61    148     19     32     29
   240    370       0.389    324     40    127     21     44     24
   240    380       0.335    353     51    176     19     31     26
   240    390       0.287    320     42    136     13     31     22
   240    400       0.249    324     48    145     14     43     22
   250    140      51.640     55    171      8     17     18     78
   250    150      37.970     80    210      6     48     20     88
   250    160      28.590    110    202     19     39     20     85
   250    170      21.310    105    220     27     58     17     91
   250    180      16.390    138    199     31     69     18     93
   250    190      12.690    172    188     48     44     29     90
   250    200       9.887    210    179     62     61     20     63
   250    210       7.798    230    154     68     67     28     62
   250    220       6.188    249    145     79     45     34     57
   250    230       5.003    243    146     91     60     25     52
   250    240       4.004    295    127     99     56     23     42
   250    250       3.247    357    116    130     42     30     62
   250    260       2.653    344    138    113     40     34     49
   250    270       2.158    354    103    138     41     42     35
   250    280       1.772    436     98    120     33     40     38
   250    290       1.485    449     91    125     41     33     42
   250    300       1.218    448     96     97     25     31     38
   250    310       1.025    519     73    108     15     38     33
   250    320       0.850    481     76    104     28     44     44
   250    330       0.724    444     72    133     20     40     38
   250    340       0.612    417     71    138     28     33     31
   250    350       0.517    399     63    149     24     41     38
   250    360       0.443    413     59    143     26     34     33
   250    370       0.374    419     55    133     20     37     15
   250    380       0.320    369     54    157     29     29     32
   250    390       0.279    327     37    153     23     38     26
   250    400       0.238    355     41    139     16     32     20
   260    140      49.360     64    173     11     28     18     82
   260    150      36.800     93    183     13     29     10     91
   260    160      27.380    110    211     19     58     17    101
   260    170      21.030    129    217     22     54     16     89
   260    180      15.700    156    198     35     50     26     84
   260    190      12.400    180    183     55     63     24     87
   260    200       9.631    218    196     50     61     15     74
   260    210       7.590    224    164     75     46     27     57
   260    220       6.077    227    177     81     57     28     79
   260    230       4.879    302    151     85     72     31     71
   260    240       3.923    292    134    108     53     33     64
   260    250       3.145    343    116    110     48     39     50
   260    260       2.599    345    143    128     41     36     64
   260    270       2.113    370    116    127     42     40     50
   260    280       1.733    396    103    134     39     36     52
   260    290       1.457    394     87    103     50     41     32
   260    300       1.191    410     94    136     29     31     42
   260    310       0.996    451     74    135     21     38     29
   260    320       0.839    490     81    138     31     42     42
   260    330       0.702    453     78    114     24     32     39
   260    340       0.594    457     65    127     19     46     27
   260    350       0.504    478     64    121     18     21     33
   260    360       0.421    427     74    134     20     37     32
   260    370       0.364    408     64    161     21     36     33
   260    380       0.313    406     55    145     22     44     28
   260    390       0.271    379     51    150     17     35     18
   260    400       0.231    392     47    159     13     43     21
   270    140      48.290     64    177      9     32     14     84
   270    150      35.270     77    197     13     44     23    103
   270    160      26.570    103    211     25     39     19     93
   270    170      20.020    120    230     30     51     21     95
   270    180      15.240    166    232     38     53     25     96
   270    190      12.000    183    240     48     68     33     92
   270    200       9.331    209    223     53     51     31     98
   270    210       7.341    235    211     56     51     36     77
   270    220       5.857    266    148     83     82     22     66
   270    230       4.707    282    175    104     60     22     70
   270    240       3.876    316    133    130     55     31     63
   270    250       3.090    341    146    105     55     33     68
   270    260       2.518    344    113    123     46     31     58
   270    270       2.043    364    109    113     54     38     54
   270    280       1.691    392    101    135     44     33     58
   270    290       1.396    397     80    135     43     31     55
   270    300       1.161    409     89    149     36     38     44
   270    310       0.976    441     97    145     34     35     27
   270    320       0.809    464     66    153     28     37     40
   270    330       0.692    505     60    133     22     45     39
   270    340       0.575    492     76    122     19     48     23
   270    350       0.492    500     62    125     17     55     38
   270    360       0.416    493     62    118     29     46     34
   270    370       0.357    479     48    124     17     42     20
   270    380       0.306    460     56    138     15     37     16
   270    390       0.262    383     50    149     17     54     22
   270    400       0.227    359     49    147     15     35     27
   280    140      46.640     70    209      9     27     13     89
   280    150      34.400     65    203     13     33     21     84
   280    160      25.550    114    216     15     43     23    100
   280    170      19.490    129    234     27     53     17     96
   280    180      14.960    150    235     27     52     22    115
   280    190      11.580    184    221     36     57     30    100
   280    200       9.085    230    240     40     68     36     93
   280    210       7.192    235    226     55     57     25     90
   280    220       5.774    291    174     89     63     28     85
   280    230       4.612    324    150    102     72     20     54
   280    240       3.677    340    161    104     79     36     61
   280    250       3.041    329    157    129     60     41     61
   280    260       2.460    333    127    133     51     25     52
   280    270       2.033    388    114    134     63     35     57
   280    280       1.674    369    108    165     57     46     55
   280    290       1.378    407     96    170     38     35     56
   280    300       1.132    403    108    157     26     38     47
   280    310       0.951    386     93    162     38     39     25
   280    320       0.803    460     80    170     39     44     37
   280    330       0.675    460     76    168     21     39     37
   280    340       0.568    455     68    144     26     31     37
   280    350       0.478    472     73    144     16     42     33
   280    360       0.412    490     63    127     22     44     42
   280    370       0.346    477     59    115     20     43     23
   280    380       0.296    471     54    114     18     45     25
   280    390       0.254    459     54    132     16     48     22
   280    400       0.219    416     55    124     15     39     21
   290    140      45.330     68    150      8     29     20     88
   290    150      33.020     67    200     15     42     34    114
   290    160      24.730     77    206     19     45     25    108
   290    170      18.660    123    257     25     50     22    109
   290    180      14.410    155    268     40     61     29    118
   290    190      11.270    185    244     35     62     28    121
   290    200       8.797    216    229     55     67     22    118
   290    210       6.950    264    216     68     58     31    123
   290    220       5.520    287    179     83     58     32    113
   290    230       4.527    311    183     81     68     34     75
   290    240       3.617    329    143    116     65     30     66
   290    250       2.965    351    152    110     69     21     61
   290    260       2.393    377    128    134     63     35     55
   290    270       1.972    392    114    133     53     43     52
   290    280       1.627    390    105    176     57     32     52
   290    290       1.352    440    102    154     39     46     46
   290    300       1.115    423    103    169     51     45     57
   290    310       0.922    447     83    170     35     53     55
   290    320       0.783    457     79    176     41     50     32
   290    330       0.651    431     75    174     32     38     36
   290    340       0.550    461     55    181     24     39     28
   290    350       0.471    455     68    153     20     44     37
   290    360       0.400    468     57    160     25     40     28
   290    370       0.342    473     49    138     30     40     28
   290    380       0.293    517     50    159     24     32     26
   290    390       0.251    502     52    127     16     45     24
   290    400       0.215    471     39    134     10     46     18
   300    140      43.190     61    188     16     20     14     93
   300    150      31.890     95    204     10     41     16     97
   300    160      23.650    117    246     15     43     31     92
   300    170      18.370    122    272     29     57     25    101
   300    180      14.060    158    258     31     70     29    124
   300    190      10.880    202    244     45     57     26    127
   300    200       8.570    226    267     58     70     32    125
   300    210       6.787    254    247     66     78     32    114
   300    220       5.412    286    259     74     75     27    108
   300    230       4.357    321    204     85     64     45     97
   300    240       3.522    331    199     86     64     34     92
   300    250       2.872    360    136    124     67     39     73
   300    260       2.337    374    156    151     53     44     76
   300    270       1.917    376    127    147     60     47     69
   300    280       1.586    405    125    153     43     37     59
   300    290       1.311    404    121    168     46     54     57
   300    300       1.082    429     97    176     50     35     39
   300    310       0.916    444     79    167     42     33     43
   300    320       0.761    421     70    183     42     39     35
   300    330       0.643    391     71    184     30     45     31
   300    340       0.542    416     75    175     32     51     36
   300    350       0.459    468     62    177     35     41     33
   300    360       0.391    445     49    156     25     33     27
   300    370       0.335    452     47    181     30     38     42
   300    380       0.285    491     56    194     24     30     24
   300    390       0.246    488     42    140     12     47     32
   300    400       0.211    469     40    129     15     38     18
   310    140      41.920     72    197     13     29     10     88
   310    150      30.680     84    202     10     39     22     98
   310    160      22.920    122    231     14     39     21    109
   310    170      17.510    125    250     18     55     32    123
   310    180      13.530    145    255     48     59     23    120
   310    190      10.680    183    269     47     68     24    122
   310    200       8.364    236    278     42     77     35    145
   310    210       6.632    230    250     53     63     36    132
   310    220       5.240    282    260     75     71     36    128
   310    230       4.245    351    200     80     70     49    105
   310    240       3.401    330    171     91     64     43     97
   310    250       2.792    313    196     82     70     55     97
   310    260       2.292    377    157    136     69     39     80
   310    270       1.884    405    135    141     63     44     74
   310    280       1.558    397    130    156     59     53     55
   310    290       1.274    408    119    179     50     41     46
   310    300       1.059    451    102    180     41     42     38
   310    310       0.891    432     68    196     34     60     49
   310    320       0.742    445     76    204     34     44     33
   310    330       0.629    483     80    182     35     53     25
   310    340       0.534    461     76    225     37     39     29
   310    350       0.452    453     67    189     34     39     32
   310    360       0.382    434     61    206     21     34     30
   310    370       0.326    425     59    162     30     47     22
   310    380       0.283    451     50    194     17     38     31
   310    390       0.241    458     48    134     17     40     22
   310    400       0.207    437     45    191     21     54     30
   320    140      40.450     69    185      5     38     17     91
   320    150      29.710     98    184     13     33     18     71
   320    160      22.070    100    260     14     65     12    105
   320    170      16.980    110    227     25     66     32    100
   320    180      13.220    135    255     32     56     24    122
   320    190      10.220    205    284     37     79     31    123
   320    200       8.005    231    276     34     78     25    110
   320    210       6.435    258    265     55     73     30    126
   320    220       5.084    275    238     61     68     33    130
   320    230       4.096    332    236     81     61     43    116
   320    240       3.345    363    224     82     66     46     94
   320    250       2.752    351    189     98     80     48     98
   320    260       2.229    393    181    124     65     39    107
   320    270       1.844    389    160    134     69     48     91
   320    280       1.503    408    144    179     55     54     75
   320    290       1.254    440    113    177     53     40     64
   320    300       1.046    458     99    180     64     43     61
   320    310       0.883    445     86    212     41     42     37
   320    320       0.737    420     92    183     37     25     40
   320    330       0.611    441     86    238     41     46     34
   320    340       0.522    450     69    208     42     36     44
   320    350       0.441    462     52    198     29     49     41
   320    360       0.378    475     73    198     31     39     28
   320    370       0.320    478     56    178     26     43     29
   320    380       0.273    422     51    198     18     44     28
   320    390       0.238    442     56    175     23     48     23
   320    400       0.203    451     62    185     20     49     27
   330    140      38.820     68    172     10     35     19     75
   330    150      28.730     98    209     17     38     16    107
   330    160      21.450    102    246     27     49     24    113
   330    170      16.500    128    277     22     46     32    134
   330    180      12.850    167    260     39     85     23    125
   330    190       9.974    213    274     40     54     36    144
   330    200       7.820    231    298     56     78     41    124
   330    210       6.235    279    278     65     80     37    142
   330    220       4.977    348    253     72     71     45    120
   330    230       4.011    353    240     75     76     42    119
   330    240       3.287    380    225     68     67     48    112
   330    250       2.631    370    223     71     64     50    113
   330    260       2.189    356    188    123     64     56     87
   330    270       1.798    425    193     96     67     55    121
   330    280       1.495    432    145    152     60     48     77
   330    290       1.230    411    133    149     42     46     58
   330    300       1.023    469    105    195     44     50     57
   330    310       0.852    446    108    200     46     37     49
   330    320       0.714    457     99    204     36     46     40
   330    330       0.610    452     74    218     33     56     59
   330    340       0.506    457     73    213     34     52     38
   330    350       0.429    450     61    244     26     45     35
   330    360       0.370    469     71    196     33     41     24
   330    370       0.313    413     52    221     31     49     21
   330    380       0.270    443     66    206     30     38     23
   330    390       0.230    473     38    195     21     46     27
   330    400       0.198    441     51    181     27     45     25
   340    140      37.770     54    184      5     34     16     79
   340    150      27.640     84    226      8     45     23     96
   340    160      20.880     99    207     23     39     24    127
   340    170      15.970    123    263     23     61     28    101
   340    180      12.350    153    270     42     65     32    139
   340    190       9.616    197    281     40     75     30    137
   340    200       7.576    254    310     45     72     37    114
   340    210       6.037    261    278     36     85     31    128
   340    220       4.856    308    281     62     82     57    121
   340    230       3.875    342    252     77     75     57    141
   340    240       3.147    385    229     78     61     53    109
   340    250       2.598    371    229     80     60     43    111
   340    260       2.124    403    201    106     64     40    109
   340    270       1.740    445    201    107     43     59    109
   340    280       1.448    487    188    109     78     63     99
   340    290       1.199    455    174    169     54     50     85
   340    300       1.004    453    122    179     38     43     51
   340    310       0.838    430     89    195     42     52     46
   340    320       0.694    453     89    201     44     45     34
   340    330       0.589    489     87    191     39     45     42
   340    340       0.498    484     77    198     49     49     44
   340    350       0.423    449     70    220     33     46     37
   340    360       0.360    434     71    187     39     51     25
   340    370       0.304    468     68    221     31     40     31
   340    380       0.263    469     42    215     20     48     31
   340    390       0.229    448     47    202     25     51     31
   340    400       0.197    445     37    185     18     43     30
   350    140      36.410     66    154     16     35     16     89
   350    150      26.920     78    206     21     46     15    110
   350    160      20.060     95    219     24     45     15    108
   350    170      15.430    132    277     27     60     27    128
   350    180      11.950    173    258     32     72     28    111
   350    190       9.182    190    289     45     68     36    133
   350    200       7.349    228    279     53     93     43    149
   350    210       5.898    272    283     68     84     37    136
   350    220       4.684    323    281     72     93     45    151
   350    230       3.793    330    250     85     74     40    137
   350    240       3.014    381    231     76     70     50    132
   350    250       2.520    410    239    111     63     56    135
   350    260       2.050    410    210    123     61     43    123
   350    270       1.706    480    186    114     43     57    102
   350    280       1.403    443    150    107     56     59    128
   350    290       1.183    447    176    128     43     50     98
   350    300       0.987    441    142    153     59     55     69
   350    310       0.825    491     97    200     50     56     54
   350    320       0.687    462     83    211     49     44     57
   350    330       0.588    479     83    237     46     64     36
   350    340       0.489    485     83    227     47     62     50
   350    350       0.416    495     81    234     51     55     29
   350    360       0.352    503     70    220     28     56     36
   350    370       0.302    448     62    218     30     44     34
   350    380       0.259    487     54    184     28     49     26
   350    390       0.222    440     58    202     23     56     35
   350    400       0.193    439     53    199     21     37     30
   360    140      35.300     74    189     11     27      8     82
   360    150      25.800     88    185     17     37     15     99
   360    160      19.630    113    216     21     52     18     90
   360    170      14.880    120    274     24     38     27    123
   360    180      11.560    185    289     37     46     27    114
   360    190       9.005    217    297     41     65     18    157
   360    200       7.236    222    309     56     88     37    147
   360    210       5.680    263    270     58     79     49    140
   360    220       4.583    336    260     71     72     50    133
   360    230       3.684    365    276     65     88     45    110
   360    240       3.000    392    249    108     83     56    142
   360    250       2.453    390    243     72     72     54    144
   360    260       2.001    401    226    125     58     56    121
   360    270       1.669    456    192    107     57     59    102
   360    280       1.375    417    176    128     71     61    127
   360    290       1.147    491    156    136     56     55    102
   360    300       0.956    519    147    155     56     68     81
   360    310       0.805    481    125    168     53     52     52
   360    320       0.672    462    100    216     45     64     59
   360    330       0.563    512    106    211     55     51     47
   360    340       0.482    508     92    218     40     62     33
   360    350       0.408    491     59    213     31     69     40
   360    360       0.349    508     74    231     36     53     34
   360    370       0.294    434     50    229     23     58     33
   360    380       0.253    495     54    253     34     44     24
   360    390       0.219    449     57    247     31     48     26
   360    400       0.190    433     62    206     28     46     21
   370    140      33.860     71    177      9     37     16     80
   370    150      25.070     79    184     19     52     16     82
   370    160      18.780    106    238     24     43     22    111
   370    170      14.570    144    256     27     61     29    108
   370    180      11.160    143    317     34     65     36    128
   370    190       8.722    182    319     40     69     33    137
   370    200       6.954    238    294     59     83     38    160
   370    210       5.480    254    287     57     84     39    159
   370    220       4.422    303    297     80     87     47    148
   370    230       3.601    395    282     79     87     51    155
   370    240       2.908    372    279    110     87     48    137
   370    250       2.373    366    234    138     88     48    135
   370    260       1.963    439    202    112     80     55    120
   370    270       1.629    484    194    125     65     70    117
   370    280       1.331    505    148    134     68     65    110
   370    290       1.121    484    162    125     55     67     84
   370    300       0.935    464    164    151     57     63     70
   370    310       0.786    529    134    147     52     64     89
   370    320       0.657    473    113    170     44     49     65
   370    330       0.562    558    109    195     52     78     62
   370    340       0.467    545     83    191     38     68     55
   370    350       0.401    531     81    213     51     67     48
   370    360       0.342    464     49    237     41     51     45
   370    370       0.291    459     70    217     29     52     32
   370    380       0.250    467     51    225     35     52     42
   370    390       0.215    462     56    196     28     42     25
   370    400       0.185    451     45    209     26     43     35
   380    140      33.060     81    177     11     35     11    105
   380    150      24.480     79    204      9     39     29     87
   380    160      18.180    121    213     23     51     16     94
   380    170      13.850    125    222     33     58     17    131
   380    180      10.920    148    255     28     74     34    144
   380    190       8.642    180    287     31    104     35    137
   380    200       6.701    222    305     60     80     28    142
   380    210       5.411    224    344     66     77     41    155
   380    220       4.339    305    320     90     77     58    142
   380    230       3.504    334    296     79     97     55    153
   380    240       2.823    335    258    110     88     45    143
   380    250       2.318    379    256    101     84     49    149
   380    260       1.912    453    232    109     84     67    125
   380    270       1.561    487    201    111     66     71    139
   380    280       1.310    466    183    134     83     76    119
   380    290       1.088    525    156    143     59     64     94
   380    300       0.912    552    141    140     63     64     82
   380    310       0.766    536    126    146     58     73     88
   380    320       0.647    544    134    155     52     65     77
   380    330       0.546    595    123    179     51     72     99
   380    340       0.462    609    109    206     51     85     58
   380    350       0.393    543     85    212     43     74     57
   380    360       0.335    489     77    233     27     68     38
   380    370       0.286    517     82    222     31     64     46
   380    380       0.244    465     64    226     26     58     29
   380    390       0.211    442     51    203     38     58     27
   380    400       0.181    476     51    207     26     50     22
   390    140      32.590     33    153      2     28      9     94
   390    150      23.360     82    196     16     41     14    102
   390    160      17.790    114    244     21     49     21    106
   390    170      13.620    147    251     18     59     21    105
   390    180      10.550    173    263     34     52     29    121
   390    190       8.207    188    285     43     64     32    147
   390    200       6.515    213    351     37     83     33    144
   390    210       5.227    282    327     54     90     39    131
   390    220       4.208    320    304     75     98     47    121
   390    230       3.390    359    313     91     92     46    160
   390    240       2.740    369    248     92     85     53    158
   390    250       2.265    399    262     85     97     47    146
   390    260       1.850    461    247    113     81     64    144
   390    270       1.529    442    241    142     67     57    130
   390    280       1.287    482    199    108     71     78    125
   390    290       1.068    530    182    150     68     78    111
   390    300       0.895    520    161    139     43     72     92
   390    310       0.745    499    151    146     50     67     99
   390    320       0.627    509    141    160     40     81     87
   390    330       0.535    625    149    168     38    106    102
   390    340       0.453    678    131    203     47     91    102
   390    350       0.386    582    120    228     52     74     69
   390    360       0.333    541     88    225     43     80     64
   390    370       0.281    532     81    218     30     67     43
   390    380       0.241    509     67    232     48     55     34
   390    390       0.207    491     60    206     36     67     26
   390    400       0.179    505     52    231     33     50     38
   400    140      31.200     37    170     10     24     12     84
   400    150      23.090    111    226     10     43     14     77
   400    160      17.190     99    231     18     64     25    105
   400    170      13.090    118    247     27     79     23    121
   400    180      10.270    136    273     38     62     23    125
   400    190       7.999    173    293     46     59     35    143
   400    200       6.345    219    288     51     73     45    145
   400    210       5.014    266    307     67     95     30    175
   400    220       4.026    284    279     69     88     42    162
   400    230       3.292    332    319     96     86     55    174
   400    240       2.671    357    287     90     96     49    190
   400    250       2.210    395    237    103     95     50    141
   400    260       1.800    445    259    110     86     65    145
   400    270       1.501    479    283    127     82     81    131
   400    280       1.235    508    214    138     67     80    121
   400    290       1.033    525    165    145     62    105    122
   400    300       0.876    537    152    152     54     61    101
   400    310       0.738    574    153    146     49     87     88
   400    320       0.622    567    138    176     42     97    102
   400    330       0.526    617    148    166     48    102    111
   400    340       0.441    628    140    207     60    110     87
   400    350       0.378    661    115    222     38    106     92
   400    360       0.320    616     73    207     44     95     61
   400    370       0.274    576     77    230     39     60     56
   400    380       0.237    582     70    245     33     58     46
   400    390       0.204    489     62    212     36     62     41
   400    400       0.176    523     66    211     29     55     23
   410    140      30.540     43    182      1     26      7     92
   410    150      22.190     92    204     18     53     15    104
   410    160      16.570    132    244     23     61     26    106
   410    170      12.750    132    244     28     58     32    106
   410    180       9.895    175    266     30     68     24    119
   410    190       7.747    193    279     39     61     40    141
   410    200       6.164    225    314     52     81     41    135
   410    210       4.918    244    314     60     79     45    144
   410    220       3.933    281    293     69     94     50    137
   410    230       3.253    344    337     74     84     47    141
   410    240       2.615    355    268     80     88     51    167
   410    250       2.143    407    283    109     95     65    170
   410    260       1.772    420    229    119     84     68    157
   410    270       1.458    491    248    149     82     76    130
   410    280       1.217    515    195    150     84     54    104
   410    290       1.024    547    205    157     70     79    117
   410    300       0.851    546    174    150     63     71     84
   410    310       0.715    545    159    157     59     89     89
   410    320       0.600    586    127    172     57     79     89
   410    330       0.514    618    141    179     58    109     92
   410    340       0.433    647    135    212     55    100     96
   410    350       0.369    631    115    170     50     97     90
   410    360       0.316    627    117    197     36     78     74
   410    370       0.270    581     82    225     39     67     58
   410    380       0.231    567     79    245     48     93     50
   410    390       0.201    531     54    220     39     63     33
   410    400       0.172    485     50    200     30     71     46
   420    140      29.780     41    186      3     26      5     80
   420    150      21.760     44    194     13     37     18     90
   420    160      16.130    101    222     24     57     26    103
   420    170      12.490    119    224     36     67     19     98
   420    180       9.634    168    292     42     55     26    114
   420    190       7.589    184    275     50     78     46    124
   420    200       5.990    224    323     50     86     36    144
   420    210       4.782    273    292     62     95     41    125
   420    220       3.863    315    294     78    107     46    163
   420    230       3.151    351    296     88     89     43    159
   420    240       2.549    324    267     90    112     42    156
   420    250       2.079    392    276    109     93     60    160
   420    260       1.729    413    255    107     83     66    157
   420    270       1.424    468    225    139     88     64    139
   420    280       1.184    530    188    155     85     71    120
   420    290       1.000    533    192    153     75     85    108
   420    300       0.837    573    187    153     75     91     91
   420    310       0.709    584    134    146     54     74     96
   420    320       0.593    580    150    168     57     82     86
   420    330       0.507    649    151    190     42    102     90
   420    340       0.423    635    131    177     46    117     99
   420    350       0.363    652    145    199     46    110     93
   420    360       0.310    652    128    193     41    113     83
   420    370       0.264    619    123    210     32    100     78
   420    380       0.226    587     99    226     33     90     56
   420    390       0.194    551     84    240     19     67     42
   420    400       0.170    456     66    219     24     46     48
   430    140      28.830     34    168      7     27     20     86
   430    150      21.220     43    191      9     43     11     99
   430    160      15.720     88    219     19     56     35     99
   430    170      12.100    136    242     39     64     26    106
   430    180       9.309    162    275     41     66     25    103
   430    190       7.386    163    283     47     90     31    146
   430    200       5.794    204    275     48     87     38    140
   430    210       4.637    272    300     55     97     35    163
   430    220       3.763    272    316     59    102     45    170
   430    230       3.047    341    307    116     82     51    157
   430    240       2.451    327    281     92     76     54    172
   430    250       2.049    366    292    106    100     80    163
   430    260       1.688    427    264    118    112     55    166
   430    270       1.387    492    260    127     77     67    143
   430    280       1.165    468    242    148     99     76    140
   430    290       0.965    560    212    152     72     79    125
   430    300       0.813    549    196    169     70     71    116
   430    310       0.684    618    168    161     62     69    104
   430    320       0.581    607    123    177     58     89     83
   430    330       0.494    648    132    182     50    132    105
   430    340       0.419    651    150    188     40    108     84
   430    350       0.355    642    114    218     43     95     83
   430    360       0.305    693    132    203     37    117     79
   430    370       0.261    654    124    224     39    113     83
   430    380       0.223    628    115    228     34     86     82
   430    390       0.193    632     93    236     38     93     63
   430    400       0.166    542     64    207     30     75     45
   440    140      28.320     25    160      7     28     16     70
   440    150      20.630     58    192     15     29     25     95
   440    160      15.520     64    241     21     45     12    113
   440    170      11.640    114    238     27     59     23    118
   440    180       9.051    136    244     30     92     25     97
   440    190       7.144    186    263     49     78     25    124
   440    200       5.613    232    241     50     91     34    136
   440    210       4.517    225    315     60     89     37    166
   440    220       3.652    247    286     77    106     33    158
   440    230       2.996    307    277     86     94     49    152
   440    240       2.435    322    305     66    104     64    143
   440    250       1.991    352    267    106     95     68    156
   440    260       1.639    394    257    123    112     64    162
   440    270       1.361    499    264    142     80     54    166
   440    280       1.135    530    218    154     72     72    163
   440    290       0.941    552    210    177     74     67    139
   440    300       0.799    574    183    178     72     76    108
   440    310       0.671    567    145    176     69     93     92
   440    320       0.570    641    144    191     60     93     92
   440    330       0.488    645    149    177     59     93     90
   440    340       0.409    634    153    173     58    109    108
   440    350       0.347    653    132    199     42    112    112
   440    360       0.296    694    126    197     40    103     89
   440    370       0.255    661    115    204     30    110     75
   440    380       0.220    671    125    210     35    108     77
   440    390       0.190    656    106    228     21     95     72
   440    400       0.162    598     75    224     33     75     39
   450    140      27.430     31    193     12     25     17     84
   450    150      20.260     55    224     15     25      9     92
   450    160      15.230     68    216     11     38     11     88
   450    170      11.270    132    231     28     76     26    119
   450    180       8.816    135    260     35     68     18    102
   450    190       6.992    180    259     46     90     30    129
   450    200       5.539    220    262     55     76     51    133
   450    210       4.380    230    270     73     92     44    136
   450    220       3.538    278    294     74    105     53    143
   450    230       2.905    328    275     85     91     54    144
   450    240       2.386    357    323     93     89     60    166
   450    250       1.938    376    277    134     96     60    147
   450    260       1.595    404    241    113    107     81    179
   450    270       1.322    463    222    154     88     79    153
   450    280       1.112    483    279    153     86     78    124
   450    290       0.918    526    228    147     87     90    128
   450    300       0.776    538    192    167     77     80    132
   450    310       0.657    596    167    187     57     87    101
   450    320       0.553    618    173    193     50     90     99
   450    330       0.475    667    157    200     57    107    124
   450    340       0.397    671    160    185     67    100    120
   450    350       0.342    662    122    187     50    118     73
   450    360       0.294    657    129    200     44    116     82
   450    370       0.252    676    114    198     37    117    107
   450    380       0.215    704    117    210     31    103     83
   450    390       0.185    670    106    190     39     97     66
   450    400       0.160    671     88    234     30     92     57
   460    140      26.630     40    176      7     21     11     75
   460    150      19.550     55    228      8     32     14    111
   460    160      14.830     70    222      5     41     17     92
   460    170      11.200     89    248     20     69     13    100
   460    180       8.604    152    256     41     82     32    126
   460    190       6.739    159    261     46     76     17     97
   460    200       5.375    203    293     37     77     36    142
   460    210       4.257    224    289     53     98     33    143
   460    220       3.474    238    302     67     95     43    139
   460    230       2.814    275    318     88    100     48    156
   460    240       2.293    328    281    116    118     61    159
   460    250       1.896    336    283    113     98     59    179
   460    260       1.560    387    261    110    119     56    169
   460    270       1.298    453    257    138     77     56    170
   460    280       1.080    534    241    150     86     84    141
   460    290       0.904    525    216    147     96     69    140
   460    300       0.764    554    206    192     87     88    116
   460    310       0.638    618    188    175     76     87    124
   460    320       0.542    645    201    196     54     93    103
   460    330       0.458    678    179    183     59    107    104
   460    340       0.392    679    149    185     56    126    122
   460    350       0.336    665    141    202     46    128     77
   460    360       0.286    705    133    213     47    121     70
   460    370       0.248    656    119    186     47    122     93
   460    380       0.212    713    109    193     48    106     78
   460    390       0.181    698     97    176     42    109     76
   460    400       0.159    630     92    197     33    113     69
   470    140      26.310     38    164      8     23      7     83
   470    150      19.100     51    182      8     36     21     81
   470    160      14.430     75    189     12     35     15     90
   470    170      10.850     80    241     22     55     20    124
   470    180       8.249    149    249     32     72     20    112
   470    190       6.619    161    257     43     80     30    128
   470    200       5.230    178    261     57     93     33    133
   470    210       4.164    209    280     74     97     41    144
   470    220       3.381    263    279     71     76     47    143
   470    230       2.751    302    285     94     83     56    180
   470    240       2.250    300    268     81     90     45    178
   470    250       1.841    358    269    102    100     55    150
   470    260       1.526    393    246    112     99     71    176
   470    270       1.267    427    257    154    104     58    150
   470    280       1.059    492    229    137     86     80    148
   470    290       0.881    494    223    174     96     86    139
   470    300       0.747    590    197    177     76     90    137
   470    310       0.627    577    182    212     90    106    116
   470    320       0.534    647    168    209     65     99     99
   470    330       0.454    685    179    184     80    103    132
   470    340       0.385    642    143    212     68    133     97
   470    350       0.331    673    142    237     56    125    112
   470    360       0.281    680    120    212     46    120     91
   470    370       0.244    677    131    223     33    112     80
   470    380       0.207    686    108    223     33    100     90
   470    390       0.179    718    105    190     25    114     67
   470    400       0.154    668     97    223     36    114     83
   480    140      25.550     43    178      6     27     14     81
   480    150      18.830     55    206      8     30      9     82
   480    160      14.090     62    236     15     33     22    134
   480    170      10.630     94    213     22     45     13    109
   480    180       8.258    113    268     23     56     23    119
   480    190       6.405    164    278     38     63     17    144
   480    200       5.124    220    256     58     92     25    105
   480    210       4.061    204    252     59     99     35    119
   480    220       3.285    239    261     70     87     42    126
   480    230       2.662    325    257     84    108     45    137
   480    240       2.190    306    274     93    117     46    143
   480    250       1.790    362    279    101    114     77    132
   480    260       1.490    398    264    126    100     73    143
   480    270       1.221    407    240    130     98     84    148
   480    280       1.026    445    248    159     90     79    151
   480    290       0.857    533    239    168    106     80    122
   480    300       0.728    588    206    150     80     71    113
   480    310       0.614    592    202    209     96     84    100
   480    320       0.518    563    170    199     75     98    120
   480    330       0.443    672    197    240     67    125    125
   480    340       0.376    679    160    197     60    137    103
   480    350       0.321    633    170    234     54    122    115
   480    360       0.277    710    127    206     50    113     97
   480    370       0.239    677    118    224     40    123     88
   480    380       0.206    644    118    196     38    130     76
   480    390       0.177    658    101    196     39    119     68
   480    400       0.152    677    108    227     24    121     70
   490    140      25.130     48    175      8     15      8     70
   490    150      18.240     57    208      9     30     18     86
   490    160      13.740     74    200     24     39     11     95
   490    170      10.310     73    231     15     54     12    115
   490    180       8.119    104    294     24     51     29    102
   490    190       6.265    171    252     45     66     21    132
   490    200       4.949    185    273     49     87     31    125
   490    210       3.989    236    257     66     71     37    127
   490    220       3.223    271    234     81     83     36    143
   490    230       2.608    317    281     70     98     50    126
   490    240       2.112    311    270    108    112     59    170
   490    250       1.753    341    257    105     97     54    134
   490    260       1.446    385    267    120    122     71    142
   490    270       1.202    414    242    138    114     74    151
   490    280       1.016    460    254    138     95     87    145
   490    290       0.841    491    256    155    113     64    147
   490    300       0.712    540    206    193    107    101    119
   490    310       0.601    597    208    189     64     78    133
   490    320       0.510    646    159    187     92    106    117
   490    330       0.439    676    175    250     64    122    129
   490    340       0.372    666    159    221     57    114    112
   490    350       0.317    705    132    241     66    119    104
   490    360       0.271    655    135    218     62    126     87
   490    370       0.236    707     97    229     43    100    102
   490    380       0.200    696    113    237     41    122     80
   490    390       0.173    663    124    223     29    107     58
   490    400       0.151    691     97    212     36     93     69
   500    140      24.520     45    152      5     21      9     72
   500    150      17.780     52    200     10     29     12     92
   500    160      13.290     79    223     13     40     16     78
   500    170      10.260     78    211     15     52      7    104
   500    180       7.906    113    263     22     70     21    121
   500    190       6.218    129    259     22     67     19    123
   500    200       4.859    190    255     59     92     25    113
   500    210       3.815    232    253     56     89     52    152
   500    220       3.141    298    258     57    103     32    131
   500    230       2.550    265    260    108     89     53    137
   500    240       2.072    295    219     95    113     52    141
   500    250       1.719    309    253    136    123     57    163
   500    260       1.411    384    235    123    123     81    166
   500    270       1.184    423    246    146    100     71    150
   500    280       0.984    473    232    136     93     77    143
   500    290       0.826    508    242    159     94     74    131
   500    300       0.695    550    224    170     84     88    128
   500    310       0.586    584    173    195     65    113    111
   500    320       0.496    652    172    175     81     96    126
   500    330       0.426    637    213    220     63    118    142
   500    340       0.362    727    181    238     65    117    122
   500    350       0.312    727    145    233     68    128    118
   500    360       0.268    695    154    212     57    133     88
   500    370       0.227    683    139    204     44    120     80
   500    380       0.196    683    114    210     47    124     72
   500    390       0.171    677    113    199     38    108     68
   500    400       0.147    692    116    219     32    112     59
   510    140      24.070     38    159      1     22     16     80
   510    150      17.620     46    207     14     39     19     78
   510    160      13.110     66    224     14     28     17     77
   510    170       9.951     91    249     11     53     13    101
   510    180       7.677    107    253     23     60     27    112
   510    190       5.984    101    242     29     62     23    135
   510    200       4.700    172    245     65     81     28    114
   510    210       3.750    195    275     59     97     36    143
   510    220       3.046    237    261     60     88     40    126
   510    230       2.463    280    260     93     91     45    146
   510    240       2.030    285    264    101     92     46    136
   510    250       1.663    295    245     79     94     63    157
   510    260       1.381    361    268     98    100     64    176
   510    270       1.147    396    263    121    112     77    154
   510    280       0.965    423    243    135    108     74    145
   510    290       0.812    502    222    193     94     93    149
   510    300       0.682    514    242    176     92     72    130
   510    310       0.574    538    203    199     77     93    112
   510    320       0.493    592    203    190     78    103    124
   510    330       0.422    688    181    232     80    128    129
   510    340       0.356    677    174    214     62    119    107
   510    350       0.307    683    150    245     66    144    110
   510    360       0.265    728    122    268     56    114     96
   510    370       0.224    721    120    220     48    126    125
   510    380       0.193    772    128    233     46    111     89
   510    390       0.167    707     94    221     33    143     78
   510    400       0.144    661     97    212     47    112     62
   520    140      23.810     45    165      8     27     13     80
   520    150      17.250     46    169      9     29     13     77
   520    160      12.790     63    206     11     46     13    102
   520    170       9.679     82    244     17     54     20    124
   520    180       7.500     85    269     28     55     26    108
   520    190       5.863    124    254     31     63     25    124
   520    200       4.689    135    266     28     88     24    114
   520    210       3.678    209    253     60     91     27    117
   520    220       3.000    232    232     72    103     37    126
   520    230       2.414    299    251     85     93     49    145
   520    240       1.992    271    257     76    109     54    159
   520    250       1.639    332    227    114     88     81    156
   520    260       1.357    372    255    115     98     72    160
   520    270       1.130    413    246    137    101     61    169
   520    280       0.944    434    212    165    105     89    150
   520    290       0.796    513    246    178    108     92    139
   520    300       0.669    551    202    172     91     92    146
   520    310       0.565    573    205    190     82     90    125
   520    320       0.481    611    215    223     77     95    114
   520    330       0.409    636    188    214     63    114    118
   520    340       0.350    683    195    227     75    124    118
   520    350       0.303    718    171    231     70    111    109
   520    360       0.259    689    148    233     61    124    111
   520    370       0.220    725    155    241     57    120     98
   520    380       0.192    728    110    225     44    115     77
   520    390       0.166    702    105    214     32    108     89
   520    400       0.143    683     89    223     40    129     61
   530    140      23.270     38    153     13     22      7     74
   530    150      16.700     42    168      8     35     14    104
   530    160      12.560     58    193     12     37     18     72
   530    170       9.525     86    218     21     49     22    110
   530    180       7.318    103    237     20     57     12    110
   530    190       5.763    121    244     36     73     31    115
   530    200       4.534    136    266     30     73     27    126
   530    210       3.578    204    251     64     69     32    128
   530    220       2.907    184    245     61     95     42    129
   530    230       2.356    285    252     74     77     54    137
   530    240       1.924    271    250     81     98     52    157
   530    250       1.597    278    251    108     99     67    143
   530    260       1.334    391    240    123    103     65    149
   530    270       1.106    391    226    132    105     67    139
   530    280       0.930    408    256    147    106     89    147
   530    290       0.773    491    232    181     96     88    132
   530    300       0.657    516    197    169     70     93    145
   530    310       0.553    539    210    208     76     89    124
   530    320       0.474    584    200    207     71    100    138
   530    330       0.398    608    198    212     73    117    157
   530    340       0.346    720    191    239     69    128    125
   530    350       0.295    757    175    245     87    121    106
   530    360       0.253    694    155    263     61    119    121
   530    370       0.218    698    128    213     55    134     96
   530    380       0.188    707    114    244     44    110     87
   530    390       0.161    703    124    228     57    116     90
   530    400       0.139    687    104    229     32     98     61
   540    140      22.610     45    183      9     30     13     73
   540    150      16.530     55    192      5     34     12     77
   540    160      12.190     57    226     13     43      9    107
   540    170       9.334     76    198     15     54     10     91
   540    180       7.143    103    272     31     54     18    127
   540    190       5.665    113    246     24     64     22    116
   540    200       4.479    120    243     48     63     41    136
   540    210       3.494    165    256     82     98     29    106
   540    220       2.843    248    231     62     86     35    143
   540    230       2.287    245    233     95     94     37    136
   540    240       1.890    268    244     81     80     39    167
   540    250       1.570    287    266    116    105     55    163
   540    260       1.285    330    216    128     98     73    172
   540    270       1.084    372    250    146    103     64    151
   540    280       0.897    444    254    144     98     79    110
   540    290       0.762    476    214    156    102     69    116
   540    300       0.648    492    235    182     81    119    119
   540    310       0.541    566    193    190     73    101    125
   540    320       0.460    578    182    209     75    108    136
   540    330       0.394    612    222    197     92    100    135
   540    340       0.338    622    168    213     78    115    129
   540    350       0.287    696    152    234     60    132    112
   540    360       0.247    734    159    267     49    147    106
   540    370       0.214    737    141    236     56    127    106
   540    380       0.185    740    119    258     59    113     73
   540    390       0.159    704    132    234     45    139     76
   540    400       0.140    722    102    220     31    115     74
   550    140      22.410     35    135      7     23     11     63
   550    150      16.080     50    170     13     38     10     84
   550    160      12.140     85    193     17     37     13    110
   550    170       9.055     78    199     11     55     15    109
   550    180       7.040     95    259     17     51     17    110
   550    190       5.536    137    248     24     61     27     96
   550    200       4.317    117    232     40     82     25    138
   550    210       3.513    169    252     39     63     30    143
   550    220       2.787    219    239     68     89     34    130
   550    230       2.268    260    227     77     86     40    117
   550    240       1.862    257    234     76     97     44    150
   550    250       1.515    276    243     83    106     36    140
   550    260       1.257    313    233    128    105     63    139
   550    270       1.064    372    233    130    120     62    145
   550    280       0.887    378    239    125     98     67    149
   550    290       0.738    457    218    174     87     60    143
   550    300       0.634    507    206    198     81     87    111
   550    310       0.528    553    184    191     77     89    109
   550    320       0.451    557    201    194     96    104    123
   550    330       0.384    596    190    213     77    121    118
   550    340       0.335    625    187    214     85    119    112
   550    350       0.284    635    155    257     70    138    127
   550    360       0.244    733    163    262     65    116    135
   550    370       0.210    712    149    278     57    115     93
   550    380       0.182    729    121    240     54    109     95
   550    390       0.157    735    126    187     52    127     86
   550    400       0.136    713    123    244     47    144     78
   560    140      21.870     39    163      3     23      9     69
   560    150      15.930     50    200      3     32     15     83
   560    160      11.790     83    203      6     51     17     87
   560    170       8.974     79    205     17     36     11     98
   560    180       6.912    102    261     19     43     18    118
   560    190       5.405    118    220     26     69     22    112
   560    200       4.263    141    245     31     76     24    111
   560    210       3.379    164    255     42     78     21    136
   560    220       2.716    245    265     63     93     35    112
   560    230       2.211    260    244     88     86     39    123
   560    240       1.825    250    221     82    105     31    136
   560    250       1.481    278    246     98     98     49    147
   560    260       1.251    335    227    119     99     48    146
   560    270       1.032    331    244    112    116     79    136
   560    280       0.869    393    217    144     97     65    143
   560    290       0.731    397    215    160     95     94    129
   560    300       0.622    508    205    172     89     76     95
   560    310       0.523    569    194    181     80    104    128
   560    320       0.442    539    199    202     90     88    113
   560    330       0.383    575    213    211     69    110    144
   560    340       0.323    609    186    219     72    113    138
   560    350       0.278    670    161    220     71    101    123
   560    360       0.238    708    163    239     55    133    101
   560    370       0.205    696    140    241     63    109     94
   560    380       0.176    697    127    240     49    137     84
   560    390       0.154    727     95    216     58    126     82
   560    400       0.134    705    113    286     43    110     89
   570    140      21.740     43    145      4     28     14     73
   570    150      15.680     53    180     13     20      7     61
   570    160      11.630     71    193      9     43     13     83
   570    170       8.830     85    205     14     40     20    100
   570    180       6.762     94    222     14     56     17    109
   570    190       5.266    103    230     31     60     18     99
   570    200       4.139    124    267     36     52     27    110
   570    210       3.350    162    241     36     70     32    130
   570    220       2.699    172    255     57     85     37    144
   570    230       2.160    255    224     80     97     37    119
   570    240       1.778    278    202     77    103     51    118
   570    250       1.472    239    238     83     93     51    117
   570    260       1.219    333    231    113     96     59    111
   570    270       1.007    330    225    136     96     68    140
   570    280       0.852    365    215    148    109     66    156
   570    290       0.719    399    219    145     83     71    120
   570    300       0.607    469    208    167     93    101    123
   570    310       0.512    515    185    184     87     85    110
   570    320       0.438    549    163    226     76     92    137
   570    330       0.374    589    212    213     71    128    127
   570    340       0.316    653    189    194     68    112    147
   570    350       0.277    634    177    223     70    123    143
   570    360       0.237    672    151    293     82    115    125
   570    370       0.204    707    161    241     58    106    125
   570    380       0.175    694    138    255     59    125     80
   570    390       0.151    717    121    258     53    132     84
   570    400       0.132    759    106    248     52    125     78
   580    140      21.200     39    146      7     20      6     67
   580    150      15.260     50    161      6     30      9     79
   580    160      11.450     79    173     14     32     18     85
   580    170       8.642     75    219     12     59     13    106
   580    180       6.588     93    253     31     56     16    109
   580    190       5.171    112    265     25     60     24    113
   580    200       4.080    115    235     31     69     24    106
   580    210       3.279    140    237     46     77     34    120
   580    220       2.626    186    279     35     84     24    122
   580    230       2.112    218    273     89    124     39    126
   580    240       1.739    242    237     87     88     38    136
   580    250       1.414    242    216    129     97     56    136
   580    260       1.198    316    215    103    111     43    140
   580    270       0.989    353    218    134    101     59    139
   580    280       0.827    344    223    133     87     61    147
   580    290       0.705    445    202    145    109     82    124
   580    300       0.593    469    189    181     91     88    122
   580    310       0.500    529    199    189     76     84    121
   580    320       0.431    544    197    228     78     86    136
   580    330       0.365    596    229    251     72    111    128
   580    340       0.312    583    188    213     75    115    130
   580    350       0.267    621    153    258     84    118    135
   580    360       0.230    649    178    233     73    141    112
   580    370       0.200    685    139    237     67    122    129
   580    380       0.171    683    130    263     49    115     92
   580    390       0.148    734    117    265     43    129     84
   580    400       0.130    754    102    264     42    133     67
   590    140      20.940     44    155      5     27     12     61
   590    150      15.270     63    141     12     19      9     79
   590    160      11.200     64    191     15     41     12     72
   590    170       8.494     72    213     14     54     25     90
   590    180       6.541    107    191     12     65     23    105
   590    190       5.141    128    219     27     69     26    104
   590    200       4.000    134    261     21     74     21    133
   590    210       3.206    128    232     36     69     37    102
   590    220       2.579    159    260     53     79     25    115
   590    230       2.097    201    247     57     92     33    137
   590    240       1.719    220    220     71     90     46    123
   590    250       1.404    234    232     88     84     42    151
   590    260       1.172    277    220    131    110     48    108
   590    270       0.976    312    182    123     83     51    151
   590    280       0.821    358    195    138     98     63    119
   590    290       0.695    384    209    157    106     72    123
   590    300       0.579    449    197    168     91     92    118
   590    310       0.491    498    210    190     88    103    116
   590    320       0.421    520    194    195     80     92    114
   590    330       0.360    560    216    215     69    123    141
   590    340       0.306    626    179    247     79    114    133
   590    350       0.266    651    165    254     58    118    114
   590    360       0.228    673    186    267     66    128     93
   590    370       0.195    669    153    251     63    137    115
   590    380       0.169    680    146    255     58    118    101
   590    390       0.148    701    135    252     55    127     91
   590    400       0.127    721    132    271     58    131     88
   600    140      20.550     43    141      9     30      7     72
   600    150      14.980     53    158     10     23     13     83
   600    160      11.110     63    192     12     27     14     90
   600    170       8.379     78    225     19     54     17     68
   600    180       6.402    103    211     22     52     24    102
   600    190       5.039    116    223     25     57     20    125
   600    200       4.005    117    213     43     64     33    114
   600    210       3.172    132    252     43     60     29    115
   600    220       2.545    174    226     58     67     31    127
   600    230       2.066    191    245     45     80     24    135
   600    240       1.680    202    232     69    106     37    130
   600    250       1.372    244    206     80    102     45    100
   600    260       1.140    286    189    116     93     58    116
   600    270       0.960    307    199    119     94     65    136
   600    280       0.809    349    225    134     83     75    131
   600    290       0.668    403    217    141    103     77    116
   600    300       0.572    407    194    192     79     72    118
   600    310       0.487    529    206    183     93     82    105
   600    320       0.409    494    184    193     82     94    115
   600    330       0.357    519    172    216     91    109    115
   600    340       0.302    574    179    218     76    129    123
   600    350       0.262    573    157    236     69    129    116
   600    360       0.225    668    162    224     94    112    128
   600    370       0.191    678    138    268     62    130    102
   600    380       0.167    700    138    251     72    124    113
   600    390       0.145    679    134    258     60    113    103
   600    400       0.125    720    121    270     56    126     75
