m0_binning   41  200  600  10
m12_binning  27  140  400  10
NscanPoints  1107
    m0    m12      Xsec     n_sig    n_sb    n_sig_sl   n_sb_sl  n_sig_ldp  n_sb_ldp
   200    140      62.510    373    293     60     58     68     68
   200    150      44.630    433    281    113     53     55     69
   200    160      33.610    490    310    120     93     64     71
   200    170      25.230    524    301    135    103     61     83
   200    180      19.100    521    266    151     78     80     66
   200    190      14.810    665    285    142     67     70     71
   200    200      11.510    751    249    166     60     89     75
   200    210       9.020    759    243    141     70     80     76
   200    220       7.157    677    218    186     71     93     64
   200    230       5.732    680    197    210     66     87     63
   200    240       4.535    664    175    235     58     95     61
   200    250       3.763    621    153    251     65     78     53
   200    260       3.048    584    170    229     63     71     40
   200    270       2.553    567    143    246     44     77     33
   200    280       2.108    520    127    233     52     72     55
   200    290       1.793    521    133    232     54     74     37
   200    300       1.512    491     94    231     57     69     35
   200    310       1.293    466     96    212     44     79     47
   200    320       1.127    442     81    212     40     76     40
   200    330       0.982    450     88    181     35     69     31
   200    340       0.854    374     62    176     34     53     34
   200    350       0.754    350     51    165     23     55     20
   200    360       0.675    360     50    182     34     63     22
   200    370       0.597    306     44    157     22     45     25
   200    380       0.530    295     37    132     19     63     20
   200    390       0.484    289     39    134     13     56     19
   200    400       0.432    282     31    124      9     49     10
   210    140      59.510    387    296     78     68     70     82
   210    150      43.190    404    297     81     72     66     83
   210    160      32.220    530    322    114     85     50     69
   210    170      24.560    531    288    125    104     72     92
   210    180      18.470    659    282    182     86     84     81
   210    190      14.160    629    277    211     88     81     70
   210    200      11.200    684    286    186     84     78     63
   210    210       8.762    762    251    185     58     75     83
   210    220       6.998    832    235    189     60     87     60
   210    230       5.576    747    225    191     56     82     71
   210    240       4.413    754    196    218     66    100     46
   210    250       3.621    705    171    230     52     86     45
   210    260       2.939    689    155    246     40     88     47
   210    270       2.448    616    124    252     50     96     45
   210    280       1.999    606    124    247     55     90     60
   210    290       1.662    620    112    267     45     73     45
   210    300       1.384    603    113    222     48     80     36
   210    310       1.166    577     84    223     47     93     35
   210    320       0.991    521     87    251     53     90     36
   210    330       0.841    501     66    221     34     82     26
   210    340       0.723    490     59    211     33     79     37
   210    350       0.626    432     63    214     25     71     22
   210    360       0.544    399     67    219     27     65     18
   210    370       0.475    419     64    193     30     68     26
   210    380       0.417    372     40    193     23     62     18
   210    390       0.365    370     43    174     25     48     23
   210    400       0.324    363     33    177     19     52     18
   220    140      57.630    394    329     64     78     66     93
   220    150      42.480    482    352     82     81     77     84
   220    160      31.140    470    315    101     86     68     76
   220    170      23.750    571    290    125     97     77     78
   220    180      17.960    563    293    194    108     72     96
   220    190      13.870    627    283    202     98     75     87
   220    200      10.940    670    242    215     82    101     74
   220    210       8.607    712    237    205    102     75     63
   220    220       6.745    753    243    211     71     82     43
   220    230       5.412    712    214    196     52    100     71
   220    240       4.345    793    189    168     57     83     49
   220    250       3.506    832    182    190     57    109     59
   220    260       2.857    773    151    242     36     98     60
   220    270       2.350    738    129    238     46     75     51
   220    280       1.918    679    119    263     60     78     52
   220    290       1.603    627    119    259     44     89     47
   220    300       1.338    645    123    261     38     89     49
   220    310       1.107    635     90    269     40    105     41
   220    320       0.938    596     92    260     56     76     41
   220    330       0.799    544     79    267     33     78     35
   220    340       0.670    548     86    260     42     79     36
   220    350       0.584    531     74    222     32     66     25
   220    360       0.498    477     69    196     23     67     35
   220    370       0.428    484     55    222     36     70     27
   220    380       0.370    435     63    196     32     75     24
   220    390       0.325    425     51    221     29     73     19
   220    400       0.282    414     44    192     16     57     22
   230    140      55.850    384    317     53     54     79     98
   230    150      41.210    461    374     88     68     78     93
   230    160      30.200    532    350    115     76     70     93
   230    170      22.890    576    337    133     74    103     92
   230    180      17.400    635    305    189     97     79     79
   230    190      13.530    646    259    188    102     75     82
   230    200      10.670    718    292    233     92     85     71
   230    210       8.257    680    216    254     97     91     75
   230    220       6.526    750    230    237     87     78     65
   230    230       5.274    799    202    248     83    101     62
   230    240       4.191    795    190    246     67    109     68
   230    250       3.398    852    183    200     43     78     63
   230    260       2.785    899    154    232     48    107     49
   230    270       2.253    820    149    197     56     73     56
   230    280       1.869    796    149    214     50     85     43
   230    290       1.529    739    142    259     41    116     41
   230    300       1.298    718    111    265     45     87     43
   230    310       1.076    670    107    254     50     68     56
   230    320       0.900    580    108    249     34     87     37
   230    330       0.755    602     91    272     46     80     33
   230    340       0.643    592     69    238     43     79     44
   230    350       0.549    555     77    236     41     91     34
   230    360       0.472    502     70    234     37     83     24
   230    370       0.400    503     60    232     22     58     33
   230    380       0.349    483     52    252     15     83     26
   230    390       0.299    445     51    242     33     53     19
   230    400       0.264    443     53    217     28     67     24
   240    140      53.920    362    354     71     70     82     95
   240    150      39.350    451    399     70     73     84    122
   240    160      29.510    558    360    108     98     91    111
   240    170      22.230    597    337    152    114    100     97
   240    180      16.780    620    312    167    113     98    117
   240    190      13.190    645    320    226     94     85     69
   240    200      10.280    692    267    238    102    102     82
   240    210       8.075    706    278    251    107     91     74
   240    220       6.383    751    245    254     84    104     74
   240    230       5.178    763    216    262    102    114     62
   240    240       4.097    783    211    260     81     89     51
   240    250       3.364    803    168    241     67     94     61
   240    260       2.710    814    171    255     64     88     61
   240    270       2.237    822    146    262     52     91     68
   240    280       1.821    800    125    230     55    101     39
   240    290       1.501    814    137    217     33    102     38
   240    300       1.260    811    124    184     38     85     37
   240    310       1.045    761    111    260     42     92     40
   240    320       0.872    654    113    274     35    102     40
   240    330       0.728    654     73    298     43     80     37
   240    340       0.622    610     88    269     36     80     33
   240    350       0.532    570     75    260     33     86     38
   240    360       0.450    563     76    235     29     78     30
   240    370       0.389    509     49    217     27     84     25
   240    380       0.335    542     65    251     27     73     27
   240    390       0.287    485     46    217     19     65     23
   240    400       0.249    488     53    211     18     73     24
   250    140      51.640    368    326     63     46     80    107
   250    150      37.970    449    378     76     70     88    111
   250    160      28.590    565    365    101     81     91    112
   250    170      21.310    588    360    142    109     92    116
   250    180      16.390    655    343    164    122    101    118
   250    190      12.690    680    309    191     82    104    108
   250    200       9.887    764    286    218    102     82     77
   250    210       7.798    736    259    245    117     93     72
   250    220       6.188    794    230    252     77    107     70
   250    230       5.003    741    217    291     88    100     62
   250    240       4.004    767    178    275     88     78     46
   250    250       3.247    837    169    305     64    104     67
   250    260       2.653    785    192    266     62    106     54
   250    270       2.158    765    139    305     69    109     41
   250    280       1.772    825    130    249     51     98     42
   250    290       1.485    842    121    260     55     98     45
   250    300       1.218    802    127    195     37    110     39
   250    310       1.025    845     98    195     25     91     36
   250    320       0.850    777    100    175     37     89     47
   250    330       0.724    701     87    234     28     93     43
   250    340       0.612    670     85    243     36     73     33
   250    350       0.517    628     78    246     29     86     41
   250    360       0.443    635     69    237     32     85     34
   250    370       0.374    615     64    225     26     79     17
   250    380       0.320    558     66    237     33     66     35
   250    390       0.279    482     49    214     24     72     26
   250    400       0.238    501     51    207     17     74     22
   260    140      49.360    394    351     69     59     90    122
   260    150      36.800    480    344     84     74     88    117
   260    160      27.380    577    414    105    105     89    134
   260    170      21.030    648    402    134     90    101    120
   260    180      15.700    693    349    163     96    115    109
   260    190      12.400    681    325    217    103    110    103
   260    200       9.631    753    315    224    100     92     86
   260    210       7.590    746    250    269     87    110     70
   260    220       6.077    733    242    273     93    108     89
   260    230       4.879    786    223    294     99     98     80
   260    240       3.923    762    194    307     95     98     72
   260    250       3.145    785    161    306     79     95     51
   260    260       2.599    767    191    312     58    105     69
   260    270       2.113    782    156    329     74    103     60
   260    280       1.733    785    139    282     53    110     58
   260    290       1.457    755    120    235     62    114     37
   260    300       1.191    761    135    281     41    101     46
   260    310       0.996    775     95    253     29    107     34
   260    320       0.839    837    100    200     40    113     46
   260    330       0.702    795     95    206     30     80     43
   260    340       0.594    747     78    222     26    105     31
   260    350       0.504    706     83    197     24     69     35
   260    360       0.421    661     91    215     28     87     34
   260    370       0.364    596     76    249     26     93     35
   260    380       0.313    588     64    218     28     88     29
   260    390       0.271    558     67    226     19     77     20
   260    400       0.231    547     56    222     20     67     24
   270    140      48.290    361    348     70     66     80    111
   270    150      35.270    451    363     78     78     97    130
   270    160      26.570    522    393    100     83     86    132
   270    170      20.020    651    392    143     96    104    126
   270    180      15.240    700    391    166     95    109    115
   270    190      12.000    713    374    204    129    119    108
   270    200       9.331    760    320    215     95    114    117
   270    210       7.341    791    301    232     91    125     97
   270    220       5.857    749    247    302    116     97     81
   270    230       4.707    785    259    316     82     96     84
   270    240       3.876    841    179    339     81    117     78
   270    250       3.090    792    193    299     85    117     77
   270    260       2.518    802    148    342     80    103     64
   270    270       2.043    813    156    272     78    104     57
   270    280       1.691    770    144    311     62     94     60
   270    290       1.396    745    121    295     57     84     56
   270    300       1.161    742    124    280     54    111     46
   270    310       0.976    749    118    289     52     91     30
   270    320       0.809    753     89    268     44     89     42
   270    330       0.692    789     73    239     35     96     43
   270    340       0.575    803     91    236     25    101     26
   270    350       0.492    750     73    191     22    109     39
   270    360       0.416    728     78    191     35     97     37
   270    370       0.357    672     59    196     28     90     22
   270    380       0.306    643     72    206     17     67     17
   270    390       0.262    551     64    210     20    102     23
   270    400       0.227    517     62    207     20     66     28
   280    140      46.640    400    378     60     49     76    118
   280    150      34.400    417    360     96     72     94    114
   280    160      25.550    563    404     95     96    105    132
   280    170      19.490    651    402    128    108    108    135
   280    180      14.960    670    378    159     97    116    145
   280    190      11.580    743    327    200     98    126    111
   280    200       9.085    761    351    198    114    124    110
   280    210       7.192    810    315    215    101    119    106
   280    220       5.774    813    258    265     95    107    102
   280    230       4.612    867    204    313    116    109     72
   280    240       3.677    844    238    319    106    122     71
   280    250       3.041    792    215    337     94    119     68
   280    260       2.460    801    179    298     79     98     56
   280    270       2.033    790    154    331     84    111     61
   280    280       1.674    760    147    343     80    110     57
   280    290       1.378    784    131    318     62    106     59
   280    300       1.132    740    135    318     45    101     53
   280    310       0.951    700    118    301     54     96     30
   280    320       0.803    766    102    320     54     93     40
   280    330       0.675    752     94    291     35     86     39
   280    340       0.568    737     85    250     36     81     40
   280    350       0.478    737     86    235     24     98     36
   280    360       0.412    737     83    225     31    101     48
   280    370       0.346    692     77    179     28     94     25
   280    380       0.296    672     68    177     22     90     31
   280    390       0.254    659     66    188     20     89     27
   280    400       0.219    605     69    171     18     78     21
   290    140      45.330    350    313     60     62    101    119
   290    150      33.020    449    381     79     69     96    138
   290    160      24.730    479    392    110     93    107    139
   290    170      18.660    602    412    142     92    102    132
   290    180      14.410    679    422    182    102    143    140
   290    190      11.270    768    397    175    108    145    150
   290    200       8.797    786    349    241    111    128    141
   290    210       6.950    823    315    237    100    128    140
   290    220       5.520    833    260    262     85    125    117
   290    230       4.527    828    252    278     99    125     79
   290    240       3.617    837    201    337     94    112     69
   290    250       2.965    819    205    316     94     99     71
   290    260       2.393    801    175    345     83    116     60
   290    270       1.972    803    154    334     77    116     57
   290    280       1.627    780    138    368     79    108     55
   290    290       1.352    789    135    334     58    105     53
   290    300       1.115    769    127    347     72    109     60
   290    310       0.922    767    100    317     62    121     60
   290    320       0.783    759    102    309     55    104     33
   290    330       0.651    739     93    306     46    109     36
   290    340       0.550    726     66    293     29     88     32
   290    350       0.471    703     83    265     30     91     39
   290    360       0.400    694     70    230     30     85     31
   290    370       0.342    693     68    218     37     77     29
   290    380       0.293    706     59    230     32     77     27
   290    390       0.251    680     58    195     19     90     25
   290    400       0.215    657     52    209     15     87     18
   300    140      43.190    359    339     77     59     93    116
   300    150      31.890    473    381     69     74     87    125
   300    160      23.650    544    435     99     93    147    126
   300    170      18.370    650    477    150    100    116    125
   300    180      14.060    731    383    162    119    116    152
   300    190      10.880    793    403    184    109    139    148
   300    200       8.570    842    377    234    121    158    148
   300    210       6.787    854    349    210    123    135    122
   300    220       5.412    883    346    262    102    131    118
   300    230       4.357    862    269    289     95    140    106
   300    240       3.522    842    262    299     88    133     99
   300    250       2.872    874    182    340     92    143     79
   300    260       2.337    779    206    363     79    128     83
   300    270       1.917    798    164    342     76    127     74
   300    280       1.586    824    172    360     60     97     62
   300    290       1.311    784    147    359     60    130     62
   300    300       1.082    765    127    344     65     95     41
   300    310       0.916    727    100    334     62     98     45
   300    320       0.761    736     88    308     54    105     36
   300    330       0.643    695     92    326     45     95     35
   300    340       0.542    691     95    298     43    102     39
   300    350       0.459    698     79    300     45    105     33
   300    360       0.391    671     60    262     33     78     28
   300    370       0.335    672     64    275     38    100     45
   300    380       0.285    706     70    276     28     91     27
   300    390       0.246    681     45    198     20     82     34
   300    400       0.211    649     49    185     17     74     19
   310    140      41.920    377    384     65     68     74    116
   310    150      30.680    451    354     70     88     95    126
   310    160      22.920    586    401    100     96    108    139
   310    170      17.510    595    414    120     94    124    138
   310    180      13.530    648    421    160    104    122    151
   310    190      10.680    771    417    197    111    149    147
   310    200       8.364    829    403    200    107    153    167
   310    210       6.632    823    349    222    112    155    148
   310    220       5.240    893    365    223     99    135    137
   310    230       4.245    902    279    272     97    150    115
   310    240       3.401    868    216    278    102    176    106
   310    250       2.792    788    244    263     86    169    103
   310    260       2.292    805    197    330     83    124     88
   310    270       1.884    824    174    325     90    119     78
   310    280       1.558    814    166    355     76    139     58
   310    290       1.274    795    152    391     73    105     52
   310    300       1.059    803    134    378     59    112     43
   310    310       0.891    730     89    356     46    126     50
   310    320       0.742    743     95    356     46    110     33
   310    330       0.629    779     98    322     45    117     27
   310    340       0.534    713    100    353     45     82     32
   310    350       0.452    689     84    324     44     88     34
   310    360       0.382    613     70    315     27     85     31
   310    370       0.326    652     76    259     35     91     22
   310    380       0.283    657     59    294     25     90     32
   310    390       0.241    675     59    219     19     79     22
   310    400       0.207    601     52    270     28     91     31
   320    140      40.450    396    323     60     74     88    125
   320    150      29.710    443    344     98     74     93     99
   320    160      22.070    512    403    110    121    105    128
   320    170      16.980    595    401    136    112    134    139
   320    180      13.220    635    415    167    102    146    149
   320    190      10.220    785    392    163    130    148    140
   320    200       8.005    788    402    197    123    136    134
   320    210       6.435    869    372    235    114    129    143
   320    220       5.084    866    337    238     97    160    143
   320    230       4.096    886    306    282     91    170    125
   320    240       3.345    903    287    257     90    160    109
   320    250       2.752    855    233    286    106    169    107
   320    260       2.229    893    222    303     81    161    112
   320    270       1.844    832    223    325     90    148     95
   320    280       1.503    819    176    354     75    142     81
   320    290       1.254    799    138    351     66    118     67
   320    300       1.046    798    119    366     78    114     63
   320    310       0.883    771    104    378     56    103     37
   320    320       0.737    738    114    346     51     86     45
   320    330       0.611    723    102    379     52    110     36
   320    340       0.522    717     82    335     51     88     45
   320    350       0.441    719     73    313     38    114     43
   320    360       0.378    694     93    324     44     91     29
   320    370       0.320    693     66    293     30     97     30
   320    380       0.273    626     58    272     31     87     28
   320    390       0.238    615     63    265     27     88     24
   320    400       0.203    599     68    252     27     95     27
   330    140      38.820    404    317     58     59     78    105
   330    150      28.730    492    360     96     69     93    126
   330    160      21.450    513    426    124     87    114    136
   330    170      16.500    614    437    136     97    127    165
   330    180      12.850    685    397    176    133    129    140
   330    190       9.974    768    428    174     98    162    167
   330    200       7.820    829    411    224    119    179    152
   330    210       6.235    905    398    257    136    155    158
   330    220       4.977    944    342    281    109    182    143
   330    230       4.011    978    328    264    109    165    125
   330    240       3.287    941    288    259     87    164    120
   330    250       2.631    918    273    247     84    184    123
   330    260       2.189    840    237    290     88    196     95
   330    270       1.798    885    225    254     86    173    128
   330    280       1.495    887    176    337     74    160     82
   330    290       1.230    830    168    352     63    140     62
   330    300       1.023    812    126    376     66    121     59
   330    310       0.852    773    135    364     61     97     53
   330    320       0.714    792    114    346     43    107     43
   330    330       0.610    711     90    359     43    123     62
   330    340       0.506    734     99    355     44    107     39
   330    350       0.429    698     76    381     34     93     36
   330    360       0.370    710     86    293     46    102     26
   330    370       0.313    613     61    328     39    102     26
   330    380       0.270    653     75    294     32     78     24
   330    390       0.230    646     47    285     25     81     30
   330    400       0.198    586     57    260     30     95     26
   340    140      37.770    373    359     71     71     84    107
   340    150      27.640    473    391     68     77     93    123
   340    160      20.880    506    365    120     91    101    160
   340    170      15.970    619    416    128    108    119    134
   340    180      12.350    697    405    200    114    129    179
   340    190       9.616    809    411    172    122    165    151
   340    200       7.576    860    442    185    111    159    137
   340    210       6.037    886    373    244    133    151    142
   340    220       4.856    966    369    247    132    207    136
   340    230       3.875    922    354    271    105    185    145
   340    240       3.147    977    285    258     82    194    118
   340    250       2.598    906    269    251     84    168    123
   340    260       2.124    903    248    278     92    176    119
   340    270       1.740    923    231    249     64    181    116
   340    280       1.448    934    214    272     90    202    105
   340    290       1.199    872    199    338     69    145     93
   340    300       1.004    828    141    368     60    112     58
   340    310       0.838    756    124    401     54    112     47
   340    320       0.694    759    107    357     58    106     38
   340    330       0.589    779    103    357     45    109     48
   340    340       0.498    765     96    327     63    112     47
   340    350       0.423    687     87    360     42    107     41
   340    360       0.360    673     84    330     48    110     27
   340    370       0.304    662     77    350     36     93     32
   340    380       0.263    650     51    296     25     97     31
   340    390       0.229    630     57    302     29     92     31
   340    400       0.197    604     43    273     26     93     31
   350    140      36.410    389    285     78     70     76    121
   350    150      26.920    437    339    105     84     79    140
   350    160      20.060    485    348    114     86     98    138
   350    170      15.430    556    433    128    110    121    154
   350    180      11.950    729    405    164    127    149    131
   350    190       9.182    762    435    168    116    171    157
   350    200       7.349    786    413    221    143    176    169
   350    210       5.898    896    389    247    134    168    152
   350    220       4.684    947    359    254    130    177    164
   350    230       3.793    922    320    282    110    188    157
   350    240       3.014    994    303    276     97    180    141
   350    250       2.520    963    289    307     90    207    151
   350    260       2.050    900    249    302     86    193    131
   350    270       1.706    938    226    285     75    183    110
   350    280       1.403    909    181    280     68    193    129
   350    290       1.183    875    202    294     59    173    103
   350    300       0.987    818    177    310     71    156     75
   350    310       0.825    827    120    371     71    132     58
   350    320       0.687    807    100    377     68    112     65
   350    330       0.588    771     93    403     57    136     40
   350    340       0.489    771    101    384     59    130     50
   350    350       0.416    730     94    371     63    108     32
   350    360       0.352    730     87    353     34    120     39
   350    370       0.302    678     75    336     38     98     36
   350    380       0.259    690     66    292     40     94     28
   350    390       0.222    642     64    311     28    104     38
   350    400       0.193    618     60    272     25     79     31
   360    140      35.300    368    325     71     66     71    109
   360    150      25.800    425    337     92     75     93    126
   360    160      19.630    500    350    116     93     91    115
   360    170      14.880    572    425    125     92    122    147
   360    180      11.560    683    439    175     82    150    138
   360    190       9.005    813    428    191    106    146    173
   360    200       7.236    827    437    214    131    179    175
   360    210       5.680    916    385    235    126    223    159
   360    220       4.583    982    350    246    103    188    146
   360    230       3.684   1000    359    250    114    187    122
   360    240       3.000    952    304    307    118    193    148
   360    250       2.453    934    297    271     93    210    151
   360    260       2.001    913    269    304     79    201    129
   360    270       1.669    944    232    281     79    181    108
   360    280       1.375    892    213    284     86    198    129
   360    290       1.147    913    187    287     67    185    106
   360    300       0.956    909    169    298     65    193     82
   360    310       0.805    827    155    328     65    138     53
   360    320       0.672    777    129    372     55    138     64
   360    330       0.563    830    129    377     68    137     47
   360    340       0.482    798    108    374     60    140     36
   360    350       0.408    773     74    362     41    116     42
   360    360       0.349    699     95    358     46    111     36
   360    370       0.294    664     55    361     36    111     34
   360    380       0.253    701     65    361     46     93     24
   360    390       0.219    635     72    359     38     97     28
   360    400       0.190    591     73    304     36     98     23
   370    140      33.860    384    341     84     81     62    112
   370    150      25.070    449    326    101    100     90    107
   370    160      18.780    468    399    133     89    114    133
   370    170      14.570    591    420    131    108    140    129
   370    180      11.160    644    465    147    107    145    161
   370    190       8.722    755    455    197    118    161    159
   370    200       6.954    803    410    215    141    174    189
   370    210       5.480    899    399    235    133    192    173
   370    220       4.422    928    385    249    134    191    160
   370    230       3.601   1030    355    272    120    193    162
   370    240       2.908    995    355    292    117    198    142
   370    250       2.373    951    279    320    118    195    142
   370    260       1.963    972    252    315    102    216    128
   370    270       1.629   1005    229    291     81    203    128
   370    280       1.331    958    176    290     83    206    115
   370    290       1.121    970    187    289     65    207     92
   370    300       0.935    851    193    318     69    186     71
   370    310       0.786    921    158    277     65    180     95
   370    320       0.657    800    132    333     56    139     68
   370    330       0.562    890    125    341     59    172     68
   370    340       0.467    839    102    328     54    163     59
   370    350       0.401    776     93    363     58    141     50
   370    360       0.342    731     55    386     54    123     46
   370    370       0.291    695     88    362     40    113     32
   370    380       0.250    652     65    341     43    117     42
   370    390       0.215    674     71    297     36     93     28
   370    400       0.185    634     56    306     28     85     37
   380    140      33.060    364    308     86     74     72    138
   380    150      24.480    458    353     97     73     95    111
   380    160      18.180    524    369    130     86    102    109
   380    170      13.850    576    361    138    108    123    160
   380    180      10.920    664    389    166    130    163    172
   380    190       8.642    734    404    190    141    171    161
   380    200       6.701    826    424    239    132    165    171
   380    210       5.411    825    463    245    119    184    169
   380    220       4.339    910    424    285    119    190    166
   380    230       3.504    921    379    265    144    209    167
   380    240       2.823    932    317    300    124    200    153
   380    250       2.318    933    308    283    116    177    158
   380    260       1.912   1006    289    288    107    213    133
   380    270       1.561    973    251    265     84    207    146
   380    280       1.310    938    223    300     95    196    127
   380    290       1.088    986    181    302     73    189    101
   380    300       0.912    959    159    317     76    185     85
   380    310       0.766    906    156    285     70    200     90
   380    320       0.647    902    147    302     58    161     82
   380    330       0.546    992    154    342     61    219    102
   380    340       0.462    969    124    364     60    195     60
   380    350       0.393    844    103    370     57    160     60
   380    360       0.335    756     95    377     33    155     39
   380    370       0.286    750     94    352     37    120     48
   380    380       0.244    670     76    336     33    116     31
   380    390       0.211    638     64    317     45    107     28
   380    400       0.181    650     61    311     32     94     25
   390    140      32.590    245    261     26     52     70    109
   390    150      23.360    429    333     92     81     79    134
   390    160      17.790    522    395    102     98    107    132
   390    170      13.620    569    374    123    108    123    131
   390    180      10.550    713    388    161     89    134    133
   390    190       8.207    755    404    188    116    160    175
   390    200       6.515    833    454    183    133    171    163
   390    210       5.227    908    424    237    128    177    141
   390    220       4.208    942    371    269    130    193    136
   390    230       3.390   1005    383    292    123    204    173
   390    240       2.740    960    310    285    110    233    167
   390    250       2.265    969    303    290    126    204    156
   390    260       1.850    987    293    312    112    222    155
   390    270       1.529    979    287    325     85    205    139
   390    280       1.287   1014    232    273     90    218    130
   390    290       1.068    992    210    307     84    214    114
   390    300       0.895    953    194    295     53    204     95
   390    310       0.745    891    193    302     64    196    103
   390    320       0.627    906    155    308     50    219     90
   390    330       0.535   1048    168    302     46    281    106
   390    340       0.453   1044    150    352     59    216    106
   390    350       0.386    897    137    355     62    161     70
   390    360       0.333    788    107    360     56    168     70
   390    370       0.281    786     96    330     34    137     45
   390    380       0.241    713     76    350     57    111     37
   390    390       0.207    697     71    319     46    120     30
   390    400       0.179    675     60    330     44     98     40
   400    140      31.200    279    278     59     46     63    104
   400    150      23.090    450    348     84     87     82    105
   400    160      17.190    502    377    107    113    105    122
   400    170      13.090    534    371    136    115    119    142
   400    180      10.270    637    369    160    116    115    145
   400    190       7.999    708    405    206     97    157    162
   400    200       6.345    793    391    200    114    166    159
   400    210       5.014    884    416    231    144    177    194
   400    220       4.026    905    369    268    133    209    176
   400    230       3.292    978    383    290    116    213    186
   400    240       2.671    906    352    255    133    237    200
   400    250       2.210    936    286    298    125    228    148
   400    260       1.800    976    311    319    105    227    150
   400    270       1.501    981    319    324    103    235    136
   400    280       1.235   1015    244    304     84    246    125
   400    290       1.033    992    186    290     71    257    124
   400    300       0.876   1001    178    328     70    198    105
   400    310       0.738    948    173    301     59    191     90
   400    320       0.622    935    160    323     60    217    104
   400    330       0.526   1028    169    306     55    248    112
   400    340       0.441   1015    150    362     73    272     88
   400    350       0.378   1044    133    361     52    226     96
   400    360       0.320    902     88    318     52    193     62
   400    370       0.274    841     89    360     44    146     56
   400    380       0.237    829     85    351     39    123     49
   400    390       0.204    701     71    337     45    119     41
   400    400       0.176    725     77    322     36    117     23
   410    140      30.540    253    314     38     46     66    108
   410    150      22.190    435    330    104     82     88    124
   410    160      16.570    533    381    136    104    112    126
   410    170      12.750    576    356    144    102    130    125
   410    180       9.895    662    388    159    131    124    138
   410    190       7.747    700    390    180    107    167    168
   410    200       6.164    803    435    222    124    177    156
   410    210       4.918    836    407    276    120    187    165
   410    220       3.933    912    373    293    141    188    153
   410    230       3.253    966    427    267    132    225    152
   410    240       2.615    936    321    278    118    224    179
   410    250       2.143    961    333    320    120    231    184
   410    260       1.772    977    261    345    112    234    168
   410    270       1.458    987    287    327     94    238    138
   410    280       1.217   1031    227    335     99    223    110
   410    290       1.024   1020    239    332     88    223    122
   410    300       0.851    976    199    321     73    223     90
   410    310       0.715    930    182    308     74    220     90
   410    320       0.600   1019    151    306     66    230     93
   410    330       0.514   1034    168    311     63    275     94
   410    340       0.433   1038    149    369     66    249    100
   410    350       0.369   1011    130    304     58    228     95
   410    360       0.316    971    136    334     42    199     76
   410    370       0.270    877     99    359     44    154     60
   410    380       0.231    817     91    372     56    176     53
   410    390       0.201    756     70    335     45    137     35
   410    400       0.172    673     61    295     38    124     48
   420    140      29.780    258    266     31     43     57     92
   420    150      21.760    284    294     56     53     75    110
   420    160      16.130    491    350    115     97    103    124
   420    170      12.490    529    323    160    114    120    109
   420    180       9.634    656    409    156    101    130    132
   420    190       7.589    671    397    198    112    166    137
   420    200       5.990    779    426    219    135    161    155
   420    210       4.782    830    395    237    133    173    147
   420    220       3.863    898    375    268    145    188    180
   420    230       3.151    939    377    286    127    184    173
   420    240       2.549    856    326    294    134    204    167
   420    250       2.079    944    320    300    120    248    171
   420    260       1.729   1014    310    312    110    228    167
   420    270       1.424   1029    265    335    114    222    153
   420    280       1.184   1062    214    359    109    236    129
   420    290       1.000   1015    225    342     93    216    112
   420    300       0.837    996    205    337     88    229     97
   420    310       0.709   1011    151    300     62    219    102
   420    320       0.593    986    170    301     70    193     88
   420    330       0.507   1094    174    335     51    245     92
   420    340       0.423   1025    160    316     54    271    100
   420    350       0.363   1028    166    320     54    246     96
   420    360       0.310   1053    143    327     50    246     84
   420    370       0.264    894    139    336     39    221     82
   420    380       0.226    855    116    359     42    178     56
   420    390       0.194    798     92    355     24    135     42
   420    400       0.170    662     84    327     34    108     50
   430    140      28.830    224    261     45     45     68     96
   430    150      21.220    258    293     52     66     64    116
   430    160      15.720    466    340    134     93    112    116
   430    170      12.100    566    349    148    111    110    125
   430    180       9.309    610    382    170    109    149    117
   430    190       7.386    649    391    198    128    144    160
   430    200       5.794    714    359    208    139    148    161
   430    210       4.637    817    401    230    133    160    175
   430    220       3.763    840    386    258    150    192    181
   430    230       3.047    917    383    298    111    223    169
   430    240       2.451    862    327    263    107    231    180
   430    250       2.049    910    345    302    133    251    171
   430    260       1.688    980    305    331    133    192    176
   430    270       1.387   1039    298    326     97    230    150
   430    280       1.165    959    276    336    113    217    144
   430    290       0.965   1045    250    346     89    231    129
   430    300       0.813   1006    226    342     88    207    118
   430    310       0.684   1038    190    321     80    200    107
   430    320       0.581   1007    148    340     67    213     90
   430    330       0.494   1066    156    325     62    267    110
   430    340       0.419   1051    168    299     50    270     86
   430    350       0.355    999    131    361     52    218     84
   430    360       0.305   1021    148    329     46    241     84
   430    370       0.261    967    149    360     50    256     83
   430    380       0.223    931    133    350     44    191     82
   430    390       0.193    847    109    344     43    181     64
   430    400       0.166    787     82    325     35    149     47
   440    140      28.320    251    253     43     47     65     87
   440    150      20.630    318    282     62     56     99    110
   440    160      15.520    351    350     85     74     77    123
   440    170      11.640    508    357    150     90     93    131
   440    180       9.051    596    338    166    126    118    109
   440    190       7.144    632    367    194    118    139    140
   440    200       5.613    736    336    201    135    155    145
   440    210       4.517    759    408    243    140    159    181
   440    220       3.652    798    363    272    147    179    170
   440    230       2.996    860    344    307    137    224    163
   440    240       2.435    833    361    276    145    233    154
   440    250       1.991    919    323    302    127    238    166
   440    260       1.639    947    304    323    132    247    171
   440    270       1.361   1022    291    355    117    209    172
   440    280       1.135   1040    242    341     88    235    170
   440    290       0.941   1038    239    353     84    244    144
   440    300       0.799   1023    216    376     90    206    112
   440    310       0.671   1012    172    338     78    227     97
   440    320       0.570   1046    165    361     70    237     94
   440    330       0.488   1028    166    318     72    231     93
   440    340       0.409   1008    177    329     69    253    113
   440    350       0.347   1031    155    329     54    262    118
   440    360       0.296   1044    147    330     53    218     93
   440    370       0.255   1006    140    337     45    226     78
   440    380       0.220    976    135    317     41    234     79
   440    390       0.190    915    124    343     27    212     75
   440    400       0.162    852     85    348     38    158     42
   450    140      27.430    228    286     45     42     53     98
   450    150      20.260    301    320     50     52     75    103
   450    160      15.230    345    319     74     62     70     98
   450    170      11.270    525    336    132    118    109    137
   450    180       8.816    559    341    158    115    117    115
   450    190       6.992    665    358    172    144    122    143
   450    200       5.539    734    348    228    125    158    150
   450    210       4.380    723    345    274    120    185    153
   450    220       3.538    842    377    239    143    193    157
   450    230       2.905    877    335    296    129    189    157
   450    240       2.386    874    388    280    126    243    176
   450    250       1.938    862    320    355    126    238    163
   450    260       1.595    951    276    343    130    259    186
   450    270       1.322    987    252    372    108    256    160
   450    280       1.112    940    318    339    115    233    134
   450    290       0.918   1027    250    355    107    248    131
   450    300       0.776   1012    213    348     88    227    137
   450    310       0.657   1028    194    359     73    239    106
   450    320       0.553   1039    201    361     56    222    103
   450    330       0.475   1102    175    374     64    267    126
   450    340       0.397   1019    172    320     77    263    126
   450    350       0.342   1019    147    321     57    263     74
   450    360       0.294   1013    152    348     54    253     87
   450    370       0.252   1017    126    332     49    252    110
   450    380       0.215   1032    148    339     36    230     84
   450    390       0.185    958    125    314     44    222     69
   450    400       0.160    914    106    360     37    200     59
   460    140      26.630    248    257     47     43     53     93
   460    150      19.550    320    308     55     59     69    126
   460    160      14.830    319    315     68     62     91    106
   460    170      11.200    422    329     80     92     83    108
   460    180       8.604    548    334    188    129    124    143
   460    190       6.739    629    362    201    129    123    108
   460    200       5.375    683    362    200    123    185    152
   460    210       4.257    710    363    213    132    154    156
   460    220       3.474    780    361    250    139    195    150
   460    230       2.814    809    389    312    141    188    169
   460    240       2.293    838    335    314    145    218    173
   460    250       1.896    860    330    277    129    231    182
   460    260       1.560    932    293    319    146    218    174
   460    270       1.298    958    292    334    100    224    176
   460    280       1.080   1044    270    342    110    279    142
   460    290       0.904    993    246    351    119    228    144
   460    300       0.764   1071    226    386    101    246    121
   460    310       0.638   1077    215    354     93    212    128
   460    320       0.542   1072    224    374     63    247    109
   460    330       0.458   1098    207    332     71    260    109
   460    340       0.392   1117    170    337     71    272    124
   460    350       0.336   1052    159    352     55    291     81
   460    360       0.286   1053    150    330     55    241     74
   460    370       0.248   1020    130    308     53    250     95
   460    380       0.212   1032    128    310     54    218     80
   460    390       0.181   1009    116    288     52    227     77
   460    400       0.159    915    105    287     39    231     75
   470    140      26.310    226    265     45     41     60     96
   470    150      19.100    287    264     55     56     75     93
   470    160      14.430    342    263     82     55     89    104
   470    170      10.850    394    324     91     77     98    134
   470    180       8.249    559    327    139    109    126    129
   470    190       6.619    589    350    193    114    143    144
   470    200       5.230    645    320    210    145    135    143
   470    210       4.164    706    338    238    131    152    153
   470    220       3.381    759    334    283    109    203    151
   470    230       2.751    839    344    274    115    212    191
   470    240       2.250    784    315    308    123    201    190
   470    250       1.841    883    302    305    134    226    159
   470    260       1.526    967    283    318    128    214    185
   470    270       1.267    931    295    364    129    255    152
   470    280       1.059    984    257    343    109    254    157
   470    290       0.881   1017    250    394    112    222    147
   470    300       0.747   1063    223    372     94    243    141
   470    310       0.627   1018    210    394    111    264    117
   470    320       0.534   1085    190    410     81    254    101
   470    330       0.454   1111    208    354     99    262    139
   470    340       0.385   1095    167    373     71    283    101
   470    350       0.331   1060    159    377     66    269    114
   470    360       0.281   1056    138    339     61    272     93
   470    370       0.244    956    148    339     39    257     81
   470    380       0.207   1004    125    333     37    258     94
   470    390       0.179   1007    126    312     29    217     69
   470    400       0.154    947    123    337     47    220     84
   480    140      25.550    260    260     31     51     56     93
   480    150      18.830    300    287     55     48     74     94
   480    160      14.090    364    321     75     55    102    150
   480    170      10.630    401    296     92     68     67    119
   480    180       8.258    455    353    113     91     95    128
   480    190       6.405    640    357    186    101    121    152
   480    200       5.124    666    316    240    129    145    116
   480    210       4.061    685    320    218    131    152    129
   480    220       3.285    774    318    256    118    164    140
   480    230       2.662    812    308    292    155    179    149
   480    240       2.190    803    334    263    144    187    151
   480    250       1.790    858    321    284    129    237    140
   480    260       1.490    876    307    322    120    270    152
   480    270       1.221    885    275    363    122    246    150
   480    280       1.026    963    283    373    121    225    155
   480    290       0.857   1017    266    366    120    249    126
   480    300       0.728   1097    224    347     92    216    116
   480    310       0.614   1022    224    373    109    241    105
   480    320       0.518   1018    186    376     85    260    125
   480    330       0.443   1146    217    404     83    285    128
   480    340       0.376   1090    185    362     70    295    106
   480    350       0.321   1021    196    375     65    262    121
   480    360       0.277   1071    139    334     59    229     98
   480    370       0.239    999    134    339     47    245     89
   480    380       0.206    971    131    307     49    250     79
   480    390       0.177    958    127    300     50    235     74
   480    400       0.152    957    123    338     32    252     79
   490    140      25.130    249    234     33     36     59     87
   490    150      18.240    280    281     61     42     82    105
   490    160      13.740    322    280     75     57     87    106
   490    170      10.310    358    291    106     80     83    125
   490    180       8.119    442    370     94     77    125    107
   490    190       6.265    589    316    189    106    108    151
   490    200       4.949    613    344    201    120    149    134
   490    210       3.989    689    310    253    107    164    140
   490    220       3.223    768    292    275    122    154    159
   490    230       2.608    830    342    273    134    198    130
   490    240       2.112    834    315    327    138    218    179
   490    250       1.753    817    294    290    120    215    143
   490    260       1.446    911    310    344    139    233    148
   490    270       1.202    926    275    329    127    259    155
   490    280       1.016    959    285    358    113    260    150
   490    290       0.841    991    281    367    140    230    153
   490    300       0.712   1004    240    389    125    258    120
   490    310       0.601   1100    227    374     84    235    134
   490    320       0.510   1093    180    387    114    264    122
   490    330       0.439   1163    194    433     75    269    130
   490    340       0.372   1082    182    398     67    300    112
   490    350       0.317   1081    164    412     74    269    109
   490    360       0.271   1037    157    360     73    286     89
   490    370       0.236   1068    112    367     53    219    103
   490    380       0.200    987    133    354     52    231     86
   490    390       0.173    954    141    335     38    228     60
   490    400       0.151    986    119    323     43    202     71
   500    140      24.520    228    235     38     42     48     83
   500    150      17.780    290    282     53     41     65    101
   500    160      13.290    324    298     74     56     68     94
   500    170      10.260    375    276     96     70     69    112
   500    180       7.906    401    318     92     91    111    132
   500    190       6.218    470    320    126     91    116    130
   500    200       4.859    622    323    220    127    106    125
   500    210       3.815    663    316    251    115    154    160
   500    220       3.141    763    310    248    144    163    138
   500    230       2.550    767    317    296    123    194    145
   500    240       2.072    819    264    287    143    208    149
   500    250       1.719    807    284    311    148    209    166
   500    260       1.411    843    278    352    144    228    173
   500    270       1.184    899    274    379    130    242    153
   500    280       0.984    988    254    344    124    252    149
   500    290       0.826    986    266    380    106    253    138
   500    300       0.695   1036    244    368     96    252    135
   500    310       0.586   1011    198    359     79    251    113
   500    320       0.496   1073    197    339     93    263    133
   500    330       0.426   1071    244    415     72    301    146
   500    340       0.362   1170    205    428     75    277    124
   500    350       0.312   1147    160    400     81    282    120
   500    360       0.268   1113    174    376     64    266     94
   500    370       0.227   1055    158    327     50    244     84
   500    380       0.196    997    130    310     51    254     75
   500    390       0.171    981    131    301     41    238     69
   500    400       0.147    954    138    329     38    219     66
   510    140      24.070    201    234     35     41     54     90
   510    150      17.620    262    280     63     51     74     86
   510    160      13.110    318    293     62     54     88     89
   510    170       9.951    384    331     65     70     85    105
   510    180       7.677    462    305     84     79    102    124
   510    190       5.984    451    306    140     89    127    143
   510    200       4.700    632    308    219    119    132    127
   510    210       3.750    618    323    209    135    156    157
   510    220       3.046    706    314    250    111    163    134
   510    230       2.463    749    305    263    116    187    154
   510    240       2.030    767    301    310    118    172    142
   510    250       1.663    750    281    257    121    226    164
   510    260       1.381    843    305    308    119    206    182
   510    270       1.147    888    295    323    128    244    165
   510    280       0.965    922    265    348    124    257    149
   510    290       0.812    963    250    381    112    271    152
   510    300       0.682   1022    266    392    111    218    132
   510    310       0.574    962    221    408     89    258    117
   510    320       0.493   1034    224    378     94    265    126
   510    330       0.422   1153    205    445     91    321    132
   510    340       0.356   1105    200    397     77    289    111
   510    350       0.307   1052    163    419     81    300    115
   510    360       0.265   1088    137    429     65    266     98
   510    370       0.224   1054    140    371     60    251    127
   510    380       0.193   1110    153    349     57    222     91
   510    390       0.167   1027    114    342     37    257     81
   510    400       0.144    932    112    307     49    234     67
   520    140      23.810    249    231     38     34     51     95
   520    150      17.250    272    256     51     56     76     85
   520    160      12.790    310    275     59     69     76    113
   520    170       9.679    339    308     85     66     95    135
   520    180       7.500    411    327    103     78    108    119
   520    190       5.863    482    307    128     78    125    134
   520    200       4.689    491    321    108    106    105    122
   520    210       3.678    622    306    236    135    143    127
   520    220       3.000    697    286    237    140    169    136
   520    230       2.414    760    298    261    119    172    149
   520    240       1.992    714    297    253    133    201    163
   520    250       1.639    770    266    312    114    233    162
   520    260       1.357    846    288    320    126    228    161
   520    270       1.130    896    273    331    120    237    176
   520    280       0.944    866    252    370    126    265    158
   520    290       0.796   1003    269    367    122    254    144
   520    300       0.669   1015    235    403    114    234    149
   520    310       0.565   1047    233    404     94    229    127
   520    320       0.481   1052    238    440     91    256    121
   520    330       0.409   1097    214    412     76    296    121
   520    340       0.350   1099    216    399     81    286    123
   520    350       0.303   1153    191    412     83    273    115
   520    360       0.259   1056    171    363     70    251    111
   520    370       0.220   1046    174    387     69    260    100
   520    380       0.192   1080    134    369     47    268     77
   520    390       0.166    999    120    318     45    223     92
   520    400       0.143    971    115    319     48    230     64
   530    140      23.270    233    222     43     38     45     84
   530    150      16.700    241    241     51     58     66    115
   530    160      12.560    317    290     66     59     71     79
   530    170       9.525    376    288     85     69     92    116
   530    180       7.318    400    295     92     76    102    120
   530    190       5.763    461    308    111    101    111    121
   530    200       4.534    506    307    135     92    130    132
   530    210       3.578    645    306    225    101    124    142
   530    220       2.907    592    296    237    126    153    135
   530    230       2.356    729    291    246    106    188    146
   530    240       1.924    685    290    261    123    188    162
   530    250       1.597    687    285    288    126    204    151
   530    260       1.334    842    278    310    136    239    156
   530    270       1.106    841    254    364    123    252    144
   530    280       0.930    907    279    356    125    259    155
   530    290       0.773    979    251    374    105    248    136
   530    300       0.657    973    220    346     90    261    146
   530    310       0.553    977    232    431     92    256    124
   530    320       0.474   1022    217    390     88    269    143
   530    330       0.398   1063    216    405     89    297    163
   530    340       0.346   1161    215    426     79    304    128
   530    350       0.295   1158    194    407     97    283    110
   530    360       0.253   1128    168    453     74    258    124
   530    370       0.218   1061    144    369     62    280     97
   530    380       0.188   1048    137    395     53    253     91
   530    390       0.161   1003    151    359     64    238     93
   530    400       0.139   1008    128    345     35    226     64
   540    140      22.610    255    256     36     35     56     84
   540    150      16.530    291    261     42     52     64     92
   540    160      12.190    303    298     65     57     62    115
   540    170       9.334    355    260     78     68     86    100
   540    180       7.143    408    335     93     79    101    131
   540    190       5.665    438    293    125     80    100    129
   540    200       4.479    472    281    149     89    136    141
   540    210       3.494    600    293    241    120    152    111
   540    220       2.843    690    280    218    106    168    148
   540    230       2.287    712    274    262    114    150    148
   540    240       1.890    704    285    268    101    180    169
   540    250       1.570    714    289    275    125    208    164
   540    260       1.285    798    238    320    117    204    178
   540    270       1.084    811    268    330    113    213    159
   540    280       0.897    910    278    339    118    248    115
   540    290       0.762    963    235    348    116    228    121
   540    300       0.648    946    257    388    101    274    127
   540    310       0.541   1008    208    388     92    259    129
   540    320       0.460   1005    203    413     83    265    139
   540    330       0.394   1074    239    392    105    272    141
   540    340       0.338   1081    190    383     93    283    132
   540    350       0.287   1120    181    453     70    309    117
   540    360       0.247   1120    180    437     60    300    108
   540    370       0.214   1126    166    366     60    267    109
   540    380       0.185   1068    145    390     70    253     76
   540    390       0.159   1037    159    347     56    261     77
   540    400       0.140   1032    125    335     36    228     77
   550    140      22.410    222    201     31     37     58     74
   550    150      16.080    283    234     40     54     73     96
   550    160      12.140    334    264     73     49     69    115
   550    170       9.055    359    267     68     73     91    121
   550    180       7.040    375    317     83     66     99    112
   550    190       5.536    483    284    114     84    113    102
   550    200       4.317    445    275    165    106    103    150
   550    210       3.513    538    290    143     79    144    147
   550    220       2.787    649    283    235    121    149    140
   550    230       2.268    722    258    258    109    155    118
   550    240       1.862    631    271    248    124    167    156
   550    250       1.515    706    280    270    123    191    146
   550    260       1.257    734    269    343    122    244    146
   550    270       1.064    790    258    302    131    196    149
   550    280       0.887    837    261    307    116    230    155
   550    290       0.738    857    241    381    101    227    147
   550    300       0.634    953    226    416     97    238    113
   550    310       0.528    989    215    392     98    246    113
   550    320       0.451   1009    222    407    104    252    123
   550    330       0.384   1044    208    411     89    294    119
   550    340       0.335   1114    210    402     94    298    113
   550    350       0.284   1067    168    433     78    307    133
   550    360       0.244   1103    185    446     77    256    140
   550    370       0.210   1080    166    434     68    263     94
   550    380       0.182   1098    139    388     62    232     97
   550    390       0.157   1090    147    338     58    260     90
   550    400       0.136    987    147    351     53    250     85
   560    140      21.870    221    227     38     37     54     85
   560    150      15.930    258    268     41     49     56     98
   560    160      11.790    347    258     60     62     84     99
   560    170       8.974    354    283     78     54     89    106
   560    180       6.912    390    316    103     53     78    124
   560    190       5.405    424    279     85     88    105    122
   560    200       4.263    463    288    134     99    105    115
   560    210       3.379    526    300    152     93    112    142
   560    220       2.716    650    302    217    123    158    120
   560    230       2.211    694    269    244    103    166    134
   560    240       1.825    661    250    247    135    169    143
   560    250       1.481    675    282    274    123    180    154
   560    260       1.251    763    243    297    119    182    148
   560    270       1.032    736    268    302    125    244    138
   560    280       0.869    831    250    341    111    216    145
   560    290       0.731    831    241    363    112    259    134
   560    300       0.622    981    227    381    107    236    100
   560    310       0.523    999    215    403     93    237    131
   560    320       0.442   1004    222    393    105    235    117
   560    330       0.383    992    235    408     82    287    147
   560    340       0.323   1050    211    397     84    281    143
   560    350       0.278   1119    179    410     79    258    131
   560    360       0.238   1074    187    418     68    297    106
   560    370       0.205   1078    164    377     75    255     95
   560    380       0.176   1053    152    385     60    288     86
   560    390       0.154   1064    134    357     68    255     84
   560    400       0.134   1010    146    409     46    234     91
   570    140      21.740    222    215     34     40     50     85
   570    150      15.680    267    245     56     31     64     70
   570    160      11.630    323    256     57     64    100     88
   570    170       8.830    350    266     76     61     93    108
   570    180       6.762    404    266     90     70     83    112
   570    190       5.266    424    280    108     81     96    106
   570    200       4.139    438    300    112     74    115    115
   570    210       3.350    540    276    142     91    132    134
   570    220       2.699    522    289    174    103    133    149
   570    230       2.160    665    254    247    121    160    123
   570    240       1.778    682    234    268    112    174    124
   570    250       1.472    675    257    241    112    173    123
   570    260       1.219    737    262    288    110    210    113
   570    270       1.007    755    248    323    108    221    142
   570    280       0.852    759    229    341    121    232    158
   570    290       0.719    792    240    337    100    224    124
   570    300       0.607    873    227    366    103    256    126
   570    310       0.512    964    205    393    100    240    112
   570    320       0.438    996    179    439     93    235    139
   570    330       0.374   1019    231    408     79    305    129
   570    340       0.316   1039    208    379     79    298    148
   570    350       0.277   1088    204    427     81    280    145
   570    360       0.237   1042    172    493     96    272    129
   570    370       0.204   1079    184    415     67    242    130
   570    380       0.175   1038    155    411     72    247     81
   570    390       0.151   1046    145    395     64    266     85
   570    400       0.132   1061    127    367     58    225     85
   580    140      21.200    222    209     39     39     66     73
   580    150      15.260    260    229     49     44     63     90
   580    160      11.450    312    230     53     55     76     97
   580    170       8.642    317    274     70     70     91    117
   580    180       6.588    377    310    103     72     90    115
   580    190       5.171    413    295    100     78    103    123
   580    200       4.080    434    274    120     91    108    111
   580    210       3.279    480    277    162     96    124    125
   580    220       2.626    589    313    140    102    142    127
   580    230       2.112    630    305    269    143    160    133
   580    240       1.739    620    260    244    104    153    144
   580    250       1.414    611    252    291    118    195    143
   580    260       1.198    695    232    286    134    192    146
   580    270       0.989    735    234    329    125    198    146
   580    280       0.827    772    239    322    102    232    149
   580    290       0.705    857    229    331    125    244    130
   580    300       0.593    925    214    368    105    243    125
   580    310       0.500    944    210    366     90    237    123
   580    320       0.431    987    214    410     88    222    138
   580    330       0.365   1049    250    426     80    288    135
   580    340       0.312    993    215    394     81    289    132
   580    350       0.267   1043    173    452     87    263    136
   580    360       0.230   1052    200    386     91    290    120
   580    370       0.200   1050    158    398     76    269    131
   580    380       0.171   1062    149    421     56    253     97
   580    390       0.148   1060    136    398     52    271     87
   580    400       0.130   1043    122    391     46    242     71
   590    140      20.940    207    215     35     34     66     78
   590    150      15.270    263    201     54     32     71     93
   590    160      11.200    309    244     57     56     57     85
   590    170       8.494    332    270     74     79    102     97
   590    180       6.541    356    231     82     79    101    111
   590    190       5.141    409    270    110     88     99    112
   590    200       4.000    457    298    114     90    116    140
   590    210       3.206    443    272    124     89    134    108
   590    220       2.579    476    291    170     90    132    118
   590    230       2.097    545    270    200    106    129    140
   590    240       1.719    565    246    260    104    166    128
   590    250       1.404    574    259    258     99    182    158
   590    260       1.172    635    241    290    134    181    111
   590    270       0.976    684    202    318     90    199    155
   590    280       0.821    720    218    323    108    205    120
   590    290       0.695    751    229    357    113    226    125
   590    300       0.579    858    217    386    109    256    121
   590    310       0.491    919    223    373    102    247    120
   590    320       0.421    913    208    395     95    249    118
   590    330       0.360   1011    239    394     75    297    144
   590    340       0.306   1070    204    439     87    296    137
   590    350       0.266   1057    184    445     71    258    119
   590    360       0.228   1086    215    464     79    283     95
   590    370       0.195   1053    175    421     67    285    118
   590    380       0.169   1034    156    406     66    256    104
   590    390       0.148   1041    154    422     63    258     93
   590    400       0.127   1039    154    398     65    246     91
   600    140      20.550    205    217     36     37     50     79
   600    150      14.980    249    230     40     32     58     91
   600    160      11.110    289    257     52     44     97     95
   600    170       8.379    339    268     81     69     76     73
   600    180       6.402    364    257     88     65     93    109
   600    190       5.039    386    260    101     71     89    136
   600    200       4.005    447    245    123     75    113    122
   600    210       3.172    461    293    151     78    130    121
   600    220       2.545    521    255    169     78    140    134
   600    230       2.066    563    267    173     97    140    138
   600    240       1.680    572    253    239    124    189    136
   600    250       1.372    577    224    266    123    164    104
   600    260       1.140    632    209    297    104    193    119
   600    270       0.960    661    216    280    107    212    138
   600    280       0.809    721    248    291     94    220    132
   600    290       0.668    778    240    305    117    245    119
   600    300       0.572    790    208    376     93    211    120
   600    310       0.487    917    231    370    103    240    109
   600    320       0.409    915    205    365     95    251    121
   600    330       0.357    925    192    415    100    279    119
   600    340       0.302   1016    202    408     85    309    126
   600    350       0.262    978    177    418     79    301    119
   600    360       0.225   1066    184    392    103    262    132
   600    370       0.191   1041    159    421     74    296    105
   600    380       0.167   1050    164    412     83    268    120
   600    390       0.145   1023    158    408     68    239    104
   600    400       0.125   1050    139    415     67    264     80
