m0_binning   41  200  600  10
m12_binning  27  140  400  10
NscanPoints  1107
    m0    m12      Xsec     n_sig    n_sb    n_sig_sl   n_sb_sl  n_sig_ldp  n_sb_ldp
   200    140      62.510    117    115     24     21     24     25
   200    150      44.630    122     80     34     13     15     26
   200    160      33.610    145     94     31     33     24     25
   200    170      25.230    155     99     47     27     26     23
   200    180      19.100    158     98     44     25     24     17
   200    190      14.810    181     92     39     32     18     21
   200    200      11.510    229     93     53     19     27     23
   200    210       9.020    212     72     43     25     19     25
   200    220       7.157    197     70     48     18     34     14
   200    230       5.732    178     67     67     19     30     18
   200    240       4.535    188     55     67     22     35     22
   200    250       3.763    175     51     77     21     21     11
   200    260       3.048    157     49     65     17     25     15
   200    270       2.553    152     33     66     11     18     10
   200    280       2.108    144     37     60     15     22     16
   200    290       1.793    156     44     64     12     24     13
   200    300       1.512    161     18     75     13     26      9
   200    310       1.293    123     23     56     10     25     12
   200    320       1.127    111     27     51     15     15      9
   200    330       0.982    132     22     58      9     16     12
   200    340       0.854    100     15     45     10     12     10
   200    350       0.754     78     19     32      5     16      4
   200    360       0.675     92     11     51     14     15      3
   200    370       0.597     82     10     46      7     10      5
   200    380       0.530     77      8     38      5     23      3
   200    390       0.484     85     11     34      5     14      7
   200    400       0.432     69      7     36      3     20      2
   210    140      59.510    133    124     34     29     29     33
   210    150      43.190    124    104     18     33     26     30
   210    160      32.220    157    110     38     33     15     28
   210    170      24.560    166     98     41     34     23     26
   210    180      18.470    184     77     47     30     21     21
   210    190      14.160    170    100     71     27     22     23
   210    200      11.200    194     83     52     24     21     17
   210    210       8.762    238     80     58     19     18     30
   210    220       6.998    240     85     43     19     24     29
   210    230       5.576    215     75     52     22     24     20
   210    240       4.413    205     73     68     26     26     13
   210    250       3.621    192     44     72     20     19     12
   210    260       2.939    190     54     73     15     23     18
   210    270       2.448    185     38     72     14     27      9
   210    280       1.999    157     36     74     13     24     23
   210    290       1.662    165     42     79     20     14     14
   210    300       1.384    151     27     63     12     17     13
   210    310       1.166    169     22     58     10     26     12
   210    320       0.991    133     25     67     18     23      7
   210    330       0.841    135     22     46      5     35      8
   210    340       0.723    141     13     53      7     20      8
   210    350       0.626    107     25     42      6     28      4
   210    360       0.544     94     17     50      6     13      4
   210    370       0.475    111     18     62      9     12      6
   210    380       0.417     93     14     47      9     12      6
   210    390       0.365     94      7     42      5     13      5
   210    400       0.324     94      9     57      4     16      5
   220    140      57.630    151    137     19     35     18     30
   220    150      42.480    177    135     25     25     33     27
   220    160      31.140    143    104     28     25     23     25
   220    170      23.750    174     89     32     34     24     30
   220    180      17.960    159     97     47     45     21     34
   220    190      13.870    191     95     65     35     24     27
   220    200      10.940    191     87     61     30     39     25
   220    210       8.607    207     83     68     31     22     17
   220    220       6.745    236     76     66     27     29     13
   220    230       5.412    189     68     66     17     25     23
   220    240       4.345    204     68     53     16     20     14
   220    250       3.506    253     56     56     22     29     13
   220    260       2.857    222     59     72     15     34     19
   220    270       2.350    214     40     62     11     19     18
   220    280       1.918    185     43     86     19     24     17
   220    290       1.603    188     38     70     14     17     13
   220    300       1.338    190     40     61     11     22     14
   220    310       1.107    155     25     80     10     22     15
   220    320       0.938    169     24     83     18     16     15
   220    330       0.799    139     19     85     11     12     10
   220    340       0.670    159     31     74     10     23     12
   220    350       0.584    134     26     69     13     16      9
   220    360       0.498    132     14     56      6     24      7
   220    370       0.428    126     14     57     12     21      8
   220    380       0.370    107     19     59     13     27      4
   220    390       0.325    111     18     54     14     21      3
   220    400       0.282    119     11     52      4     13      4
   230    140      55.850    146    126     18     20     38     36
   230    150      41.210    154    130     33     28     31     38
   230    160      30.200    179    133     35     33     21     32
   230    170      22.890    172    125     44     30     33     28
   230    180      17.400    199    101     57     38     29     30
   230    190      13.530    212     73     60     32     21     23
   230    200      10.670    204     85     78     30     26     16
   230    210       8.257    196     83     84     29     22     24
   230    220       6.526    208     83     71     28     24     19
   230    230       5.274    226     65     72     25     29     18
   230    240       4.191    222     71     72     19     28     19
   230    250       3.398    233     61     56     12     20     14
   230    260       2.785    251     48     64     25     36     11
   230    270       2.253    232     59     55     16     21     18
   230    280       1.869    215     37     75     15     25     19
   230    290       1.529    211     41     62     16     32      7
   230    300       1.298    181     34     76     13     22     16
   230    310       1.076    174     29     79     15     18     16
   230    320       0.900    152     30     57     15     26     15
   230    330       0.755    159     25     73     19     23     17
   230    340       0.643    165     19     60      7     23     14
   230    350       0.549    139     25     61      9     21      7
   230    360       0.472    122     16     64     12     19      3
   230    370       0.400    138     17     55     13     12      6
   230    380       0.349    125     11     68      6     22     11
   230    390       0.299     96     12     61     11     10      6
   230    400       0.264    115     14     63     10     16      8
   240    140      53.920    141    147     21     28     35     34
   240    150      39.350    158    162     23     27     29     60
   240    160      29.510    181    136     39     32     35     35
   240    170      22.230    176    120     56     40     24     36
   240    180      16.780    196    110     57     43     31     44
   240    190      13.190    201    115     64     32     26     18
   240    200      10.280    203     88     78     48     27     25
   240    210       8.075    211     95     82     31     33     17
   240    220       6.383    237     85     78     27     32     22
   240    230       5.178    217     62     87     33     34     14
   240    240       4.097    202     74     92     37     27     16
   240    250       3.364    243     57     71     22     23     20
   240    260       2.710    222     42     72     21     29     16
   240    270       2.237    259     49     80     14     33     24
   240    280       1.821    223     40     62     22     26     16
   240    290       1.501    242     43     59      9     31     18
   240    300       1.260    224     44     59     13     19      9
   240    310       1.045    202     33     66     18     21     11
   240    320       0.872    186     30     89     14     33     16
   240    330       0.728    181     18     99     11     20     16
   240    340       0.622    174     22     70     12     17      7
   240    350       0.532    156     24     62     12     20     12
   240    360       0.450    144     27     65     12     20      7
   240    370       0.389    121     20     61     10     22     10
   240    380       0.335    137     18     69      8     15      6
   240    390       0.287    117     10     61      6     13      9
   240    400       0.249    124     14     64      7     16      7
   250    140      51.640    140    132     17     20     31     47
   250    150      37.970    163    131     18     28     31     57
   250    160      28.590    205    149     32     35     35     38
   250    170      21.310    185    141     51     44     30     51
   250    180      16.390    200    119     54     53     27     37
   250    190      12.690    207    107     67     31     44     34
   250    200       9.887    226     87     76     33     28     22
   250    210       7.798    212     89     73     35     32     24
   250    220       6.188    207     69     76     23     26     20
   250    230       5.003    219     68     92     29     33     18
   250    240       4.004    240     45     89     37     16     14
   250    250       3.247    235     43    101     18     22     27
   250    260       2.653    232     67     85     18     29     22
   250    270       2.158    211     40    100     30     33     16
   250    280       1.772    228     30     72     18     26     20
   250    290       1.485    257     44     78     22     30     14
   250    300       1.218    225     45     58     14     39      9
   250    310       1.025    225     33     69     10     24      8
   250    320       0.850    212     31     51     14     23     10
   250    330       0.724    176     24     70      9     28      9
   250    340       0.612    171     25     75     11     18      8
   250    350       0.517    155     24     77      7     14     12
   250    360       0.443    168     20     65     11     28      7
   250    370       0.374    191     17     65      6     16      3
   250    380       0.320    149     15     67     13     14      8
   250    390       0.279    138      9     62      8     12      9
   250    400       0.238    128     24     51      4     19      2
   260    140      49.360    161    147     25     21     38     55
   260    150      36.800    185    145     28     39     26     54
   260    160      27.380    216    160     41     42     35     51
   260    170      21.030    227    157     37     27     31     39
   260    180      15.700    215    122     50     33     35     41
   260    190      12.400    202    117     55     32     31     40
   260    200       9.631    238    114     73     35     31     25
   260    210       7.590    230     94     76     34     23     26
   260    220       6.077    182     90     88     33     35     33
   260    230       4.879    216     84    102     36     35     28
   260    240       3.923    204     65    100     29     27     18
   260    250       3.145    238     47     91     26     24     16
   260    260       2.599    215     53    107     21     28     19
   260    270       2.113    218     53    103     22     34     21
   260    280       1.733    236     33     75     24     31     21
   260    290       1.457    221     35     68     16     29      8
   260    300       1.191    202     37     93     16     30     14
   260    310       0.996    222     31     72     10     41     14
   260    320       0.839    221     34     64     13     33     13
   260    330       0.702    203     26     64      7     30     13
   260    340       0.594    216     23     65      6     25      6
   260    350       0.504    214     22     60      9     18      8
   260    360       0.421    174     31     56      9     20     11
   260    370       0.364    157     21     60     10     24     13
   260    380       0.313    186     10     57      5     22      8
   260    390       0.271    164     26     62      7     20      7
   260    400       0.231    147     13     59      9     19      7
   270    140      48.290    156    133     24     15     36     41
   270    150      35.270    184    175     44     27     32     63
   270    160      26.570    201    160     34     35     28     60
   270    170      20.020    239    160     46     37     34     37
   270    180      15.240    237    145     58     31     31     44
   270    190      12.000    212    126     64     44     40     41
   270    200       9.331    240    101     64     34     36     47
   270    210       7.341    223    105     88     25     35     39
   270    220       5.857    214     92     88     36     29     27
   270    230       4.707    243     71     96     31     24     30
   270    240       3.876    243     59    100     33     38     24
   270    250       3.090    248     53     87     25     33     23
   270    260       2.518    204     48     99     27     32     12
   270    270       2.043    211     56     74     27     32     19
   270    280       1.691    219     52     85     19     31     18
   270    290       1.396    208     44     77     23     21     24
   270    300       1.161    199     48     80     15     28     20
   270    310       0.976    192     46     91     18     23     12
   270    320       0.809    227     27     75     14     21      9
   270    330       0.692    224     28     73      9     30     14
   270    340       0.575    235     27     76      8     20     10
   270    350       0.492    208     20     66      4     36     14
   270    360       0.416    187     23     65     12     28      9
   270    370       0.357    187     21     64      8     23     10
   270    380       0.306    166     23     44      7     17      4
   270    390       0.262    124     23     65      7     22     10
   270    400       0.227    132     19     61     10     18      6
   280    140      46.640    158    150     24     21     22     45
   280    150      34.400    181    158     30     31     35     43
   280    160      25.550    217    192     43     36     45     55
   280    170      19.490    221    169     40     31     41     46
   280    180      14.960    215    155     48     44     35     49
   280    190      11.580    270    121     72     48     43     47
   280    200       9.085    264    126     64     41     43     40
   280    210       7.192    240    114     60     39     50     37
   280    220       5.774    223     93     80     40     32     37
   280    230       4.612    255     69     96     45     26     24
   280    240       3.677    233     73     94     34     33     24
   280    250       3.041    237     68     94     33     33     23
   280    260       2.460    231     57     86     23     18     21
   280    270       2.033    242     46    101     22     33     21
   280    280       1.674    232     40    110     26     34     22
   280    290       1.378    234     40    107     19     31     13
   280    300       1.132    204     42     95     19     32     16
   280    310       0.951    207     43     90     20     26     12
   280    320       0.803    206     26    102     19     26     13
   280    330       0.675    193     20     97     14     23     15
   280    340       0.568    213     28     72     12     21     10
   280    350       0.478    209     36     67      6     35     13
   280    360       0.412    244     32     56      9     28     15
   280    370       0.346    199     18     48      3     30      8
   280    380       0.296    193     23     62      9     25     14
   280    390       0.254    171     20     56      4     26      2
   280    400       0.219    169     20     43     11     18      7
   290    140      45.330    135    139     23     22     39     58
   290    150      33.020    181    176     28     36     43     65
   290    160      24.730    196    162     41     35     48     59
   290    170      18.660    225    179     57     34     28     52
   290    180      14.410    244    186     70     42     54     54
   290    190      11.270    236    160     56     41     43     55
   290    200       8.797    268    143     92     43     43     47
   290    210       6.950    237    111     70     31     38     54
   290    220       5.520    242     87     80     33     40     32
   290    230       4.527    264     89     82     29     35     29
   290    240       3.617    270     67    105     35     32     18
   290    250       2.965    253     65     99     29     31     24
   290    260       2.393    234     50     95     35     36     13
   290    270       1.972    240     54     83     28     21     20
   290    280       1.627    216     42    112     29     30     21
   290    290       1.352    239     47     87     20     31     24
   290    300       1.115    225     42    111     25     31     18
   290    310       0.922    206     29     81     29     25     28
   290    320       0.783    215     35     90     15     30     13
   290    330       0.651    215     32     99     18     34     14
   290    340       0.550    200     14     95     10     31      6
   290    350       0.471    194     29     80     10     23     18
   290    360       0.400    189     25     69      4     26     10
   290    370       0.342    191     20     69     12     24      9
   290    380       0.293    191     14     67     15     26      8
   290    390       0.251    178     24     59      9     25      7
   290    400       0.215    189     19     62      4     26      3
   300    140      43.190    130    151     28     21     28     44
   300    150      31.890    188    167     25     24     33     49
   300    160      23.650    203    198     37     38     69     52
   300    170      18.370    261    207     61     58     36     49
   300    180      14.060    281    184     63     54     38     59
   300    190      10.880    287    166     65     47     49     48
   300    200       8.570    280    155     59     48     50     51
   300    210       6.787    269    114     63     45     54     43
   300    220       5.412    286    128     94     33     45     36
   300    230       4.357    254     92     87     28     48     31
   300    240       3.522    221     83     89     21     34     26
   300    250       2.872    285     63    103     20     47     24
   300    260       2.337    220     68    103     27     26     30
   300    270       1.917    230     54    104     19     35     19
   300    280       1.586    243     56    106     13     26     20
   300    290       1.311    232     50    106     22     36     18
   300    300       1.082    223     55     98     17     29     17
   300    310       0.916    191     33     99     18     29      9
   300    320       0.761    225     13     84     15     31     12
   300    330       0.643    207     23     93     15     24     12
   300    340       0.542    187     28     82     13     27     10
   300    350       0.459    179     25     94     13     29      4
   300    360       0.391    186     16     72     13     21     12
   300    370       0.335    179     18     83     12     28     14
   300    380       0.285    191     20     92     13     25     10
   300    390       0.246    191     11     62      9     21     11
   300    400       0.211    180     18     48      6     25      5
   310    140      41.920    136    175     23     22     30     43
   310    150      30.680    162    149     34     32     37     54
   310    160      22.920    225    176     39     35     44     63
   310    170      17.510    209    178     45     35     47     58
   310    180      13.530    246    173     56     50     50     61
   310    190      10.680    278    196     79     53     59     51
   310    200       8.364    295    172     61     40     45     64
   310    210       6.632    264    146     63     40     60     63
   310    220       5.240    280    126     78     41     40     51
   310    230       4.245    275    108     84     36     43     39
   310    240       3.401    264     81     95     36     53     36
   310    250       2.792    247     75     76     30     53     30
   310    260       2.292    257     65    111     27     39     27
   310    270       1.884    262     45     91     32     40     22
   310    280       1.558    241     45     89     27     25     18
   310    290       1.274    208     50     98     27     31     22
   310    300       1.059    200     42    111     19     41     14
   310    310       0.891    236     30    108     15     36     18
   310    320       0.742    220     28    119     12     27     10
   310    330       0.629    230     37    100     17     35      8
   310    340       0.534    190     34    115     17     22     12
   310    350       0.452    207     28     94     12     25     15
   310    360       0.382    161     22     86      8     25     10
   310    370       0.326    174     22     75     11     33      7
   310    380       0.283    172     15     84     10     20     11
   310    390       0.241    163     10     60      6     19      9
   310    400       0.207    161     17     85      7     25      8
   320    140      40.450    152    126     15     32     36     53
   320    150      29.710    168    135     30     26     39     23
   320    160      22.070    190    189     34     45     38     43
   320    170      16.980    244    166     44     47     51     55
   320    180      13.220    228    186     71     45     61     61
   320    190      10.220    287    171     53     59     49     60
   320    200       8.005    273    172     62     58     58     59
   320    210       6.435    296    147     84     49     42     62
   320    220       5.084    282    130     77     33     54     62
   320    230       4.096    271    104     93     20     55     47
   320    240       3.345    277     93     78     40     46     29
   320    250       2.752    267     75     86     32     54     31
   320    260       2.229    252     82     93     30     62     33
   320    270       1.844    247     78    104     31     39     26
   320    280       1.503    229     51    105     23     36     20
   320    290       1.254    241     51    108     23     38     15
   320    300       1.046    239     46    108     29     29     20
   320    310       0.883    234     36     95     20     30     12
   320    320       0.737    205     34    103     18     20      8
   320    330       0.611    196     37    105     20     37     11
   320    340       0.522    207     25    101     21     21     16
   320    350       0.441    192     25     82      9     36     11
   320    360       0.378    211     23     89     17     33      8
   320    370       0.320    194     17     86     13     29     11
   320    380       0.273    170     20     76     14     25      8
   320    390       0.238    175     23     82     11     20      7
   320    400       0.203    176     17     74      6     22      4
   330    140      38.820    138    119     23     19     28     46
   330    150      28.730    173    146     31     26     38     51
   330    160      21.450    182    172     40     42     52     53
   330    170      16.500    246    192     53     44     45     74
   330    180      12.850    270    172     63     52     64     64
   330    190       9.974    293    169     72     45     57     72
   330    200       7.820    292    158     69     51     57     61
   330    210       6.235    331    169     78     64     51     57
   330    220       4.977    325    132     93     41     57     53
   330    230       4.011    309    128     93     44     55     44
   330    240       3.287    286     99     81     40     48     42
   330    250       2.631    303     94     85     35     62     38
   330    260       2.189    247     82     84     29     61     28
   330    270       1.798    270     79     75     43     40     45
   330    280       1.495    258     65     97     24     46     31
   330    290       1.230    259     51    111     23     34     13
   330    300       1.023    250     49    110     22     40     18
   330    310       0.852    230     47    126     19     35     20
   330    320       0.714    224     39     96     16     29     13
   330    330       0.610    209     28    112     13     31     20
   330    340       0.506    193     37     89     10     37     14
   330    350       0.429    208     21    108     11     28      7
   330    360       0.370    198     28     75     15     27      8
   330    370       0.313    174     16     87     12     28      4
   330    380       0.270    203     28     94     12     24      5
   330    390       0.230    168     14     77      7     25     14
   330    400       0.198    169     17     66      6     30     10
   340    140      37.770    137    154     20     18     29     43
   340    150      27.640    163    130     25     32     28     47
   340    160      20.880    194    158     41     38     44     50
   340    170      15.970    225    171     45     50     51     56
   340    180      12.350    249    178     68     45     52     80
   340    190       9.616    319    184     69     52     55     62
   340    200       7.576    314    193     62     57     63     51
   340    210       6.037    288    177     84     49     57     50
   340    220       4.856    329    151     73     47     65     48
   340    230       3.875    317    125    103     46     70     57
   340    240       3.147    325    102     84     32     67     40
   340    250       2.598    296     96     71     29     43     42
   340    260       2.124    317     85     78     30     50     41
   340    270       1.740    296     78     66     25     53     33
   340    280       1.448    265     70     77     33     64     39
   340    290       1.199    267     66    106     22     43     28
   340    300       1.004    225     46    119     25     33     17
   340    310       0.838    205     31    114     16     29     18
   340    320       0.694    228     37    121     17     18     12
   340    330       0.589    230     37    107     20     30     17
   340    340       0.498    246     35     95     19     31     16
   340    350       0.423    220     26    118     12     27     11
   340    360       0.360    190     27    110     17     27      6
   340    370       0.304    208     26    101      7     24      7
   340    380       0.263    166     20     76      7     26     14
   340    390       0.229    176     18     71     11     29      9
   340    400       0.197    180     10     96      8     22     10
   350    140      36.410    142    104     23     20     28     46
   350    150      26.920    140    115     32     28     28     59
   350    160      20.060    166    132     38     27     35     54
   350    170      15.430    244    186     50     48     47     59
   350    180      11.950    289    162     55     58     62     55
   350    190       9.182    304    196     63     57     79     63
   350    200       7.349    263    177     76     56     73     70
   350    210       5.898    325    154     85     47     61     48
   350    220       4.684    340    152     80     57     66     62
   350    230       3.793    301    146    104     41     53     60
   350    240       3.014    332    120     93     35     56     53
   350    250       2.520    317    104    102     33     69     52
   350    260       2.050    284     96     98     32     61     40
   350    270       1.706    280     72     85     28     52     45
   350    280       1.403    266     64     81     27     72     33
   350    290       1.183    278     65     93     15     55     41
   350    300       0.987    258     58     85     19     48     27
   350    310       0.825    240     36    108     20     44     24
   350    320       0.687    230     32    110     29     34     24
   350    330       0.588    237     49    121     18     55     10
   350    340       0.489    211     23    108     20     36     10
   350    350       0.416    239     34    117     25     34     11
   350    360       0.352    199     32    104     13     44     10
   350    370       0.302    189     25    101     13     33     12
   350    380       0.259    197     26     83      7     29      6
   350    390       0.222    191     18     92     11     32      9
   350    400       0.193    179     19     83      9     20     16
   360    140      35.300    115    116     19     14     21     33
   360    150      25.800    132    126     21     19     29     48
   360    160      19.630    180    147     32     36     33     45
   360    170      14.880    222    168     45     47     53     62
   360    180      11.560    259    205     62     35     58     52
   360    190       9.005    313    179     77     47     64     68
   360    200       7.236    314    204     71     46     62     73
   360    210       5.680    347    187    100     55     90     70
   360    220       4.583    387    155     88     49     78     60
   360    230       3.684    333    134     83     53     61     49
   360    240       3.000    349    115    104     54     62     56
   360    250       2.453    299    119     90     23     75     65
   360    260       2.001    297     87     92     32     64     43
   360    270       1.669    299     91     83     25     46     37
   360    280       1.375    310     81     95     38     63     42
   360    290       1.147    301     55     67     23     55     34
   360    300       0.956    278     67     91     25     56     31
   360    310       0.805    231     50     95     20     43     19
   360    320       0.672    229     37    125     22     47     17
   360    330       0.563    251     41    132     33     42     14
   360    340       0.482    225     43    119     19     41     18
   360    350       0.408    245     19    116     14     32     14
   360    360       0.349    217     34    122     10     33     10
   360    370       0.294    197     22    108      9     34      6
   360    380       0.253    209     19    112     11     28      6
   360    390       0.219    159     22    107     14     25      8
   360    400       0.190    152     26     78     12     29      7
   370    140      33.860    116    117     27     24     22     37
   370    150      25.070    140    119     28     37     26     42
   370    160      18.780    168    145     42     33     34     50
   370    170      14.570    223    162     46     39     53     50
   370    180      11.160    261    188     63     45     50     64
   370    190       8.722    310    203     73     41     56     60
   370    200       6.954    302    194     82     65     65     80
   370    210       5.480    329    188     83     59     65     69
   370    220       4.422    345    175     82     61     80     71
   370    230       3.601    371    139     96     51     71     60
   370    240       2.908    336    143     88     50     83     54
   370    250       2.373    315    113    106     47     70     50
   370    260       1.963    341     99     98     38     72     41
   370    270       1.629    298     63    107     32     72     46
   370    280       1.331    301     60     89     31     60     50
   370    290       1.121    321     62    102     16     62     35
   370    300       0.935    237     67    107     24     61     27
   370    310       0.786    267     51     84     22     66     34
   370    320       0.657    255     36     92     20     31     21
   370    330       0.562    289     44    110     23     59     26
   370    340       0.467    257     34    106     19     55     17
   370    350       0.401    258     31    109     26     36     18
   370    360       0.342    209     18    131     20     40     12
   370    370       0.291    232     24    110      8     33      8
   370    380       0.250    205     23    100     15     33     13
   370    390       0.215    170     18     88      9     27     12
   370    400       0.185    191     15     82     11     24     11
   380    140      33.060    120    108     20     18     14     34
   380    150      24.480    130    124     32     28     30     38
   380    160      18.180    191    138     39     31     29     36
   380    170      13.850    209    131     47     34     53     61
   380    180      10.920    258    172     60     62     66     61
   380    190       8.642    286    174     72     61     63     56
   380    200       6.701    306    183     96     53     68     74
   380    210       5.411    323    193     79     48     74     64
   380    220       4.339    344    184    106     47     66     67
   380    230       3.504    346    175     83     57     76     64
   380    240       2.823    344    142     99     64     71     63
   380    250       2.318    321    114     87     53     58     56
   380    260       1.912    352    134    100     45     72     52
   380    270       1.561    328     97     97     29     68     53
   380    280       1.310    296     79     98     33     63     44
   380    290       1.088    297     59    101     23     65     42
   380    300       0.912    294     62    110     26     69     25
   380    310       0.766    293     60     78     23     56     29
   380    320       0.647    243     56    102     24     53     23
   380    330       0.546    316     52    127     22     66     42
   380    340       0.462    329     53    124     26     62     23
   380    350       0.393    268     33    124     23     54     21
   380    360       0.335    274     27    130     12     55     12
   380    370       0.286    239     27     97     13     45     16
   380    380       0.244    202     24     97     10     30      8
   380    390       0.211    203     18     97     14     31     11
   380    400       0.181    183     18    102     12     25     11
   390    140      32.590     75     99      6     15     27     50
   390    150      23.360    135    124     28     27     23     50
   390    160      17.790    172    153     37     35     29     52
   390    170      13.620    195    142     46     43     42     48
   390    180      10.550    250    154     62     38     51     48
   390    190       8.207    283    159     80     49     66     70
   390    200       6.515    320    211     70     52     62     63
   390    210       5.227    376    171     78     62     72     52
   390    220       4.208    381    169    101     58     81     56
   390    230       3.390    372    165    116     61     73     79
   390    240       2.740    327    136    105     49     81     72
   390    250       2.265    344    134    108     55     68     56
   390    260       1.850    328    120    107     44     95     71
   390    270       1.529    304    109    100     32     73     51
   390    280       1.287    325     83     89     34     67     47
   390    290       1.068    344     93     95     34     71     47
   390    300       0.895    293     65     88     25     72     39
   390    310       0.745    238     72     77     29     60     36
   390    320       0.627    290     59     84     13     76     36
   390    330       0.535    357     55    101     18     95     46
   390    340       0.453    328     72    125     27     76     46
   390    350       0.386    295     43    117     27     47     20
   390    360       0.333    239     33    110     26     54     23
   390    370       0.281    241     39    102     15     35     11
   390    380       0.241    209     22    114     21     42     15
   390    390       0.207    233     27     91     19     32      8
   390    400       0.179    208     22     96     16     25     11
   400    140      31.200     92    105     23     19     20     47
   400    150      23.090    139    108     25     35     26     29
   400    160      17.190    158    140     30     31     40     46
   400    170      13.090    191    134     43     35     38     41
   400    180      10.270    251    144     57     38     43     52
   400    190       7.999    251    186     73     43     59     63
   400    200       6.345    329    167     70     58     64     75
   400    210       5.014    339    195     92     62     65     77
   400    220       4.026    347    140    102     56     83     76
   400    230       3.292    352    187    114     54     76     76
   400    240       2.671    321    153    105     60     85     88
   400    250       2.210    340    126    103     47     99     72
   400    260       1.800    357    141    119     37     80     62
   400    270       1.501    314    122    105     46     93     53
   400    280       1.235    327     95    111     35     90     43
   400    290       1.033    333     73     95     38     95     38
   400    300       0.876    304     69    100     22     58     49
   400    310       0.738    274     72     97     19     63     36
   400    320       0.622    315     64    107     27     68     40
   400    330       0.526    362     70    111     20    100     47
   400    340       0.441    338     59    131     28    109     35
   400    350       0.378    363     46    118     19     84     36
   400    360       0.320    289     36    105     12     73     24
   400    370       0.274    263     35    117     14     39     21
   400    380       0.237    237     30    107     16     41     19
   400    390       0.204    201     19    105     10     39     16
   400    400       0.176    232     27     83     11     23     10
   410    140      30.540     78    121      9     18     26     39
   410    150      22.190    167    115     29     25     29     43
   410    160      16.570    176    137     39     38     37     47
   410    170      12.750    180    123     41     33     39     41
   410    180       9.895    239    164     46     41     46     49
   410    190       7.747    268    156     59     36     61     73
   410    200       6.164    318    190     73     46     66     64
   410    210       4.918    302    173     98     52     79     67
   410    220       3.933    345    168    100     60     81     67
   410    230       3.253    365    169     90     64     93     58
   410    240       2.615    382    121     97     58     74     74
   410    250       2.143    332    158    131     56     85     74
   410    260       1.772    349    112    129     45     84     65
   410    270       1.458    348    135    104     35     96     55
   410    280       1.217    354     89     98     31     69     42
   410    290       1.024    336     87    113     36     78     43
   410    300       0.851    306     69     99     28     70     30
   410    310       0.715    299     63    106     26     59     35
   410    320       0.600    316     49     98     26     67     29
   410    330       0.514    349     63    107     20     98     38
   410    340       0.433    389     57    127     19     93     39
   410    350       0.369    316     54    109     22     88     41
   410    360       0.316    324     56    112     16     67     29
   410    370       0.270    266     43     94     18     60     22
   410    380       0.231    244     37    114     25     46     21
   410    390       0.201    239     21    100     21     44     13
   410    400       0.172    195     29     89     16     33     19
   420    140      29.780     89    108     11     14     18     36
   420    150      21.760    115    112     12     17     23     47
   420    160      16.130    161    117     30     35     29     44
   420    170      12.490    169    109     49     46     39     48
   420    180       9.634    234    160     45     38     45     44
   420    190       7.589    254    145     57     40     52     71
   420    200       5.990    318    188     76     56     68     55
   420    210       4.782    331    164     86     70     65     64
   420    220       3.863    357    167    109     55     71     69
   420    230       3.151    357    173    113     63     76     78
   420    240       2.549    307    152    106     63     80     80
   420    250       2.079    375    149    113     49     87     65
   420    260       1.729    363    136    113     52     73     70
   420    270       1.424    359    109    113     51     70     74
   420    280       1.184    329     87    103     41     70     45
   420    290       1.000    354     82    118     50     66     35
   420    300       0.837    345     74    135     37     62     41
   420    310       0.709    312     68    101     26     68     38
   420    320       0.593    320     54     81     27     66     34
   420    330       0.507    405     69    101     16     93     37
   420    340       0.423    323     65    114     21    103     43
   420    350       0.363    369     70    126     23     79     34
   420    360       0.310    365     55    120     23     93     35
   420    370       0.264    316     47    114      5     68     23
   420    380       0.226    269     36    109     17     54     19
   420    390       0.194    254     32    109      7     47     15
   420    400       0.170    188     20    101     13     41     20
   430    140      28.830     77    104     13     16     26     34
   430    150      21.220    104    125     13     27     27     44
   430    160      15.720    155    129     47     37     28     47
   430    170      12.100    191    125     45     30     37     43
   430    180       9.309    217    137     47     35     39     42
   430    190       7.386    214    144     67     56     49     73
   430    200       5.794    270    156     76     49     59     73
   430    210       4.637    311    173     86     51     67     64
   430    220       3.763    307    169     91     73     74     71
   430    230       3.047    345    162    123     47     78     73
   430    240       2.451    348    160     99     53     84     76
   430    250       2.049    328    151    118     54    106     63
   430    260       1.688    357    127    128     58     70     77
   430    270       1.387    362    114    126     42     88     64
   430    280       1.165    330    111    119     50     91     63
   430    290       0.965    365     98    111     37     70     45
   430    300       0.813    333     94    107     28     78     38
   430    310       0.684    314     79    109     34     67     46
   430    320       0.581    344     46    116     28     78     34
   430    330       0.494    367     60    114     21    103     42
   430    340       0.419    371     67    103     27     97     30
   430    350       0.355    342     55    108     19     77     35
   430    360       0.305    358     60    118     20     99     39
   430    370       0.261    335     60    113     19     93     40
   430    380       0.223    305     44    119     22     69     25
   430    390       0.193    267     41     97     18     60     32
   430    400       0.166    254     33    111     14     46     20
   440    140      28.320     88    103     14     19     20     28
   440    150      20.630    134    101     14     23     41     39
   440    160      15.520    124    142     24     27     28     50
   440    170      11.640    160    119     43     30     27     39
   440    180       9.051    206    133     55     41     36     37
   440    190       7.144    226    139     58     42     50     49
   440    200       5.613    263    140     68     56     61     56
   440    210       4.517    297    161     84     54     75     69
   440    220       3.652    322    181    113     61     71     67
   440    230       2.996    315    159    126     53     87     75
   440    240       2.435    342    155    123     60     79     67
   440    250       1.991    358    150    120     53     84     65
   440    260       1.639    352    128    119     56    101     83
   440    270       1.361    392    140    133     54     76     80
   440    280       1.135    361     91    120     44     92     58
   440    290       0.941    342    103    137     33     92     53
   440    300       0.799    328     79    128     41     65     39
   440    310       0.671    340     66    119     35     76     40
   440    320       0.570    379     63    111     25     80     25
   440    330       0.488    370     68    113     24     84     36
   440    340       0.409    371     77    119     32     92     46
   440    350       0.347    362     58    103     20    110     49
   440    360       0.296    387     67    114     26     81     38
   440    370       0.255    332     55    111     18     91     35
   440    380       0.220    332     53    115     16     75     29
   440    390       0.190    308     51    116      5     78     28
   440    400       0.162    271     27    119     13     55     18
   450    140      27.430     82    117     13     17     15     37
   450    150      20.260    107    131     15     22     30     50
   450    160      15.230    132    130     19     23     24     40
   450    170      11.270    175    121     32     39     33     50
   450    180       8.816    163    108     46     37     33     43
   450    190       6.992    217    142     51     48     37     47
   450    200       5.539    239    129     75     43     45     54
   450    210       4.380    245    124     82     62     72     66
   450    220       3.538    350    148     98     55     79     65
   450    230       2.905    337    163    113     46     79     64
   450    240       2.386    345    178    111     61    106     78
   450    250       1.938    310    147    127     49     90     69
   450    260       1.595    361    124    129     62     92     77
   450    270       1.322    329    112    144     52     84     61
   450    280       1.112    337    122    110     50     84     55
   450    290       0.918    363    104    138     44     91     49
   450    300       0.776    377     95    119     34     67     50
   450    310       0.657    352     81    133     28     80     40
   450    320       0.553    357     76    105     14     94     45
   450    330       0.475    399     67    139     24     94     51
   450    340       0.397    371     71    122     32    102     61
   450    350       0.342    371     59     99     23     94     33
   450    360       0.294    380     65     99     17     92     29
   450    370       0.252    362     53    115     18     96     35
   450    380       0.215    377     54    128     19     94     37
   450    390       0.185    331     43    111     22     72     28
   450    400       0.160    299     36    123     12     68     23
   460    140      26.630     79    105     17     15     19     35
   460    150      19.550    112    125     18     23     24     54
   460    160      14.830    111    139     17     21     34     42
   460    170      11.200    165    129     34     36     34     36
   460    180       8.604    189    134     68     42     30     45
   460    190       6.739    199    130     63     40     46     41
   460    200       5.375    235    146     71     44     59     54
   460    210       4.257    262    159     73     49     56     56
   460    220       3.474    282    173     93     72     72     76
   460    230       2.814    301    161    119     58     74     74
   460    240       2.293    317    138    123     54     72     78
   460    250       1.896    360    154    101     49     99     79
   460    260       1.560    360    141    131     66     81     81
   460    270       1.298    350    136    129     44     70     82
   460    280       1.080    384    131    140     47    118     61
   460    290       0.904    373    111    126     51     92     63
   460    300       0.764    392    101    140     43     80     46
   460    310       0.638    356     98    120     37     70     58
   460    320       0.542    395    102    146     17     85     43
   460    330       0.458    398     91    119     27     94     49
   460    340       0.392    410     72    108     31    101     59
   460    350       0.336    370     62    129     27    104     28
   460    360       0.286    366     47    111     17     93     35
   460    370       0.248    376     57    103     21     98     29
   460    380       0.212    363     53    110     26     80     34
   460    390       0.181    360     44     92     19     77     36
   460    400       0.159    325     42    103      9     94     25
   470    140      26.310     78     99     16     15     25     31
   470    150      19.100     84    106     13     18     22     37
   470    160      14.430    106    101     31     16     35     34
   470    170      10.850    143    135     22     26     25     48
   470    180       8.249    180    132     47     37     50     47
   470    190       6.619    196    126     64     42     50     55
   470    200       5.230    205    122     63     60     44     50
   470    210       4.164    251    138     92     39     54     69
   470    220       3.381    291    139    107     43     66     70
   470    230       2.751    326    140    113     40     90     84
   470    240       2.250    307    153    121     60     85     81
   470    250       1.841    308    135    114     70     84     66
   470    260       1.526    394    132    131     64     86     80
   470    270       1.267    354    141    135     51     95     57
   470    280       1.059    381    108    138     44     99     70
   470    290       0.881    403    109    131     58     86     67
   470    300       0.747    376    100    143     44     88     56
   470    310       0.627    338     88    139     45     98     42
   470    320       0.534    398     73    147     37     93     54
   470    330       0.454    409     83    125     41     98     58
   470    340       0.385    432     84    140     32    109     51
   470    350       0.331    379     70    139     20    100     46
   470    360       0.281    404     58    120     27     96     34
   470    370       0.244    345     66    125     12     89     36
   470    380       0.207    356     49    106     11    101     38
   470    390       0.179    357     47    111      9     85     29
   470    400       0.154    334     40    126     18    102     35
   480    140      25.550     76    112     12     10     23     24
   480    150      18.830    114    125     19     16     35     34
   480    160      14.090    132    115     19     21     35     50
   480    170      10.630    153    126     30     25     34     55
   480    180       8.258    165    146     42     27     34     45
   480    190       6.405    208    144     61     38     43     55
   480    200       5.124    215    115     92     46     54     39
   480    210       4.061    266    128     63     55     58     47
   480    220       3.285    283    138    103     44     50     44
   480    230       2.662    316    132    100     66     68     65
   480    240       2.190    323    149     98     66     70     61
   480    250       1.790    333    136     99     65     96     62
   480    260       1.490    331    138    136     56    111     70
   480    270       1.221    343    117    159     59     89     68
   480    280       1.026    345    119    138     55     84     55
   480    290       0.857    375    117    129     61     93     42
   480    300       0.728    431     97    146     43     87     54
   480    310       0.614    362    102    147     40     76     43
   480    320       0.518    381     89    143     39     97     58
   480    330       0.443    437    104    151     39    120     46
   480    340       0.376    423     85    138     26    118     45
   480    350       0.321    407     76    135     19    106     52
   480    360       0.277    375     48    130     26     87     44
   480    370       0.239    357     52    114     17    107     41
   480    380       0.206    341     52    105     14     94     31
   480    390       0.177    359     45     91     16     83     22
   480    400       0.152    312     58     96     14    103     30
   490    140      25.130     88    103     13     11     25     27
   490    150      18.240     93    102     17     17     23     33
   490    160      13.740    120    111     24     22     23     41
   490    170      10.310    119    123     37     34     28     50
   490    180       8.119    138    158     29     31     43     44
   490    190       6.265    192    106     63     42     27     52
   490    200       4.949    195    124     58     38     58     47
   490    210       3.989    224    106     76     40     50     51
   490    220       3.223    257    104     89     44     55     65
   490    230       2.608    272    144     99     51     85     53
   490    240       2.112    334    132    109     62     86     81
   490    250       1.753    334    132    106     56     91     62
   490    260       1.446    352    150    132     63     86     63
   490    270       1.202    348    130    133     64    118     66
   490    280       1.016    371    120    137     71     93     62
   490    290       0.841    367    116    140     52     85     65
   490    300       0.712    379     84    143     54     94     58
   490    310       0.601    371     99    143     42     85     48
   490    320       0.510    387     87    143     49     97     51
   490    330       0.439    460     99    177     36    114     60
   490    340       0.372    423     67    147     35    125     52
   490    350       0.317    414     81    154     33    110     51
   490    360       0.271    407     62    156     34    116     40
   490    370       0.236    399     42    138     18     73     54
   490    380       0.200    343     57    132     19     97     31
   490    390       0.173    321     56    129      9     94     29
   490    400       0.151    343     46    109     15     79     33
   500    140      24.520     86     94      9     15     14     29
   500    150      17.780    103    110     22     12     26     31
   500    160      13.290    131    127     23     25     23     30
   500    170      10.260    139    118     29     29     20     44
   500    180       7.906    138    117     37     29     35     61
   500    190       6.218    163    127     38     40     54     55
   500    200       4.859    206    118     66     43     31     40
   500    210       3.815    223    109     76     32     56     60
   500    220       3.141    275    124     88     51     54     45
   500    230       2.550    278    135    121     51     63     58
   500    240       2.072    307     94    104     60     69     62
   500    250       1.719    316    129    101     70     75     68
   500    260       1.411    315    121    142     71     86     80
   500    270       1.184    373    133    159     55     85     71
   500    280       0.984    355    123    133     45     96     61
   500    290       0.826    373    115    137     49     88     59
   500    300       0.695    402    115    148     37    107     58
   500    310       0.586    357     91    135     37     94     53
   500    320       0.496    412     85    123     47     92     58
   500    330       0.426    414    118    156     32    137     81
   500    340       0.362    431     87    165     38    127     54
   500    350       0.312    436     72    159     36    107     58
   500    360       0.268    438     75    138     24    120     44
   500    370       0.227    383     58    120     20     97     35
   500    380       0.196    384     59    110     18     99     33
   500    390       0.171    370     51     85     15     92     37
   500    400       0.147    343     49    111     11     77     25
   510    140      24.070     73     89     11     11     14     43
   510    150      17.620     98    121     19     12     24     29
   510    160      13.110    121    125     25     16     23     34
   510    170       9.951    124    134     21     22     33     41
   510    180       7.677    179    115     32     34     35     48
   510    190       5.984    174    116     49     34     61     57
   510    200       4.700    214    115     72     42     46     46
   510    210       3.750    190    114     54     44     44     64
   510    220       3.046    222    116     83     40     59     52
   510    230       2.463    262    122     95     43     67     64
   510    240       2.030    293    119    129     51     59     64
   510    250       1.663    286    119    105     51    101     67
   510    260       1.381    336    152    103     46     72     75
   510    270       1.147    342    136    131     64     88     80
   510    280       0.965    361    124    147     65     93     64
   510    290       0.812    352    101    135     55    102     70
   510    300       0.682    420    114    151     63     72     51
   510    310       0.574    365    102    136     37     94     54
   510    320       0.493    364    106    125     46    115     56
   510    330       0.422    437    102    177     31    149     66
   510    340       0.356    439     96    147     34    118     48
   510    350       0.307    411     76    169     39    118     50
   510    360       0.265    445     64    180     30    109     46
   510    370       0.224    415     54    140     25     99     52
   510    380       0.193    415     58    131     22     85     40
   510    390       0.167    402     52    133     16     93     39
   510    400       0.144    340     52    109     23     91     23
   520    140      23.810     95     89     11     11     12     35
   520    150      17.250     83     95     12     15     15     34
   520    160      12.790    120    100     16     21     28     52
   520    170       9.679    121    106     29     25     32     51
   520    180       7.500    165    124     32     32     46     41
   520    190       5.863    186    112     42     22     41     64
   520    200       4.689    200    124     35     39     52     59
   520    210       3.678    209    105     77     53     55     42
   520    220       3.000    235    100     88     54     58     43
   520    230       2.414    278    130     87     43     52     53
   520    240       1.992    258    113     82     46     77     87
   520    250       1.639    288    120    117     44     85     59
   520    260       1.357    329    119    130     58     80     69
   520    270       1.130    350    130    142     47     91     75
   520    280       0.944    343    117    149     62    103     69
   520    290       0.796    381    122    140     56    102     60
   520    300       0.669    384    106    163     48     94     70
   520    310       0.565    376    110    155     35     97     60
   520    320       0.481    408    106    169     37     99     55
   520    330       0.409    463    107    168     36    124     60
   520    340       0.350    468     99    156     42    130     59
   520    350       0.303    482     90    170     44    125     52
   520    360       0.259    388     74    146     29     94     52
   520    370       0.220    439     77    141     31    116     44
   520    380       0.192    413     68    126     20    103     40
   520    390       0.166    389     49    134     19     91     31
   520    400       0.143    351     51    102     20     92     28
   530    140      23.270     85     81     14     13      9     37
   530    150      16.700     79    100     14     22     20     40
   530    160      12.560    115    111     18     23     25     29
   530    170       9.525    134    128     28     25     30     50
   530    180       7.318    154    119     26     24     45     41
   530    190       5.763    174    125     34     40     49     44
   530    200       4.534    173    137     47     40     48     53
   530    210       3.578    234    109     76     41     50     55
   530    220       2.907    202    108     81     38     35     45
   530    230       2.356    230    117     68     38     67     55
   530    240       1.924    241    127     98     42     62     57
   530    250       1.597    236    111    105     60     60     62
   530    260       1.334    314    133    106     53     91     59
   530    270       1.106    318    116    138     56     98     77
   530    280       0.930    346    118    122     53    100     77
   530    290       0.773    360    110    152     45     95     59
   530    300       0.657    380    107    158     39     94     70
   530    310       0.553    374    117    164     43    113     53
   530    320       0.474    389     99    158     39    119     61
   530    330       0.398    464    102    169     44    129     75
   530    340       0.346    473    102    184     34    133     59
   530    350       0.295    473     92    153     49    122     57
   530    360       0.253    454     89    169     33     90     64
   530    370       0.218    416     59    139     24    127     39
   530    380       0.188    411     49    160     28     84     44
   530    390       0.161    363     59    143     26     81     48
   530    400       0.139    372     44    123     14     82     26
   540    140      22.610     82     98      9     12     17     34
   540    150      16.530     89     90     12     21     18     44
   540    160      12.190    107    113     17     17     20     50
   540    170       9.334    132    103     23     32     27     42
   540    180       7.143    154    112     36     31     36     45
   540    190       5.665    181    115     49     30     32     43
   540    200       4.479    179    123     54     34     39     51
   540    210       3.494    219    122     72     52     50     43
   540    220       2.843    230     97     58     38     67     43
   540    230       2.287    226    101     81     36     54     50
   540    240       1.890    255    102     85     39     67     81
   540    250       1.570    246    129     92     55     85     79
   540    260       1.285    310    100    106     44     84     63
   540    270       1.084    270    117    104     43     99     80
   540    280       0.897    357    129    125     46    111     51
   540    290       0.762    378    115    147     57    100     42
   540    300       0.648    363    110    134     47    102     55
   540    310       0.541    386     84    149     39    107     68
   540    320       0.460    382     93    189     36     97     62
   540    330       0.394    441    121    163     63    120     71
   540    340       0.338    446     92    162     47    120     61
   540    350       0.287    454     92    173     32    137     56
   540    360       0.247    438     98    165     20    126     60
   540    370       0.214    438     82    145     27    104     44
   540    380       0.185    404     57    145     31    110     39
   540    390       0.159    421     64    133     22    105     35
   540    400       0.140    390     47    126     14     95     40
   550    140      22.410     73     80     12      7     19     25
   550    150      16.080    105     84     14     21     27     34
   550    160      12.140    117    105     32     15     26     37
   550    170       9.055    137    108     25     28     34     43
   550    180       7.040    137    146     25     22     33     39
   550    190       5.536    174    103     43     35     51     30
   550    200       4.317    161    120     69     29     38     60
   550    210       3.513    201    120     51     38     58     60
   550    220       2.787    224    109     72     53     56     53
   550    230       2.268    252     99     77     38     50     48
   550    240       1.862    206    108     96     47     65     49
   550    250       1.515    236     97     91     52     64     54
   550    260       1.257    265    119    124     57     94     52
   550    270       1.064    287    123    117     64     70     65
   550    280       0.887    333    129    111     59     85     78
   550    290       0.738    336    112    138     54     83     73
   550    300       0.634    374    103    180     42     90     51
   550    310       0.528    387     93    156     44     93     55
   550    320       0.451    402     87    167     50     94     52
   550    330       0.384    473    125    154     48    126     68
   550    340       0.335    463     95    175     47    141     51
   550    350       0.284    456     88    175     41    131     68
   550    360       0.244    445     92    172     39    116     63
   550    370       0.210    464     86    184     33    111     52
   550    380       0.182    413     69    165     29     86     43
   550    390       0.157    419     68    137     24    108     44
   550    400       0.136    385     61    111     24    100     33
   560    140      21.870     68     85     11     17     16     36
   560    150      15.930    104    126     12     14     15     34
   560    160      11.790    129     96     19     20     29     41
   560    170       8.974    130    112     21     23     33     37
   560    180       6.912    140    124     36     19     25     51
   560    190       5.405    152    104     30     27     35     44
   560    200       4.263    183    119     43     43     40     45
   560    210       3.379    184    129     50     36     46     49
   560    220       2.716    249    125     77     46     51     45
   560    230       2.211    245     99     94     43     54     41
   560    240       1.825    235     98    101     49     58     56
   560    250       1.481    222    106     94     50     63     65
   560    260       1.251    283     99    109     50     71     54
   560    270       1.032    251    126    129     60     84     57
   560    280       0.869    311    110    140     49     79     66
   560    290       0.731    317    104    145     50    104     60
   560    300       0.622    378     99    137     55     87     42
   560    310       0.523    388     88    162     38     95     54
   560    320       0.442    390     99    137     56    102     56
   560    330       0.383    420    106    166     32    118     76
   560    340       0.323    465    101    160     40    144     72
   560    350       0.278    454     92    170     36    117     66
   560    360       0.238    457     92    163     32    119     50
   560    370       0.205    424     82    134     33    107     54
   560    380       0.176    430     57    141     27    124     47
   560    390       0.154    409     56    146     39    118     32
   560    400       0.134    385     58    171     23     96     44
   570    140      21.740     92     89     13     13     22     25
   570    150      15.680     83     99     17     12     23     27
   570    160      11.630    121     95     20     15     26     30
   570    170       8.830    122    114     31     24     28     40
   570    180       6.762    155    118     35     26     28     42
   570    190       5.266    147    123     35     30     42     44
   570    200       4.139    163    128     31     36     37     47
   570    210       3.350    199    107     41     42     41     52
   570    220       2.699    184    112     59     50     50     55
   570    230       2.160    226    106     83     51     63     52
   570    240       1.778    252     91     86     35     60     53
   570    250       1.472    247     95     82     49     61     45
   570    260       1.219    265    114    101     47     77     38
   570    270       1.007    286    101    116     47     92     60
   570    280       0.852    287    103    141     56     89     59
   570    290       0.719    290    121    130     42     96     56
   570    300       0.607    359    105    137     46    103     63
   570    310       0.512    402     82    183     57    100     52
   570    320       0.438    379     81    179     43     89     57
   570    330       0.374    430    130    180     40    139     62
   570    340       0.316    459    101    139     38    140     84
   570    350       0.277    463    116    190     33    133     76
   570    360       0.237    452     83    202     47    129     65
   570    370       0.204    449    106    175     35     99     54
   570    380       0.175    421     71    157     46    105     35
   570    390       0.151    434     66    163     28    112     41
   570    400       0.132    374     57    136     26     96     39
   580    140      21.200     77     70     14     15     27     28
   580    150      15.260     90     99     13     14     28     41
   580    160      11.450    109     92     13     16     28     35
   580    170       8.642    115     98     23     26     38     47
   580    180       6.588    131    108     31     23     36     49
   580    190       5.171    144    113     36     25     35     48
   580    200       4.080    168    107     37     31     35     35
   580    210       3.279    176    115     54     35     42     51
   580    220       2.626    237    132     61     45     59     52
   580    230       2.112    218    113     83     51     58     41
   580    240       1.739    204     94     80     37     44     58
   580    250       1.414    239    102     90     38     70     60
   580    260       1.198    248    100     91     39     72     62
   580    270       0.989    279     98    107     56     68     51
   580    280       0.827    297    117    131     46     89     54
   580    290       0.705    311    123    134     49     87     46
   580    300       0.593    365    105    147     50     96     56
   580    310       0.500    381    104    141     43    107     59
   580    320       0.431    409    104    162     49     91     58
   580    330       0.365    506    139    199     41    140     62
   580    340       0.312    455    112    181     41    141     71
   580    350       0.267    438     99    202     49    131     77
   580    360       0.230    426     95    172     37    135     56
   580    370       0.200    441     86    165     37    126     63
   580    380       0.171    460     72    167     28    107     58
   580    390       0.148    415     59    152     29    122     43
   580    400       0.130    402     58    165     20    113     31
   590    140      20.940     84     85     10     20     24     32
   590    150      15.270    109     82     19     12     23     40
   590    160      11.200    104     97     22     21     17     31
   590    170       8.494    137    106     29     38     32     38
   590    180       6.541    139     90     26     32     41     43
   590    190       5.141    148    108     44     39     37     51
   590    200       4.000    166    129     40     39     45     45
   590    210       3.206    168    107     39     41     49     43
   590    220       2.579    175    116     77     38     47     46
   590    230       2.097    219    110     71     45     42     49
   590    240       1.719    179    103     73     29     59     40
   590    250       1.404    186    103     88     35     71     62
   590    260       1.172    225     96     90     44     60     56
   590    270       0.976    211     74    121     34     80     54
   590    280       0.821    255    105    127     55     74     57
   590    290       0.695    288    102    128     57     87     48
   590    300       0.579    388    102    154     46     91     50
   590    310       0.491    348    105    144     50     99     54
   590    320       0.421    406     90    181     40    101     45
   590    330       0.360    449    119    167     47    150     78
   590    340       0.306    481    105    196     41    129     71
   590    350       0.266    458     96    186     39    123     62
   590    360       0.228    462     96    213     43    116     39
   590    370       0.195    454     83    177     37    137     65
   590    380       0.169    424     76    170     45    117     46
   590    390       0.148    408     64    176     26    117     39
   590    400       0.127    436     73    152     37    100     42
   600    140      20.550     80     90     11     11     20     28
   600    150      14.980     82     98     19     12     22     28
   600    160      11.110    110    105     14     17     30     37
   600    170       8.379    111    114     28     18     29     28
   600    180       6.402    125     98     33     29     36     41
   600    190       5.039    137    115     29     22     32     55
   600    200       4.005    165    107     45     32     46     45
   600    210       3.172    161    131     55     28     46     48
   600    220       2.545    211    104     58     41     65     53
   600    230       2.066    204    124     68     48     57     61
   600    240       1.680    190    109     81     43     69     58
   600    250       1.372    184     75     83     37     58     43
   600    260       1.140    224     85     93     42     68     45
   600    270       0.960    218     84    100     41     84     56
   600    280       0.809    259    106    104     36     83     65
   600    290       0.668    318     96    127     58     88     55
   600    300       0.572    312     94    152     40     86     53
   600    310       0.487    349    102    142     61     99     50
   600    320       0.409    381     82    136     40     91     49
   600    330       0.357    405     88    160     51    130     66
   600    340       0.302    442     98    177     50    149     70
   600    350       0.262    422     82    165     40    148     64
   600    360       0.225    461     92    179     59    115     73
   600    370       0.191    433     78    183     30    143     51
   600    380       0.167    434     83    176     36    127     64
   600    390       0.145    426     67    159     39    119     50
   600    400       0.125    423     55    156     35    105     40
