125 75 10000 15 17 0 0 4 3 0.942546 0.812951 0 0 1.15887 0.827171 28.1288 31.429 0 0 47.7422 39.904
150 50 10000 23 21 0 0 12 9 0.840046 0.968382 0 0 0.786109 1.2128 24.0846 30.8736 0 0 31.8169 18.9379
150 75 10000 23 15 0 0 18 10 0.855764 1.07327 0 0 0.753805 0.96262 24.9701 19.8028 0 0 22.9524 23.707
150 100 10000 23 6 0 0 8 13 0.963426 1.06683 0 0 1.10361 0.680352 19.0325 45.8002 0 0 26.2897 31.3113
175 50 10000 31 30 0 0 13 20 0.973011 0.922194 0 0 0.947862 1.10072 19.3047 29.5866 0 0 20.4313 27.3709
175 75 10000 43 31 0 0 13 12 0.748384 0.994309 0 0 0.811177 0.785712 21.1058 26.9356 0 0 27.3215 26.2444
175 100 10000 39 26 0 0 18 11 0.914834 0.811888 0 0 0.938493 0.938897 20.7437 26.9699 0 0 17.8775 30.6652
175 125 10000 34 15 0 1 5 6 0.81884 0.744418 0 0.326131 1.36476 0.724529 21.581 23.826 0 101.485 26.7005 41.4764
200 75 10000 52 44 0 0 21 12 0.900545 0.895478 0 0 0.984057 1.05928 22.8697 17.2385 0 0 21.8611 49.055
200 100 10000 42 52 0 0 17 20 1.01905 0.855783 0 0 0.897945 0.862091 24.6362 22.5529 0 0 19.3902 27.4922
200 125 10000 48 24 1 0 15 7 0.885405 0.73838 0.679555 0 0.837369 1.16394 22.0962 36.0119 16.1124 0 24.3906 36.5688
200 150 10000 37 9 0 0 8 1 0.881079 0.955242 0 0 1.00585 1.99093 19.7193 33.5201 0 0 47.5233 60.8184
225 75 10000 85 98 1 0 21 36 0.925565 0.862723 0.690132 0 1.05149 0.879836 20.182 18.3924 16.0916 0 23.7599 23.335
225 100 10000 84 69 0 0 20 26 0.869612 0.923118 0 0 0.944519 0.767072 18.8814 25.0581 0 0 26.4543 17.2201
225 150 10000 64 27 1 0 15 11 0.812719 0.709427 0.684881 0 0.883439 0.623314 17.5158 33.5072 16.0753 0 20.4764 25.6811
225 175 10000 45 12 0 0 17 7 1.01105 0.980433 0 0 0.749744 0.672017 21.7046 18.8203 0 0 31.7711 17.094
250 50 10000 115 182 0 0 25 47 0.896124 0.89336 0 0 0.947625 0.903836 21.4273 18.044 0 0 20.6154 21.6619
250 75 10000 99 124 0 0 38 43 0.918013 0.939584 0 0 0.890305 0.90861 23.9686 21.9126 0 0 22.895 18.3623
250 100 10000 111 81 0 0 23 30 0.869929 1.06499 0 0 0.95537 0.96693 20.8482 19.854 0 0 24.3515 19.3545
250 125 10000 97 72 1 0 27 28 0.917026 0.82912 0.679875 0 0.942339 0.914479 22.2036 29.7599 16.5962 0 21.7042 17.174
250 150 10000 85 61 0 1 22 15 0.89644 0.935032 0 0.730048 0.818688 0.97979 18.7567 19.235 0 15.9619 20.6196 26.0875
250 175 10000 71 32 0 0 13 4 0.833704 0.833466 0 0 0.940788 1.44883 18.0458 24.4687 0 0 34.9555 43.742
250 200 10000 47 12 0 0 5 3 0.797501 1.25782 0 0 0.955274 0.849205 19.1144 23.6285 0 0 38.0096 17.4449
275 50 10000 189 229 1 1 28 65 0.93503 0.923457 1.30336 0.726909 0.866782 0.896581 20.2379 23.8582 72.8715 108.436 28.7623 20.7788
275 75 10000 173 219 0 2 32 46 0.928704 0.90741 0 0.425957 0.920223 0.942017 21.0703 21.0822 0 128.528 25.1859 23.4022
275 100 10000 170 159 0 1 37 43 0.889702 0.892587 0 0.471971 0.888273 0.851026 19.6958 20.0746 0 101.511 20.0849 23.7056
275 125 10000 153 136 1 1 31 26 0.888636 0.896544 0.833569 0.686275 0.990327 0.910846 20.874 20.7301 15.2333 108.417 17.8433 36.1337
275 150 10000 128 97 1 2 27 34 0.947934 0.804481 0.80163 1.03072 0.950979 0.794417 18.3645 18.0811 52.0501 44.7327 20.9541 17.1177
275 175 10000 104 62 1 0 23 24 0.860905 0.906415 0.680348 0 0.946615 1.03413 23.7554 19.25 16.0998 0 26.0697 21.1161
275 225 10000 58 8 0 0 11 3 0.79561 0.853838 0 0 0.603316 0.932852 20.0313 35.0787 0 0 43.1857 42.2157
300 50 10000 303 378 0 0 33 81 0.929352 0.940504 0 0 0.956497 0.816862 22.4209 18.759 0 0 22.9609 27.5297
300 75 10000 271 311 0 0 41 64 0.886477 0.908494 0 0 0.927557 0.91885 20.019 19.2478 0 0 22.0424 19.8947
300 100 10000 234 267 3 0 28 43 0.900736 0.886792 0.842083 0 0.949689 0.957633 19.1342 20.2306 15.1294 0 24.0588 24.2163
300 125 10000 185 165 0 1 44 48 0.89973 0.897692 0 0.677462 0.806667 0.961076 19.2391 22.3471 0 140.804 22.5504 20.353
300 150 10000 183 124 0 0 43 48 0.94773 0.903497 0 0 0.851728 0.784236 19.0532 21.71 0 0 22.0538 18.5205
300 175 10000 133 110 0 0 34 28 0.858838 0.854092 0 0 0.946688 0.986541 22.2882 18.822 0 0 21.5763 19.1672
300 200 10000 112 72 1 0 20 13 0.891179 0.918726 0.746735 0 1.02934 1.24471 19.6657 18.6731 15.6447 0 24.1181 37.79
300 225 10000 96 33 0 1 12 6 0.932912 0.921383 0 0.677005 1.0019 1.20294 20.9594 18.6101 0 101.29 34.421 21.2641
300 250 10000 48 13 0 0 11 7 0.968586 0.849287 0 0 0.739169 0.736572 20.329 21.9851 0 0 20.0736 25.8215
325 50 10000 464 509 0 0 67 111 0.918219 0.905323 0 0 0.932122 0.908083 21.1695 17.8002 0 0 23.1405 22.2656
325 75 10000 392 458 0 2 66 83 0.915729 0.921711 0 1.13201 0.811732 0.983283 21.8626 18.2311 0 16.3661 23.4389 18.4405
325 100 10000 359 387 2 0 62 71 0.920592 0.903319 1.1881 0 0.904153 0.935827 19.7953 18.3743 16.1895 0 17.8016 22.5163
325 125 10000 290 296 1 1 45 54 0.887046 0.887335 0.82581 0.731093 0.915251 0.903488 19.0536 18.2101 15.301 15.9552 20.2544 21.488
325 150 10000 217 215 2 0 46 55 0.887303 0.943535 0.554953 0 0.945099 0.799887 20.7383 18.0609 19.1226 0 19.7687 27.6381
325 175 10000 174 135 1 0 31 28 0.900296 0.910437 1.43405 0 0.96277 1.09762 17.5162 21.4309 16.0017 0 18.0876 28.8057
325 200 10000 172 116 2 2 35 25 0.894995 0.871196 0.825463 0.566893 0.862737 0.994756 18.7744 20.4653 45.0574 63.8658 20.4783 28.0696
325 225 10000 132 71 0 1 28 23 0.897985 0.93391 0 0.659228 0.909903 0.895219 19.5485 27.244 0 16.2302 22.7428 28.382
325 250 10000 104 46 1 0 17 11 0.930194 0.841205 0.760621 0 0.861835 0.619432 18.3156 20.4482 101.216 0 31.7158 41.4037
325 275 10000 52 15 1 0 8 3 0.978229 0.781838 0.0543088 0 0.850017 0.984933 20.492 19.6241 101.015 0 27.7287 29.6111
350 50 10000 675 654 3 2 76 135 0.935285 0.937886 0.862675 0.751371 0.905206 1.02198 20.4761 17.423 52.7024 70.9944 21.343 17.3674
350 75 10000 599 624 2 0 68 117 0.917053 0.920017 0.740551 0 0.994975 0.840537 20.2949 18.2084 16.46 0 18.5265 20.5909
350 125 10000 438 378 2 3 75 72 0.95041 0.90027 1.05213 0.632299 0.858826 0.957223 19.0352 18.9571 47.3319 51.2331 20.4945 20.3676
350 150 10000 359 299 2 0 43 55 0.909772 0.89679 0.654749 0 0.986992 1.02387 20.3682 19.5965 49.7933 0 22.2722 20.1816
350 175 10000 291 223 5 0 59 35 0.923176 0.889357 0.780507 0 0.873105 0.998926 19.1607 17.6031 26.837 0 19.9229 20.0975
350 200 10000 255 177 1 0 38 28 0.830419 0.849916 0.679294 0 0.955831 0.919403 18.6689 20.8263 145.547 0 18.8895 18.7307
350 225 10000 171 107 1 2 28 22 0.901868 0.879444 1.61266 0.779428 0.908364 0.943761 21.0378 23.0316 64.4228 48.3441 23.0348 21.0191
350 250 10000 149 61 0 0 20 15 0.931188 0.843516 0 0 1.04751 0.900305 19.9841 20.6633 0 0 17.9659 22.0293
350 275 10000 116 36 4 1 16 11 0.803458 0.919221 0.58798 0.43568 0.901069 0.807764 18.6883 20.0212 31.4608 306.125 25.1612 31.8376
350 300 10000 53 9 0 0 6 1 0.944742 0.945429 0 0 0.91624 2.96328 19.3666 39.038 0 0 31.8533 18.8226
375 50 10000 920 837 8 0 98 159 0.91248 0.931789 0.863848 0 0.957951 0.909668 20.0651 16.5131 15.8102 0 19.4177 16.4834
375 75 10000 869 789 3 0 89 145 0.888604 0.915965 0.447182 0 0.898408 0.881239 20.5009 16.6145 20.8537 0 20.2101 16.8988
375 100 10000 745 685 0 0 79 136 0.907367 0.93228 0 0 0.893734 0.907502 20.6514 16.8185 0 0 24.6584 18.527
375 125 10000 608 575 3 2 72 104 0.904892 0.920282 0.716351 1.26206 0.923035 0.908742 20.1486 16.8557 36.4012 38.1875 21.882 22.9181
375 150 10000 533 450 3 1 51 93 0.905121 0.897699 1.06653 0.76691 1.01077 0.929713 18.9217 18.7008 15.8772 20.927 19.7193 18.9622
375 175 10000 373 362 2 1 63 61 0.890134 0.911072 0.797876 0.742977 0.860761 0.901393 18.7586 16.9829 15.4545 15.9073 19.3155 18.688
375 200 10000 314 231 1 0 49 58 0.905462 0.953613 0.850604 0 0.862405 0.914608 20.0634 17.2092 15.1596 0 23.0385 25.8482
375 225 10000 238 179 1 0 59 26 0.8873 0.873605 1.43511 0 0.874544 1.14156 19.2638 20.1156 20.1071 0 20.5514 24.4132
375 250 10000 240 111 1 2 43 28 0.881304 0.883575 0.596675 0.663101 0.899949 1.03075 19.2269 17.9203 16.3589 48.1783 16.7842 26.9201
375 275 10000 175 64 1 0 29 24 0.893798 0.868663 0.708151 0 0.875151 0.984234 18.231 22.4703 16.0118 0 19.1999 20.8035
375 300 10000 94 39 0 0 15 15 0.993078 0.832549 0 0 1.00584 0.939524 20.3331 22.9012 0 0 28.6145 35.3379
375 325 10000 55 12 0 0 8 6 0.849156 0.865967 0 0 0.775604 0.635023 17.9891 23.2638 0 0 34.0416 22.3983
400 50 10000 1308 919 3 5 149 207 0.921181 0.931923 0.61375 0.647453 0.892108 0.939106 17.8432 16.2313 38.0716 60.601 18.736 18.1298
400 75 10000 1155 869 4 1 113 187 0.907277 0.928462 0.830074 0.834814 0.830309 0.940448 18.9895 16.3374 29.4641 101.145 24.3662 19.3383
400 100 10000 991 801 1 2 114 153 0.925812 0.922162 0.828001 1.51594 0.914848 0.943868 19.6142 16.1213 88.0167 38.9354 18.8948 18.1203
400 125 10000 928 782 4 0 95 141 0.908197 0.911259 0.908007 0 0.846388 0.934267 20.4344 16.7183 16.0564 0 18.4237 19.5099
400 150 10000 740 576 3 5 66 117 0.897964 0.916909 1.06191 0.794868 0.930676 0.930239 21.7237 16.8662 15.6538 32.0792 20.9296 16.7382
400 175 10000 565 477 2 2 74 80 0.901455 0.908011 0.776619 1.17367 0.858292 0.87262 20.1498 17.6486 76.2644 50.1705 21.9928 17.3998
400 200 10000 454 339 3 0 54 69 0.897592 0.89833 0.749482 0 0.902027 0.866627 19.1009 18.3027 16.5016 0 19.1841 16.9773
400 225 10000 369 240 1 0 45 55 0.88389 0.941811 0.817914 0 0.943951 0.745002 19.7731 19.2793 85.578 0 19.4656 26.6017
400 250 10000 265 166 2 0 43 52 0.925097 0.854459 0.667753 0 0.891301 0.775296 18.8802 17.8357 15.4579 0 21.2994 24.0821
400 275 10000 221 112 0 0 50 22 0.917968 0.882503 0 0 0.81967 1.1671 19.2042 18.1018 0 0 17.9818 23.1392
400 300 10000 171 54 0 0 31 23 0.918651 0.994443 0 0 0.854687 0.838554 17.6236 18.7675 0 0 23.7358 20.5041
400 325 10000 107 46 0 0 20 4 0.877719 0.864509 0 0 0.841911 0.723385 19.0479 23.0036 0 0 20.6721 110.426
400 350 10000 55 11 0 0 10 6 0.828338 0.906116 0 0 0.70539 0.580139 18.9774 27.0109 0 0 22.7509 41.392
425 50 10000 1651 985 6 4 150 236 0.904068 0.950779 0.851869 0.992664 0.907606 0.912136 17.7704 16.4278 22.315 63.2012 26.1819 16.7174
425 75 10000 1491 1014 4 2 164 215 0.92004 0.918075 0.775091 0.719462 0.859595 0.870225 17.7387 15.9504 15.8876 17.3755 19.8021 17.9736
425 100 10000 1365 1019 7 0 141 174 0.903056 0.919826 0.762354 0 0.956832 0.980145 18.5193 16.4156 21.7663 0 19.8036 17.5141
425 125 10000 1213 892 1 0 109 125 0.90872 0.913506 1.30861 0 0.909904 1.01324 18.7383 16.7082 18.4809 0 19.2808 23.666
425 150 10000 983 743 5 1 90 122 0.910938 0.923284 0.715431 0.831134 0.965132 0.876627 19.3264 17.2493 28.8737 15.155 22.1904 21.5902
425 200 10000 627 463 2 2 71 83 0.933471 0.894451 0.808821 0.8093 0.883864 0.891919 18.0335 18.6347 49.9977 46.8082 20.2361 22.9616
425 250 10000 398 251 2 3 48 45 0.883205 0.874861 0.841782 0.738292 0.890474 0.84437 18.1838 18.0416 53.009 28.9427 18.9917 23.6277
425 325 10000 182 62 0 0 33 15 0.934992 0.875676 0 0 0.879987 0.99551 18.3548 20.265 0 0 23.1361 20.2421
425 350 10000 117 39 0 1 16 9 0.878444 0.9544 0 1.14099 0.850317 0.804674 18.0854 24.3914 0 16.6938 29.8154 36.5953
425 375 10000 59 13 0 0 7 6 0.784556 0.612996 0 0 0.887291 0.565421 24.9758 37.7843 0 0 22.6729 56.0894
450 50 10000 1995 1078 7 1 193 249 0.918032 0.923489 0.912473 0.738255 0.948894 0.90338 17.165 15.5826 27.193 16.2109 17.6478 18.6893
450 75 10000 1822 999 5 3 176 223 0.92836 0.92075 0.788258 1.60288 0.908933 0.903549 17.6411 16.3814 31.7837 36.2478 18.9772 17.4224
450 100 10000 1674 1077 5 6 168 204 0.934469 0.916668 0.761928 0.928441 0.923782 0.933687 17.5004 15.7181 27.8146 21.989 19.8101 17.3733
450 150 10000 1375 896 6 4 121 138 0.903655 0.937919 0.896617 0.605876 0.891796 0.984736 17.9046 16.7082 21.1823 31.6605 24.4946 18.7559
450 175 10000 1226 763 6 1 110 128 0.913873 0.915205 1.02332 1.58525 0.877226 0.917815 18.648 16.4598 19.7507 48.57 20.2336 17.1081
450 225 10000 710 509 1 2 53 97 0.897009 0.927451 0.595655 0.772901 0.871497 0.872111 19.3118 18.1464 16.8821 49.888 20.3447 18.8029
450 250 10000 519 385 2 2 65 55 0.900111 0.861892 1.07469 0.827192 0.930419 0.967304 19.4173 18.5751 51.6643 70.9684 18.516 23.4008
450 275 10000 403 266 1 2 61 48 0.892364 0.917842 0.434895 0.671174 0.867929 0.998924 18.5248 18.1931 175.159 47.4501 20.0819 21.7393
450 300 10000 324 175 1 0 47 36 0.911685 0.850859 1.27829 0 0.840842 0.920186 17.9113 17.745 18.6069 0 20.3412 17.5274
450 325 10000 239 109 1 0 29 28 0.927052 0.914701 1.44812 0 1.05976 0.893935 17.7602 20.1358 88.3013 0 20.1816 23.5669
450 350 10000 187 75 2 0 29 13 0.908283 0.866477 0.967273 0 0.931497 1.19908 19.2231 21.6883 17.5407 0 24.5935 17.8753
450 375 10000 124 27 0 0 14 9 0.878062 0.938412 0 0 1.00849 0.750243 19.2945 16.7403 0 0 27.7227 20.2299
450 400 10000 61 13 0 0 12 2 0.900459 0.792517 0 0 0.634888 0.92076 19.6849 28.7712 0 0 19.7313 77.2915
475 50 10000 2295 1098 6 4 245 268 0.914589 0.932377 0.835977 1.15685 0.903677 0.930493 16.9796 15.5877 27.4473 27.907 18.9746 16.5414
475 75 10000 2219 1155 4 4 235 261 0.915119 0.90956 0.78255 0.587847 0.878948 0.928603 16.8252 15.6299 16.3077 75.7629 19.3263 17.6258
475 100 10000 2044 1063 7 2 206 275 0.921712 0.914796 0.819999 1.14146 0.875469 0.908983 17.0079 15.5095 30.0304 65.8678 19.272 17.3545
475 125 10000 1969 1013 6 2 172 226 0.91922 0.92859 0.798903 0.691423 0.93549 0.90997 17.1475 15.5539 40.2072 129.582 18.3812 16.7682
475 150 10000 1738 983 13 4 157 211 0.916805 0.914839 0.762783 0.872478 0.903682 0.924561 17.3379 15.459 20.2371 28.3326 18.4423 17.1586
475 175 10000 1520 895 1 0 145 153 0.898731 0.922365 1.67304 0 0.921468 0.964042 17.8143 16.3283 51.1459 0 17.2751 18.2876
475 200 10000 1243 789 1 2 117 132 0.901978 0.915334 0 1.74094 0.889348 0.907009 18.6271 16.1606 1.1303e+08 49.3319 19.9329 16.1877
475 225 10000 1005 659 2 4 91 121 0.900721 0.905215 1.17673 0.723633 0.869252 0.889964 19.7213 15.9883 53.3975 32.8974 25.3388 16.1561
475 325 10000 307 161 4 0 40 35 0.926458 0.912521 0.773224 0 0.84885 0.901137 19.0089 19.0323 15.8878 0 18.6651 26.7957
475 375 10000 194 68 1 0 25 12 0.890295 0.823501 0.713463 0 0.837647 0.878864 18.2864 20.0707 16.0095 0 17.15 24.0085
475 400 10000 128 28 1 0 9 9 0.915032 0.988864 1.17901 0 0.862086 0.810914 18.0358 25.173 40.9149 0 40.3691 24.8163
475 425 10000 60 7 2 0 7 3 0.759494 0.959525 0.608124 0 1.06345 1.16054 22.2523 40.66 24.4436 0 24.9163 24.5583
500 50 10000 2626 1091 7 0 298 303 0.920148 0.934224 0.725452 0 0.889041 0.930388 16.6332 15.5848 18.5298 0 18.4638 16.2391
500 75 10000 2584 1095 8 4 251 265 0.912497 0.950997 0.713589 0.710867 0.901167 0.955881 16.6805 15.8396 29.4221 22.5294 17.522 18.2216
500 100 10000 2551 1102 6 0 226 274 0.904381 0.931865 0.90679 0 0.908649 0.913458 16.8493 15.4519 16.0982 0 18.4602 19.7569
500 125 10000 2359 1068 8 3 181 261 0.915971 0.916085 0.914927 0.764437 0.913192 0.928718 17.0257 15.7331 27.1476 40.3871 21.3524 17.4137
500 150 10000 2179 1093 5 3 194 207 0.915364 0.917967 1.14096 0.826227 0.8939 0.942346 17.2616 15.7729 21.0396 36.2126 18.1477 16.6529
500 175 10000 1941 1020 8 1 168 201 0.912159 0.919825 0.695929 1.55433 0.88506 0.918933 17.4471 16.6446 23.3473 46.4938 17.4326 16.5583
500 200 10000 1693 928 5 1 152 160 0.907274 0.917292 0.756187 0.841582 0.871164 0.906296 17.398 16.4094 26.7892 140.668 19.5328 18.4725
500 225 10000 1309 818 3 1 116 137 0.927519 0.908423 0.996499 1.64562 0.880655 0.846042 18.1114 16.0373 38.335 63.9382 17.5098 18.9969
500 250 10000 1035 655 1 0 102 139 0.926158 0.897975 0.492931 0 0.874791 0.883011 18.8273 17.9248 17.3955 0 21.5056 20.6971
500 300 10000 556 369 1 0 67 78 0.923456 0.894482 1.35935 0 0.896544 0.886497 19.5202 17.2892 19.0704 0 18.3104 19.059
500 325 10000 440 269 1 2 62 56 0.886149 0.920682 0.737704 0.675909 0.88959 0.843505 17.7669 20.6331 96.2092 76.5852 20.0546 20.7582
500 350 10000 364 180 3 0 44 34 0.897062 0.909841 0.969545 0 0.874916 0.938621 18.1906 20.0033 15.6951 0 21.857 20.9029
500 375 10000 259 123 0 0 41 30 0.947058 0.920512 0 0 0.950837 0.959984 18.2521 18.7289 0 0 17.4272 18.8152
500 425 10000 147 35 0 0 12 13 0.853369 0.867027 0 0 1.01257 0.867008 20.0266 24.78 0 0 24.0672 26.3034
500 450 10000 64 11 0 0 8 2 0.921165 1.03319 0 0 0.884226 0.749787 20.508 23.1156 0 0 19.9875 46.1097
525 50 10000 2807 1123 8 8 355 327 0.921182 0.937106 0.950721 1.00353 0.872817 0.908427 16.5421 15.5961 17.2234 18.7142 17.8492 16.1687
525 75 10000 2930 1104 9 3 324 317 0.912063 0.934184 0.871911 0.796236 0.874135 0.911474 16.5277 15.7566 20.9983 52.6625 19.6633 15.9384
525 100 10000 2812 1099 10 0 285 315 0.911489 0.929959 0.843109 0 0.875481 0.893736 16.43 16.039 15.487 0 20.114 18.1408
525 150 10000 2494 1068 6 2 239 241 0.922633 0.928485 0.853995 0.809985 0.883131 0.895277 16.5867 15.5182 21.2045 65.5465 17.4669 16.7325
525 175 10000 2310 1055 4 0 224 225 0.909797 0.911057 0.726207 0 0.920774 0.902334 17.2101 15.3776 33.5373 0 18.1385 20.4909
525 200 10000 2056 972 3 2 154 195 0.921846 0.925806 1.08892 1.14416 0.893612 0.915783 17.2952 15.6646 66.7266 73.5025 18.921 16.6698
525 225 10000 1702 963 7 3 137 156 0.92733 0.910871 0.846844 0.820696 0.881537 0.868933 17.622 15.9911 16.0831 15.6675 21.5823 20.5179
525 250 10000 1468 787 4 2 146 140 0.917763 0.916977 0.904425 0.84518 0.872872 0.962651 18.1523 16.3141 36.7544 73.1685 20.4532 17.958
525 275 10000 1117 644 3 3 98 122 0.904728 0.934199 1.10289 1.0323 0.894494 0.950389 18.7884 17.2823 36.9028 38.396 18.6842 18.3549
525 300 10000 852 522 2 1 65 97 0.897285 0.916435 1.36503 0.852828 0.915529 0.893694 18.3275 17.6567 42.5943 126.258 22.3007 20.3903
525 325 10000 638 390 4 0 64 80 0.904597 0.899382 1.35746 0 0.947026 0.90578 18.8278 17.1551 15.9228 0 26.535 22.9468
525 375 10000 397 185 2 0 44 27 0.910286 0.943661 0.684753 0 0.925892 0.899461 17.7189 18.0047 129.878 0 17.2989 18.5229
525 425 10000 217 58 2 0 18 15 0.910821 0.971073 0.769595 0 0.973963 0.780525 17.9932 17.9918 15.5072 0 27.2232 26.9296
525 450 10000 149 34 1 0 16 12 0.890573 0.819271 0.552626 0 0.812597 0.852869 20.6713 18.3578 17.0813 0 30.7394 26.2864
525 475 10000 66 15 0 0 9 2 0.875445 0.708279 0 0 0.650039 1.41686 18.9669 20.7114 0 0 22.96 64.3992
550 50 10000 3225 1107 5 3 359 343 0.916955 0.927822 0.909602 1.40595 0.927461 0.9184 16.4355 16.1513 39.6429 24.6006 18.0841 16.5072
550 75 10000 3141 1105 11 4 361 343 0.92501 0.934379 0.864092 1.03554 0.878906 0.897304 16.2984 15.8244 15.8236 31.5942 17.6723 17.3866
550 125 10000 2998 1085 7 7 295 285 0.921822 0.933452 1.0821 0.735078 0.860942 0.913136 16.529 15.5685 20.1123 23.3947 17.4986 16.0208
550 150 10000 2908 1051 13 2 291 259 0.923494 0.94721 0.86547 0.841206 0.887106 0.897155 16.7041 15.7301 18.1386 43.0471 17.6457 18.8301
550 175 10000 2702 1013 6 3 273 260 0.924305 0.953861 0.851002 0.783545 0.888384 0.924875 16.6309 15.5599 16.7963 51.1587 18.553 15.9294
550 200 10000 2505 1041 6 0 209 224 0.9076 0.933353 0.778996 0 0.942762 0.908341 16.6728 15.851 37.419 0 17.643 17.194
550 225 10000 2146 985 5 1 169 199 0.916732 0.909662 1.19447 0.849176 0.882716 0.957826 17.0371 16.077 26.5011 142.231 19.213 17.7352
550 250 10000 1748 912 5 2 143 173 0.91191 0.93193 0.990849 0.869649 0.909438 0.927452 17.467 16.3128 37.4198 91.5049 19.9229 16.714
550 275 10000 1444 833 6 1 128 131 0.892543 0.912269 0.951333 0.737447 0.854351 0.908438 18.5384 17.2436 20.0365 19.0186 19.716 19.1884
550 325 10000 888 506 4 0 74 72 0.922205 0.920556 0.773866 0 0.883257 0.958077 17.936 17.4549 15.5007 0 21.3953 18.7351
550 350 10000 630 414 2 4 73 64 0.891844 0.922708 1.14241 0.914181 0.867859 0.979745 18.5878 17.8268 74.6539 26.6406 23.7108 18.1775
550 375 10000 477 262 0 0 62 46 0.891963 0.895693 0 0 0.90284 0.882659 19.2721 18.1843 0 0 18.8938 18.103
550 400 10000 401 165 1 0 43 39 0.929403 0.94954 0.851064 0 0.898408 0.880546 18.5313 18.275 15.1535 0 18.0838 15.9184
550 450 10000 231 56 2 0 41 16 0.883919 0.988574 0.414506 0 0.906203 0.801653 18.2094 19.909 92.6543 0 17.7605 21.1696
550 475 10000 114 29 1 1 22 6 0.900832 0.880909 0.71254 0.433854 0.828824 0.934295 20.5855 27.2393 16.0243 17.359 24.5226 31.6975
550 500 10000 58 10 1 0 12 3 0.915915 0.963095 0.927975 0 0.648768 0.882459 24.7361 20.6669 17.3401 0 41.5508 24.108
575 50 10000 3448 1058 8 2 404 355 0.919685 0.926385 1.05042 0.415541 0.886449 0.912197 16.2406 15.9562 18.7423 201.891 18.0251 16.4932
575 75 10000 3389 1040 8 5 359 334 0.931687 0.923824 0.917143 1.31437 0.895669 0.893937 16.2003 16.0143 22.7377 30.6747 17.1554 16.2309
575 100 10000 3381 1065 7 2 361 272 0.922347 0.922043 0.96003 0.818394 0.915855 0.923915 16.1826 15.7724 19.7775 46.6196 17.4816 16.9312
575 125 10000 3340 1061 9 1 338 309 0.931057 0.930191 0.754153 2.17517 0.896794 0.904414 16.1136 16.0134 28.7233 74.8392 18.0268 16.5428
575 150 10000 3205 1034 6 5 313 313 0.921766 0.922918 1.32015 0.833889 0.893892 0.909202 16.275 15.6828 21.8558 32.9401 18.6671 17.0216
575 200 10000 2842 1040 8 3 266 238 0.917563 0.938883 0.76662 0.810769 0.890909 0.899892 16.4921 15.4154 16.1188 50.6244 18.9448 18.465
575 225 10000 2592 1031 10 5 211 217 0.918952 0.946462 0.902487 1.06161 0.915458 0.908874 16.6942 15.4625 15.4413 16.021 18.6084 17.9309
575 250 10000 2252 974 7 2 168 206 0.914499 0.91835 0.815612 0.75332 0.942885 0.938628 17.2034 15.5541 24.9181 57.7276 19.6637 18.1719
575 375 10000 705 377 3 1 58 69 0.894557 0.886578 0.976944 0.701534 1.00314 0.968022 18.3476 17.8023 15.7552 16.541 20.9675 22.6794
575 400 10000 515 269 2 0 48 47 0.922425 0.86323 1.13853 0 0.87421 0.845181 19.0181 18.738 15.7791 0 17.9028 20.0962
575 450 10000 288 124 0 1 40 16 0.852028 0.931806 0 0.808484 0.822671 1.01541 18.3084 23.4766 0 87.1015 19.5263 20.8235
575 475 10000 198 83 1 0 30 18 0.936169 0.786751 0.54707 0 0.77375 1.02056 19.4623 20.363 16.4339 0 19.8296 21.1231
575 525 10000 60 5 0 0 6 0 0.888014 1.43491 0 0 0.668446 0 19.1292 30.7852 0 0 22.8953 0
600 75 10000 3622 1066 13 3 383 351 0.922189 0.918909 0.857505 0.480227 0.880127 0.903724 16.256 16.0519 18.5615 62.7326 18.9629 16.3187
600 100 10000 3685 1043 9 4 373 311 0.918223 0.940493 0.897328 0.473555 0.901346 0.916243 16.1995 16.3514 19.4372 48.2592 16.6504 18.26
600 125 10000 3508 1048 12 4 363 313 0.913288 0.950823 0.868338 0.807847 0.883215 0.922285 16.3379 16.1046 27.6845 40.4068 17.8358 16.1202
600 150 10000 3442 1063 6 1 364 259 0.922213 0.94657 0.925598 0 0.90304 0.910779 16.1371 15.597 33.8908 1.20289e+08 17.708 16.4263
600 175 10000 3396 1015 13 4 314 271 0.919101 0.928955 0.754918 1.08741 0.897524 0.925029 16.1653 15.6396 18.2633 32.4815 17.1592 16.7793
600 200 10000 3135 1058 10 1 291 271 0.92807 0.939347 0.804903 0.674288 0.905606 0.936871 16.2741 15.6021 15.7624 121.719 18.9253 16.0145
600 225 10000 2955 1000 4 2 259 252 0.918092 0.920307 0.828315 0.866951 0.916618 0.920863 16.4922 15.5524 28.9538 98.2924 18.5708 16.3767
600 250 10000 2717 984 6 2 221 216 0.9186 0.932234 0.805812 1.15509 0.902903 0.950316 16.7421 15.7092 32.8 36.3921 19.3589 17.6817
600 275 10000 2433 1018 6 5 186 176 0.912235 0.929982 0.861186 0.965484 0.875378 0.917102 17.1272 15.5534 30.343 58.7883 20.6157 17.4676
600 300 10000 2063 914 4 5 166 158 0.918114 0.91562 0.912391 0.858119 0.917058 0.89505 17.1345 15.5486 33.0394 20.9328 19.2793 18.167
600 325 10000 1619 812 2 4 124 134 0.919528 0.911259 1.12175 0.832166 0.905785 0.924253 17.7555 16.2885 38.9209 27.2931 20.4937 17.6819
600 350 10000 1300 713 3 3 85 125 0.909177 0.902108 0.769607 1.02139 0.851484 0.890747 18.0874 16.043 44.3733 67.6447 20.0891 18.9637
600 400 10000 714 392 2 3 63 67 0.912242 0.919653 1.52493 0.826718 0.91481 0.878431 17.9277 17.3815 32.2134 49.1556 16.6742 20.1301
600 425 10000 522 287 3 1 54 50 0.933618 0.927657 1.00496 0.818309 0.894225 0.948265 18.2693 17.1734 15.6475 15.4094 24.5026 16.1512
600 450 10000 377 166 2 0 60 33 0.917925 0.916583 1.15757 0 0.844168 0.872074 18.4807 20.0292 15.6364 0 16.7204 25.1824
600 475 10000 325 98 0 1 41 26 0.882689 0.93864 0 0.700005 0.957155 0.978954 17.7547 23.1186 0 16.0711 18.1119 19.7568
600 525 10000 124 32 1 0 21 7 1.00494 0.802221 0.546954 0 0.70728 1.05886 19.2044 22.6144 16.4358 0 21.1672 41.0124
600 550 10000 53 7 0 0 7 1 0.926707 1.11355 0 0 0.645647 1.41821 22.0223 32.1227 0 0 40.2043 101.833
625 50 10000 3828 977 9 5 488 375 0.905122 0.928978 0.85859 0.800339 0.896399 0.904217 16.2469 16.7636 18.7612 26.8942 17.2644 16.7578
625 75 10000 3885 952 14 3 456 344 0.918316 0.938381 0.868274 0.779796 0.900066 0.936024 16.1779 16.3147 17.0404 43.4689 17.8516 16.8409
625 100 10000 3815 985 17 10 484 324 0.922742 0.934194 0.827769 0.754352 0.884841 0.907031 16.1287 16.1904 19.2523 23.1281 17.4784 18.326
625 125 10000 3829 952 14 1 432 309 0.92646 0.943433 1.03268 2.1976 0.899685 0.887225 16.1522 16.4114 15.8878 37.6317 18.3599 16.6428
625 150 10000 3819 1033 8 4 363 293 0.926925 0.93995 1.04551 1.00763 0.948807 0.918454 16.0983 16.0176 16.1996 23.1158 17.605 17.5347
625 175 10000 3609 1059 11 4 391 280 0.926498 0.936901 0.966617 0.592624 0.890751 0.933296 16.1137 16.1539 18.4834 68.5838 18.2303 16.7811
625 200 10000 3500 1020 7 3 295 275 0.923443 0.92817 0.677336 0.793887 0.882929 0.93503 16.1833 15.5939 16.2444 33.9829 17.2027 16.3402
625 225 10000 3282 1028 11 3 263 256 0.928469 0.917939 0.758165 1.10554 0.879949 0.910667 16.4644 16.376 21.0486 30.9312 18.7145 17.4148
625 275 10000 2786 1041 11 1 223 237 0.913367 0.931677 0.845104 0.925425 0.916796 0.937005 16.6821 15.7091 17.0507 78.2651 17.4527 16.691
625 300 10000 2472 946 5 4 187 175 0.928573 0.932239 0.891779 0.941732 0.897222 0.93308 16.9284 15.7982 16.3283 26.6744 19.7142 16.6563
625 325 10000 2167 924 6 5 162 191 0.905889 0.929846 0.778696 0.909628 0.879685 0.895506 17.1869 15.9529 23.2459 27.4305 17.9672 17.1888
625 350 10000 1646 787 5 1 122 128 0.912314 0.938493 1.08996 1.48808 0.882576 0.941553 17.9413 16.3085 20.1612 59.0306 18.6869 18.1253
625 375 10000 1309 672 5 6 107 82 0.899006 0.901407 1.04632 0.89371 0.899407 1.02516 17.645 17.2787 46.2081 49.6853 19.4969 20.0801
625 400 10000 946 551 2 2 80 81 0.912602 0.906299 0.685969 1.01606 0.922429 0.981933 18.3474 16.9234 54.0395 44.3764 18.7813 21.249
625 500 10000 299 128 1 1 31 16 0.895956 0.794397 1.3691 0.844142 0.92605 0.758301 19.254 19.7822 16.2357 101.141 17.2814 37.8404
625 525 10000 239 70 0 0 29 15 0.889581 0.766406 0 0 0.782671 0.864832 19.4792 16.9244 0 0 22.6269 23.9036
625 575 10000 47 9 0 0 1 3 1.02391 0.898963 0 0 2.79762 1.08027 19.9135 27.3458 0 0 35.5003 31.6234
650 50 10000 4137 863 5 2 531 372 0.913632 0.931132 0.950305 1.6397 0.870818 0.895008 16.2169 17.2016 20.933 38.906 17.3215 16.4888
650 75 10000 4105 861 5 1 521 378 0.913228 0.943542 1.09632 1.43687 0.887965 0.90241 16.1446 16.4706 26.7047 97.4095 17.1393 16.7698
650 100 10000 4041 987 11 2 471 362 0.914213 0.915751 0.878129 0.393325 0.869071 0.931161 16.2525 16.3855 20.6551 232.83 17.6336 17.0914
650 125 10000 4070 970 9 2 439 379 0.921071 0.936883 0.780586 0.773377 0.885187 0.871609 16.1459 17.4255 20.9251 48.1527 17.5327 16.3194
650 150 10000 3977 916 6 3 462 309 0.920717 0.936792 0.812347 0.836638 0.899647 0.913583 16.1575 16.1743 16.4931 49.7054 17.1037 16.227
650 200 10000 3840 959 10 5 335 258 0.915959 0.922144 0.730245 0.67782 0.895854 0.928201 16.0726 15.9287 35.7073 29.6961 18.0802 17.9353
650 300 10000 2865 991 7 3 228 193 0.915212 0.934086 0.937985 0.766317 0.905386 0.909822 16.4885 15.473 19.621 34.6761 19.6893 17.5159
650 325 10000 2544 961 5 1 188 200 0.912601 0.935722 0.850419 0.658566 0.886673 0.927929 16.9116 15.7326 17.465 16.2409 17.4366 16.7236
650 375 10000 1746 840 4 2 128 127 0.897179 0.929036 0.688995 1.29583 0.919786 0.975199 18.256 16.6305 17.3098 37.4404 18.5816 18.4094
650 425 10000 949 543 5 0 75 84 0.90132 0.914116 0.800804 0 0.958862 1.02252 18.732 17.2439 30.3038 0 20.6088 18.8077
650 500 10000 393 181 3 1 55 26 0.906917 0.893342 0.753691 1.48844 0.930936 0.973141 18.7701 19.7049 15.6713 15.6396 17.218 30.0976
650 525 10000 320 126 1 0 35 19 0.924695 0.908342 1.53037 0 0.793973 0.929537 19.2068 18.317 15.3416 0 17.5586 31.2038
650 550 10000 207 62 0 0 27 16 0.898991 0.856653 0 0 0.984708 0.844453 19.136 25.5213 0 0 19.3646 16.1427
650 575 10000 117 29 1 0 9 10 0.930929 0.932696 1.10392 0 0.983524 0.640784 20.3888 22.7285 78.8027 0 18.454 26.5413
650 600 10000 52 12 0 0 8 4 1.03464 0.602548 0 0 0.800877 0.762238 21.2432 19.1147 0 0 19.3606 49.5921
675 50 10000 4192 863 18 1 581 374 0.91379 0.913621 0.795399 1.70736 0.860643 0.887761 16.2906 16.4603 16.0498 49.0079 17.3841 16.9562
675 75 10000 4317 912 10 2 514 398 0.903076 0.907947 0.900875 0.77233 0.892003 0.890714 16.2202 16.2474 26.7574 49.9732 17.7942 16.5722
675 100 10000 4234 848 10 1 545 346 0.918181 0.927384 0.841461 0.826995 0.889476 0.914719 16.1368 16.9075 20.361 153.861 17.2356 16.6431
675 125 10000 4214 902 17 5 505 333 0.914078 0.930915 0.764496 0.803093 0.866231 0.912165 16.1623 16.4411 20.6895 15.5309 18.3308 17.0277
675 200 10000 4086 915 7 2 360 270 0.91862 0.930133 1.06788 0.493102 0.898725 0.932487 16.1367 15.8678 16.7431 22.9925 17.6401 16.468
675 275 10000 3543 1032 8 4 271 232 0.910634 0.93977 0.941624 0.91695 0.907587 0.934021 16.2709 16.1401 17.5884 29.5849 18.124 15.9945
675 300 10000 3245 981 11 0 272 228 0.915244 0.947224 1.04147 0 0.892701 0.901798 16.6529 16.1613 17.5597 0 17.9026 16.1149
675 325 10000 3032 1041 7 0 246 193 0.927182 0.928806 0.814034 0 0.904576 0.906457 16.4935 15.4644 15.7622 0 17.7687 16.6254
675 400 10000 1839 831 4 2 128 126 0.909507 0.929521 1.58868 0.857319 0.946531 0.951063 17.4968 16.1916 18.7858 92.4565 21.9168 19.9282
675 425 10000 1351 664 2 1 92 109 0.910425 0.920056 1.04522 1.92038 0.950461 0.996579 17.9981 16.84 16.089 17.9125 19.073 23.8525
675 450 10000 1011 527 3 1 86 88 0.911191 0.906045 0.626534 0.850821 0.919525 0.896876 18.4113 16.9573 43.3307 84.5295 16.8541 21.0552
675 500 10000 537 264 4 1 62 41 0.909717 0.910968 0.649451 0.411163 0.921137 0.924387 17.8555 16.7145 28.9319 101.5 19.9737 24.887
675 525 10000 426 171 0 2 37 24 0.929037 0.884652 0 1.01257 0.92634 0.987515 18.2828 19.4899 0 38.644 22.3032 20.2031
675 550 10000 322 116 4 2 35 22 0.894229 0.860923 0.636982 0.63829 0.838206 0.760903 18.8282 16.3931 36.9508 68.9848 20.4961 30.44
675 575 10000 260 64 1 0 26 14 0.875626 0.750949 1.27501 0 0.988638 0.914568 18.2768 21.5834 15.8494 0 26.1815 23.5683
675 600 10000 113 24 1 1 17 3 0.954395 0.877928 0.560767 0.68029 0.80322 1.65134 19.7316 22.8591 17.097 16.1008 28.4298 29.0372
675 625 10000 60 12 1 0 2 0 0.971802 0.72286 0.439013 0 2.23236 0 21.2893 21.8188 17.2828 0 28.3938 0
700 100 10000 4470 806 8 3 580 336 0.910616 0.93981 0.782448 1.0236 0.881836 0.897443 16.2392 17.2251 21.1673 30.9839 17.2542 16.6657
700 150 10000 4409 892 9 2 496 314 0.910557 0.924118 0.890075 0.608111 0.863891 0.902496 16.1544 16.3104 16.0267 19.041 17.306 16.5179
700 175 10000 4372 886 12 3 479 321 0.910554 0.95896 0.852516 0.559749 0.857177 0.884839 16.1739 16.818 16.4397 15.2132 17.7334 16.379
700 250 10000 3980 981 6 2 380 270 0.917043 0.935433 0.972689 0.832552 0.900404 0.964524 16.0788 15.8149 15.4932 52.8198 17.2161 16.7411
700 300 10000 3637 950 8 1 301 259 0.919296 0.949546 0.990791 0.816427 0.889399 0.873025 16.0772 15.5772 17.0433 59.731 16.8969 16.7412
700 375 10000 2653 995 9 2 170 163 0.922087 0.926111 0.834192 1.06642 0.976644 0.877684 16.7959 16.6166 19.0023 16.8425 17.4101 22.7317
700 400 10000 2262 889 8 1 172 166 0.90473 0.91863 0.875578 0.757852 0.919816 0.886658 17.2269 15.7298 19.1397 177.183 17.6175 17.6432
700 425 10000 1850 805 4 3 123 139 0.908017 0.940254 0.806199 0.750501 0.867465 0.885838 17.5076 16.4933 37.5897 71.3258 20.3407 16.8537
700 450 10000 1398 668 10 1 76 111 0.911384 0.921733 0.985219 0.802599 0.969006 0.882591 18.0122 15.8289 31.5542 214.063 18.7457 20.4655
700 475 10000 972 546 4 3 78 83 0.917778 0.907211 0.773134 0.676141 0.977812 0.926541 18.4587 16.3293 15.4789 18.317 19.0444 17.9227
700 525 10000 527 226 3 0 48 38 0.916845 0.876291 0.467082 0 0.88273 0.970957 17.7709 19.2973 55.3907 0 23.9875 23.2706
700 600 10000 211 62 0 1 19 10 0.926175 0.759165 0 0.483607 0.938324 1.18874 18.3579 25.6337 0 101.495 20.8572 27.1041
700 625 10000 139 33 0 0 9 8 0.929802 0.816837 0 0 1.19402 0.923234 19.0119 27.1364 0 0 21.254 22.9915
700 650 10000 53 8 0 0 3 0 1.03786 0.827811 0 0 1.05034 0 20.6807 35.6841 0 0 42.9833 0
725 75 10000 4572 781 8 3 640 371 0.901434 0.909007 0.937587 0.729382 0.864834 0.886933 16.3049 16.8244 16.2427 15.5511 17.1297 17.618
725 100 10000 4564 791 8 2 627 325 0.914517 0.929999 0.720462 0.624172 0.875119 0.891319 16.2758 16.7022 16.5621 25.0236 17.1933 17.7383
725 125 10000 4510 836 21 3 577 359 0.907708 0.914002 0.856871 1.01524 0.883332 0.894594 16.2263 16.5142 19.7507 48.3689 17.3828 16.7578
725 150 10000 4556 791 10 1 515 341 0.912432 0.931782 0.814602 0.830026 0.898346 0.901191 16.2249 17.4309 19.2965 100.244 17.0725 16.3558
725 200 10000 4416 862 12 0 524 310 0.915388 0.926036 0.700109 0 0.846487 0.924582 16.1957 16.6035 16.2316 0 17.5839 16.4795
725 225 10000 4443 886 20 1 451 292 0.90111 0.91472 0.931056 1.60456 0.887882 0.885768 16.0533 16.2 17.474 67.8457 17.1912 16.4173
725 250 10000 4240 918 8 1 400 266 0.923596 0.95253 0.806611 3.46007 0.894133 0.920439 16.0821 15.8525 21.5016 39.903 17.3205 16.7891
725 275 10000 4126 912 11 1 389 289 0.921425 0.929566 0.905562 0.754633 0.870839 0.913335 16.0787 15.8684 25.0473 122.41 16.9947 16.8243
725 325 10000 3636 1010 5 1 270 241 0.919969 0.948152 0.821956 1.53829 0.900704 0.911705 16.2126 15.9056 32.7188 78.243 17.4407 16.2706
725 350 10000 3498 983 11 2 232 247 0.915796 0.931158 1.01996 1.96769 0.896488 0.866775 16.272 15.6767 25.4414 32.2611 19.9844 16.582
725 375 10000 3070 996 9 4 236 204 0.918973 0.929004 0.989615 0.810244 0.919867 0.894577 16.421 15.4877 18.2843 29.7927 18.9976 16.6101
725 400 10000 2679 985 5 3 180 182 0.914658 0.941358 1.27813 0.975173 0.863204 0.957188 16.6562 15.9051 33.3655 40.1386 18.4218 16.0483
725 425 10000 2266 928 7 3 149 170 0.905719 0.923855 1.06933 1.04901 0.849599 0.85711 17.2913 15.4985 19.2021 16.2529 19.3143 19.3918
725 450 10000 1815 824 8 1 107 133 0.912458 0.906805 0.727879 0.846182 0.892506 0.952829 17.7883 15.5553 34.2754 208.752 18.8788 19.0159
725 475 10000 1420 649 5 1 97 118 0.911656 0.937546 0.738099 0.849615 0.922733 0.906371 17.4728 16.7541 39.0902 72.5867 19.4505 21.2131
725 550 10000 521 277 6 1 63 29 0.916916 0.874411 0.729483 0.822355 0.92832 0.995437 18.9852 16.7655 15.6298 16.7787 17.8305 24.0478
725 575 10000 395 158 2 1 33 24 0.902867 0.880115 1.46001 0.804072 0.925189 0.931321 17.4157 23.1904 28.8287 89.553 21.6605 16.2334
725 600 10000 306 97 2 0 29 8 0.928861 0.881253 0.407924 0 0.955588 1.40751 17.7393 17.8327 86.8157 0 18.3073 41.2108
725 650 10000 125 36 0 1 10 7 0.925168 0.859002 0 0.461283 0.866023 0.963957 19.5215 19.0927 0 101.157 24.9201 28.4773
725 675 10000 50 13 0 0 8 0 0.939199 0.84595 0 0 0.734583 0 24.0475 21.6797 0 0 35.2342 0
750 50 10000 4804 712 11 3 686 354 0.88913 0.925642 0.658556 0.689278 0.86481 0.874155 16.4245 17.4087 25.514 50.2758 17.1604 17.1682
750 75 10000 4705 699 9 3 673 395 0.906787 0.924324 0.742288 1.04756 0.873078 0.842367 16.3702 17.1144 23.3298 40.406 17.2001 16.805
750 125 10000 4668 795 9 2 584 344 0.910107 0.921455 0.81395 0.76987 0.888122 0.906372 16.2519 16.5029 16.6308 55.8875 17.5362 17.3105
750 150 10000 4734 769 22 0 627 332 0.898939 0.934403 0.802521 0 0.87867 0.894108 16.2813 17.1727 17.2544 0 17.3068 16.9481
750 175 10000 4684 818 10 0 556 310 0.906822 0.932645 1.04544 0 0.87484 0.862768 16.2543 17.0478 16.4011 0 17.1722 16.6639
750 200 10000 4596 864 15 2 522 303 0.914417 0.901306 1.03621 1.59899 0.880785 0.910998 16.1654 16.1822 16.9228 30.8301 17.1234 16.6462
750 250 10000 4422 891 11 4 408 307 0.912009 0.947063 0.782907 1.16136 0.895657 0.896714 16.1463 16.453 20.4822 39.8043 17.1717 16.9503
750 275 10000 4450 841 15 2 414 271 0.919952 0.929465 0.901558 0.819748 0.89745 0.953343 16.0686 15.9739 17.9118 71.7871 17.621 17.4584
750 325 10000 4000 916 8 1 347 276 0.921539 0.941508 0.870251 1.62416 0.877342 0.984787 16.1006 16.3241 16.4894 15.9622 18.3725 15.8623
750 350 10000 3787 990 6 6 310 229 0.921652 0.943788 1.3355 0.711366 0.91253 0.915764 16.2664 16.1754 33.482 45.4966 18.2407 16.0021
750 375 10000 3471 991 12 4 268 248 0.91528 0.906053 0.888541 1.01749 0.891363 0.915033 16.2604 15.723 18.7798 50.8145 17.7794 16.8689
750 400 10000 3265 935 10 3 204 197 0.916511 0.948057 0.963786 1.09058 0.888884 0.903991 16.5944 15.8601 30.6495 37.9325 18.6359 17.3664
750 425 10000 2732 970 6 2 213 183 0.915175 0.938147 0.899325 1.06838 0.881676 0.922048 17.0537 15.4645 31.9582 17.9877 17.5303 17.4883
750 475 10000 1912 811 7 2 127 130 0.90363 0.933056 0.762532 1.25917 0.922304 0.963675 17.81 15.6398 27.1043 68.8417 18.7294 20.9186
750 550 10000 762 370 2 0 57 56 0.917372 0.938786 1.48586 0 0.924089 0.874352 18.2437 18.6454 15.7949 0 22.395 25.4209
750 575 10000 579 260 0 0 37 46 0.875108 0.907611 0 0 0.987248 0.782549 18.0646 18.2319 0 0 19.2929 20.4908
750 625 10000 316 105 3 1 25 18 0.883655 0.865676 0.383415 0.854891 0.911275 0.657886 17.8712 16.8852 66.8141 101.114 22.3204 23.5795
750 675 10000 137 21 1 0 12 3 0.9074 0.865153 0.712943 0 0.698777 1.26559 19.7083 34.5094 16.0178 0 30.807 36.2972
750 700 10000 52 5 0 0 3 3 0.848956 1.11849 0 0 0.880808 0.50161 22.5013 46.8823 0 0 59.6595 61.4694
775 75 10000 4901 682 16 1 697 380 0.893842 0.891196 0.621091 0.908504 0.842544 0.864123 16.4703 17.1719 17.6931 101.086 17.6173 17.608
775 100 10000 4807 671 15 1 672 352 0.902913 0.905741 0.907941 0.888504 0.857659 0.889669 16.4293 17.5002 20.2155 99.1701 17.455 18.017
775 125 10000 4830 690 12 1 686 358 0.907399 0.938226 0.900851 1.51408 0.852342 0.843184 16.367 17.7497 24.2775 122.115 17.4542 17.502
775 150 10000 4834 723 16 1 637 308 0.903825 0.897473 0.729457 2.39384 0.860907 0.919807 16.3294 17.2589 18.7162 34.7966 16.9851 17.1537
775 200 10000 4752 766 3 1 605 292 0.912927 0.911546 0.84232 0.854455 0.85169 0.90531 16.213 16.7576 32.0228 215.061 17.1106 17.4464
775 225 10000 4801 807 9 0 509 313 0.908113 0.930044 1.03678 0 0.896959 0.874398 16.1748 16.8617 17.2926 0 16.767 16.5067
775 250 10000 4655 808 6 2 499 320 0.919424 0.913221 0.938126 0.864115 0.868725 0.92105 16.1063 16.692 20.9731 69.6314 16.9995 18.2787
775 275 10000 4541 881 8 2 434 297 0.916526 0.904598 0.977007 1.47806 0.891793 0.904717 16.1107 16.4313 21.2946 39.9183 17.2865 16.4
775 300 10000 4316 876 16 3 454 301 0.922052 0.927821 1.01554 0.81792 0.870534 0.956804 16.0764 16.1657 16.2277 33.8624 17.6622 17.2288
775 400 10000 3606 1007 10 3 277 196 0.922234 0.936463 0.988552 0.42742 0.878512 0.868919 16.1994 15.5737 28.4475 131.615 17.5003 17.789
775 450 10000 2842 958 4 4 207 158 0.915015 0.924114 0.82732 0.93447 0.926208 0.929873 16.6006 15.5338 39.6136 27.6659 17.6604 19.0907
775 475 10000 2420 934 9 1 139 184 0.905948 0.938728 0.922409 1.03123 0.911161 0.916772 17.3404 15.5208 22.6755 42.8538 22.3384 16.5664
775 500 10000 1898 806 4 0 117 134 0.910303 0.926033 1.00451 0 0.887143 0.946441 17.814 15.7549 24.06 0 20.4605 17.695
775 525 10000 1492 673 4 0 88 115 0.900744 0.913803 0.983208 0 0.892332 0.873102 17.8984 16.505 32.7485 0 20.9318 20.7624
775 550 10000 1027 499 4 2 81 74 0.916139 0.888862 1.1484 1.13895 0.898011 0.914181 18.1909 17.0599 29.2594 51.0097 20.4495 20.0516
775 650 10000 293 122 1 0 22 18 0.940121 0.807598 1.27101 0 1.09122 0.938192 17.4408 20.3754 118.171 0 19.3732 22.7751
775 675 10000 230 42 1 0 19 16 0.871491 0.883516 0.71254 0 0.764853 0.77824 18.427 26.706 101.276 0 31.7266 51.2848
775 700 10000 119 24 1 0 5 3 0.855849 0.975459 0.887895 0 0.995778 0.52346 18.6225 18.411 15.6042 0 49.7294 117.365
775 725 10000 49 8 0 0 2 2 1.04422 0.599235 0 0 1.64784 0.842546 19.5508 20.3308 0 0 85.1792 72.9061
800 75 10000 4943 650 8 3 757 349 0.891868 0.934224 0.957188 0.665762 0.860711 0.85033 16.5766 17.0641 17.0517 59.9236 17.444 18.4799
800 100 10000 4903 679 14 3 688 349 0.895631 0.918399 0.979177 0.665555 0.875547 0.856753 16.5212 17.5862 18.0212 79.0456 17.7258 17.0066
800 200 10000 4896 701 13 0 608 326 0.903027 0.946102 0.891468 0 0.875928 0.906617 16.288 16.5146 17.2485 0 17.1541 16.8128
800 225 10000 4794 777 10 2 584 325 0.908616 0.937774 1.00293 1.05212 0.851192 0.841072 16.2037 16.7546 21.0358 19.32 17.0732 17.379
800 275 10000 4723 763 11 0 526 316 0.91018 0.911293 1.31099 0 0.868183 0.917431 16.1135 16.2972 17.9151 0 17.3214 17.0738
800 300 10000 4659 846 9 3 442 247 0.910944 0.916729 0.947941 1.26502 0.894078 0.926229 16.0877 16.6628 19.1823 28.0308 17.123 16.9019
800 325 10000 4491 883 9 2 460 276 0.915475 0.925174 0.771638 0.426396 0.908214 0.866179 16.1175 15.9082 21.9366 100.23 17.1969 17.0299
800 400 10000 3891 944 12 5 281 250 0.91574 0.943331 0.897817 0.977761 0.918742 0.910157 16.112 15.9034 17.9753 37.8671 17.4295 17.9825
800 425 10000 3643 929 14 1 288 209 0.91449 0.924595 0.907925 2.05257 0.911087 0.909468 16.1717 15.4678 15.878 47.0275 17.5623 16.1487
800 500 10000 2494 887 7 2 147 155 0.915833 0.941714 1.2825 0.81574 0.923103 0.905779 17.1395 15.3068 21.3331 59.4335 17.9841 16.502
800 600 10000 765 405 1 4 73 50 0.917791 0.886761 0.812343 0.698775 0.869808 0.845312 18.5108 18.8037 97.2056 15.6343 18.4455 26.0957
800 625 10000 577 251 1 0 45 33 0.892914 0.940956 1.5694 0 0.940894 0.944843 18.1908 17.5812 16.6674 0 18.166 28.7871
800 650 10000 392 147 3 0 43 23 0.920129 0.877511 0.753882 0 0.891605 0.838506 17.5209 20.0168 15.5949 0 16.0552 21.9362
800 725 10000 117 24 0 0 11 3 0.870019 0.930359 0 0 0.973268 1.24545 20.9002 19.9319 0 0 19.9358 27.7365
800 750 10000 51 6 0 0 5 3 0.871488 0.702327 0 0 0.98289 0.600962 20.7291 77.885 0 0 25.3196 40.6148
825 50 10000 5022 583 8 1 814 362 0.883328 0.916032 0.831488 0.543607 0.851092 0.836327 16.673 17.1285 21.0866 16.4907 17.705 17.5383
825 75 10000 5013 627 16 0 752 387 0.88356 0.905113 0.794344 0 0.852465 0.827125 16.5604 17.7169 16.8661 0 17.6576 17.7947
825 100 10000 5017 649 11 1 728 359 0.895965 0.899072 0.680595 0.360925 0.853472 0.850128 16.5652 18.1283 17.8109 218.454 17.6173 17.4923
825 150 10000 5176 635 14 2 655 322 0.887354 0.914295 0.808075 0.351796 0.872462 0.894126 16.49 17.9963 16.7277 118.18 17.1798 16.8529
825 175 10000 5068 662 12 2 704 300 0.906982 0.905373 0.777793 0.593133 0.863716 0.906511 16.3518 17.4437 17.7862 21.6786 17.5215 16.9698
825 200 10000 5086 647 11 5 638 317 0.896663 0.935734 0.786595 0.822876 0.841892 0.8735 16.3378 16.6062 20.2398 27.6492 17.3087 16.7926
825 225 10000 5005 688 12 1 605 332 0.909074 0.903022 0.94644 2.57675 0.886832 0.879972 16.3369 17.3843 21.9098 76.7508 17.041 17.7151
825 250 10000 4994 699 6 0 586 271 0.902888 0.920825 2.03314 0 0.883862 0.918669 16.2812 18.3513 17.5575 0 17.11 16.6731
825 275 10000 4921 757 20 1 529 290 0.899402 0.931682 0.741697 1.95231 0.846491 0.913189 16.2285 16.6916 16.8684 18.6782 17.1518 16.737
825 300 10000 4759 772 16 1 491 277 0.916555 0.923155 0.703197 0.842196 0.893727 0.947564 16.1655 17.6035 18.2148 87.3364 17.4282 16.7356
825 325 10000 4658 834 14 2 471 277 0.920889 0.929899 0.67921 1.14772 0.858594 0.928167 16.121 16.867 16.9788 60.1656 17.3565 16.3538
825 350 10000 4526 863 8 3 433 260 0.919268 0.938289 0.624443 0.831279 0.897569 0.921853 16.0679 16.4566 15.8973 15.5423 16.6888 17.8377
825 375 10000 4382 939 15 2 365 261 0.92446 0.931486 0.853475 0.888504 0.892976 0.948521 16.0765 16.2234 18.0925 168.533 17.3925 18.3253
825 425 10000 3909 933 14 5 296 248 0.918407 0.939393 0.835396 0.771088 0.886419 0.901861 16.1456 15.6334 17.7898 29.5699 17.9486 16.0276
825 450 10000 3696 872 12 3 267 201 0.919367 0.952949 0.839576 1.10354 0.891586 0.94959 16.2083 16.2859 18.0173 31.1354 17.4815 16.8089
825 500 10000 2928 917 6 2 191 180 0.920293 0.928433 1.29006 0.886799 0.873075 0.911934 16.7698 15.3715 34.2702 104.127 18.196 17.7436
825 525 10000 2431 913 9 7 150 127 0.92004 0.90438 0.784225 0.539326 0.939526 0.966839 17.0522 15.7767 19.3335 56.5881 19.2291 15.8882
825 550 10000 1956 762 6 1 115 124 0.915733 0.91484 0.863113 1.71119 0.880687 0.92243 17.2882 15.495 21.1206 15.6205 21.2831 19.7883
825 575 10000 1482 675 2 2 95 112 0.900448 0.913408 0.975439 0.826195 0.932997 0.813214 17.8726 16.2542 43.3611 15.2755 23.7694 22.583
825 600 10000 1082 510 4 2 80 65 0.901143 0.906652 0.966968 1.17583 0.892598 1.0139 18.3428 18.1874 16.4861 39.7602 19.8845 19.4448
825 625 10000 756 399 2 3 56 53 0.930634 0.927817 0.561867 0.798502 0.933012 0.924523 18.911 17.9602 65.8747 33.9101 22.0865 20.1774
825 700 10000 311 104 1 0 33 24 0.85832 0.886329 1.27718 0 0.892087 0.906836 17.1578 19.0058 15.556 0 23.1452 21.9074
825 725 10000 188 57 1 0 14 4 0.925779 0.934548 0.796624 0 1.02606 0.705047 19.6324 23.1541 15.399 0 21.1331 58.8421
825 750 10000 131 26 2 1 16 4 0.872991 0.851884 0.923198 0.48209 0.845866 1.20924 19.6482 27.0749 51.8973 188.041 25.4766 36.002
850 50 10000 5123 572 7 0 797 354 0.877903 0.8776 1.11146 0 0.870992 0.838413 16.7855 17.3646 17.3844 0 17.5904 18.7869
850 100 10000 5124 589 14 2 824 358 0.894254 0.920752 0.772049 0.819531 0.843005 0.838843 16.6494 19.0223 19.8869 113.325 17.3331 18.4856
850 125 10000 5114 616 10 1 772 320 0.889497 0.897534 0.984216 1.55228 0.844983 0.882672 16.5944 17.105 16.808 16.314 17.7704 17.6106
850 225 10000 5099 636 11 2 631 330 0.903527 0.913102 0.764211 0.733023 0.867618 0.847022 16.3529 17.498 22.0489 57.9712 17.5802 17.1811
850 250 10000 5047 683 11 0 602 295 0.908152 0.907538 0.808631 0 0.883001 0.894114 16.2685 16.3536 16.8227 0 17.1286 17.1827
850 275 10000 5061 731 13 4 557 281 0.902324 0.916539 0.771969 0.990103 0.88644 0.873319 16.287 16.537 21.0301 28.5682 17.5224 16.8148
850 300 10000 4994 672 9 3 541 248 0.911157 0.949341 0.869974 0.517927 0.894568 0.862068 16.1823 16.5643 27.2258 16.7366 17.5825 21.6611
850 400 10000 4484 897 15 1 389 228 0.909986 0.938846 0.781362 1.28502 0.886767 0.883173 16.0733 15.7857 18.3322 60.0231 17.1147 17.9899
850 450 10000 3971 968 10 2 307 235 0.915225 0.91633 0.924754 0.765451 0.904281 0.921351 16.1877 15.6972 23.3063 103.346 17.6971 17.1964
850 500 10000 3373 890 7 2 218 208 0.921879 0.938746 1.09508 1.28339 0.878682 0.923808 16.388 15.4716 26.9191 67.6334 17.7819 16.7442
850 525 10000 2976 986 14 4 191 175 0.910082 0.921566 0.955279 0.778538 0.871713 0.975454 16.5858 15.6082 20.3076 36.676 16.9399 15.9985
850 575 10000 2062 800 3 4 111 115 0.905695 0.90602 0.831988 0.802235 0.96551 0.972472 17.2719 16.3248 66.3217 52.6374 18.6835 18.9144
850 625 10000 1086 505 3 2 82 74 0.879943 0.916327 0.952012 1.02275 0.837851 0.913273 18.5998 17.5083 31.5955 61.0046 22.1496 16.4952
850 650 10000 796 396 2 0 48 42 0.886966 0.87147 0.713373 0 1.00785 1.0155 19.1621 17.9089 15.7344 0 19.0111 20.9591
850 725 10000 312 73 4 0 32 24 0.901758 1.04289 0.99641 0 0.90124 0.652118 18.5448 19.778 22.4411 0 19.7258 28.9835
850 750 10000 199 45 2 0 25 9 0.872977 0.849223 0.656428 0 0.829136 0.882388 18.8152 23.3957 46.3224 0 22.3612 29.5888
850 800 10000 44 7 0 1 5 1 0.980692 1.02487 0 0.481812 1.32196 1.08618 25.354 31.4112 0 17.362 34.0943 107.625
875 50 10000 5198 548 6 1 884 354 0.873915 0.882768 1.0672 0.858558 0.82534 0.859928 16.8699 18.6974 19.0736 17.3473 17.6457 17.6251
875 125 10000 5321 536 9 1 764 338 0.879099 0.903199 0.913899 0.792184 0.859874 0.861469 16.6976 18.3972 17.578 17.2729 17.4396 17.6074
875 200 10000 5241 592 11 2 703 272 0.884556 0.919222 1.178 0.778799 0.879596 0.859081 16.526 17.4969 15.9506 57.3109 17.5186 20.2079
875 250 10000 5170 665 15 1 700 284 0.901414 0.890306 0.77709 0.805137 0.859119 0.859902 16.3913 17.0405 18.5741 101.43 17.2265 18.0369
875 275 10000 5142 625 9 1 623 289 0.904415 0.913436 0.896295 3.05992 0.860964 0.926701 16.3721 17.4611 19.8784 27.3879 17.2299 18.0246
875 300 10000 5094 683 16 5 615 275 0.906412 0.915781 0.934538 0.671011 0.877478 0.880466 16.2604 17.7216 25.6818 76.5512 17.1074 17.6436
875 375 10000 4803 801 15 1 446 257 0.913184 0.919442 0.887574 0.695717 0.901974 0.932521 16.1381 16.3341 17.4934 153.018 17.7325 17.0153
875 425 10000 4460 832 12 2 400 263 0.914934 0.953097 0.958796 0.830632 0.91462 0.877711 16.0489 16.2796 16.3111 15.1409 17.0822 16.0506
875 475 10000 4041 920 8 2 331 229 0.91929 0.942062 0.802762 0.721853 0.879472 0.92658 16.1188 15.8135 19.0484 49.6089 16.9786 16.2822
875 500 10000 3767 954 12 6 255 203 0.920413 0.936388 0.824073 0.868451 0.932767 0.924852 16.0558 15.8711 16.65 15.2637 18.1217 17.111
875 525 10000 3309 942 13 1 215 188 0.925721 0.930547 0.882542 0.846009 0.929408 0.963333 16.2344 15.7369 17.5324 101.487 17.8053 16.1027
875 575 10000 2593 845 11 3 175 148 0.905453 0.923273 1.03061 0.742175 0.875608 0.909806 16.9753 15.4677 15.9459 35.9716 18.9505 18.9352
875 600 10000 2055 812 6 4 116 142 0.90353 0.925802 0.812339 0.793066 0.965561 0.855702 17.0965 15.8874 20.842 29.4863 19.2292 16.9185
875 650 10000 1078 532 3 0 76 67 0.906224 0.908351 0.974885 0 0.93182 0.880779 18.1467 17.3074 61.8457 0 17.8702 20.2196
875 675 10000 743 384 2 2 51 63 0.920287 0.879262 0.489512 0.766496 0.998856 0.893129 18.23 17.9464 71.7935 47.1153 23.8665 21.8292
875 700 10000 545 258 1 0 41 37 0.887562 0.887088 1.34111 0 0.945247 0.972673 18.2621 17.5622 15.7062 0 19.2892 22.5965
875 725 10000 419 156 1 0 33 30 0.894907 0.864951 0.732784 0 0.909213 0.823255 18.2898 16.3606 15.9468 0 19.6368 25.6071
875 750 10000 283 96 2 0 36 15 0.938548 0.84605 0.7288 0 0.717188 0.828247 18.5341 22.8301 15.6612 0 18.5853 35.207
875 775 10000 202 68 0 0 17 7 0.957068 0.808724 0 0 0.889686 1.19516 18.8669 19.3367 0 0 24.6526 25.7327
875 800 10000 131 23 2 0 6 6 0.841871 0.843785 0.557522 0 1.12843 0.976066 20.8316 19.2551 16.9213 0 22.3668 36.05
875 825 10000 31 7 1 0 3 1 1.18259 0.68391 0.701105 0 1.18659 0.494952 23.0436 27.8282 97.1956 0 40.6416 113.278
900 50 10000 5251 483 13 0 907 333 0.863994 0.913965 0.736157 0 0.82806 0.866324 16.9972 18.853 17.6479 0 17.9637 18.0799
900 125 10000 5291 493 7 2 864 329 0.874083 0.90813 0.852205 1.18726 0.825087 0.895348 16.8054 17.9641 18.3866 49.5012 17.7171 18.3337
900 150 10000 5309 519 13 2 824 359 0.878299 0.929043 0.736282 1.03371 0.827428 0.805416 16.7351 18.2543 19.2271 36.3636 17.3857 17.9686
900 175 10000 5432 547 4 0 728 324 0.875666 0.905748 1.59522 0 0.854005 0.87242 16.6963 17.3191 17.2475 0 17.569 18.1289
900 200 10000 5306 572 9 3 750 311 0.878543 0.897971 0.967988 0.637014 0.857759 0.859542 16.647 18.1622 19.8893 38.4104 17.0907 17.6772
900 225 10000 5376 558 13 0 718 299 0.885021 0.922402 0.880731 0 0.854872 0.899618 16.5505 17.6382 16.3921 0 17.512 17.0559
900 250 10000 5309 617 8 5 679 337 0.887682 0.929631 0.995288 0.693997 0.868271 0.861985 16.4768 16.7502 21.5976 22.5055 17.3336 17.1299
900 275 10000 5346 602 9 0 664 274 0.891537 0.915629 0.962699 0 0.86002 0.902932 16.4526 17.0239 19.0572 0 17.1519 16.957
900 300 10000 5223 630 18 2 632 284 0.897265 0.93326 0.868146 0.761193 0.85944 0.921007 16.3129 16.8602 19.3933 63.5061 17.4431 17.8134
900 325 10000 5145 676 11 3 570 277 0.906404 0.925607 0.875958 1.02108 0.883047 0.867843 16.2594 17.2926 20.4158 82.1179 17.1877 18.0547
900 350 10000 5058 724 11 3 541 282 0.909571 0.931303 0.796942 0.756575 0.855777 0.880407 16.1994 17.3092 18.8275 38.3481 17.3676 16.5783
900 400 10000 4908 780 12 2 505 254 0.9139 0.926354 1.03166 0.833381 0.8976 0.906763 16.114 16.5972 18.2442 52.6815 17.0334 18.2834
900 425 10000 4698 782 7 5 444 283 0.914797 0.924452 0.913695 0.594144 0.904345 0.858158 16.1095 16.3978 19.0778 28.2981 17.2345 16.5892
900 450 10000 4521 846 13 5 345 275 0.915418 0.936588 0.751625 0.588423 0.900453 0.90062 16.1112 16.387 22.9903 52.1518 18.4347 16.4984
900 475 10000 4341 864 12 0 325 234 0.919103 0.932538 0.743131 0 0.9039 0.928795 16.0207 15.9189 19.5144 0 17.5657 16.8657
900 525 10000 3710 933 7 3 260 224 0.918933 0.922502 1.26384 0.727081 0.939147 0.882493 16.0809 15.5808 18.5843 41.8102 17.1929 17.1919
900 550 10000 3405 957 8 0 234 179 0.921538 0.916686 1.05977 0 0.913128 0.900566 16.3078 15.5483 18.3043 0 18.7997 16.2393
900 575 10000 3052 942 6 2 187 160 0.9129 0.933676 0.639664 0.872396 0.894145 0.926612 16.5287 15.7764 52.6954 15.4526 17.914 16.9331
900 600 10000 2557 874 15 3 129 132 0.903117 0.922347 0.866354 1.01537 0.927977 0.96153 17.011 15.7727 21.2319 42.4832 19.7075 17.7169
900 625 10000 2001 826 4 1 134 142 0.900293 0.913481 1.19307 1.42552 0.908766 0.91415 17.9374 16.3458 22.4957 16.4594 16.7746 17.0506
900 650 10000 1553 648 4 0 98 100 0.893711 0.900889 0.837187 0 0.951882 0.883308 18.0844 16.2651 15.5166 0 18.3141 17.7413
900 675 10000 1173 540 2 2 77 61 0.896363 0.920464 0.759202 0.733748 0.948528 0.868711 18.2896 16.8455 15.7005 101.164 23.2147 39.3953
900 700 10000 751 388 4 1 42 67 0.913681 0.930844 0.747563 0.922103 1.05679 0.789929 18.0352 17.7923 25.6637 14.6934 23.0213 20.0451
900 725 10000 520 223 0 0 48 35 0.882968 0.864359 0 0 1.00005 0.926589 19.542 20.6354 0 0 18.2682 21.5162
900 750 10000 399 125 2 0 33 24 0.942338 0.854987 0.740135 0 0.958397 0.846915 18.2046 20.1176 15.9178 0 19.2078 34.6611
900 775 10000 321 78 1 0 27 13 0.866284 0.857601 1.3746 0 0.835218 0.881677 17.6059 23.4861 62.1145 0 20.6416 26.3224
900 825 10000 109 32 0 0 10 5 0.877872 0.79543 0 0 0.78864 0.620861 20.3321 29.4949 0 0 19.7792 68.6273
900 850 10000 38 5 0 0 3 1 1.0424 0.865668 0 0 0.492905 0.859351 26.8974 78.6842 0 0 71.7261 23.6626
925 50 10000 5299 457 10 2 922 359 0.866513 0.901795 0.895257 0.831851 0.846937 0.839033 17.0432 18.4265 18.7286 72.71 17.7775 18.7
925 75 10000 5296 512 11 4 889 346 0.870366 0.875299 0.807804 0.809717 0.833458 0.815445 16.971 17.7274 20.1951 33.3805 17.8347 19.2131
925 125 10000 5460 519 5 0 847 315 0.862016 0.858 0.659796 0 0.844056 0.837696 16.9157 17.2674 17.8756 0 17.5442 17.6422
925 150 10000 5430 447 13 1 810 332 0.876832 0.92134 0.983855 0.423885 0.84773 0.868109 16.7914 18.6664 17.7914 202.494 17.9567 17.5082
925 200 10000 5377 498 10 1 772 305 0.881138 0.921865 0.949392 3.2385 0.872319 0.878803 16.6579 17.2369 16.8899 17.9751 17.6927 18.1612
925 225 10000 5433 538 12 2 760 270 0.884031 0.908749 0.737313 0.430077 0.853523 0.88727 16.6449 17.5888 21.2328 210.822 17.4011 17.2185
925 300 10000 5439 596 14 2 608 278 0.887396 0.935624 0.822969 0.741804 0.879207 0.867265 16.3641 17.4537 18.2254 75.5523 17.2833 17.4011
925 325 10000 5232 663 13 1 600 265 0.901656 0.908544 0.803378 1.60448 0.876974 0.898727 16.3299 16.738 16.2997 15.633 17.2743 17.5959
925 350 10000 5232 630 15 1 629 264 0.901109 0.923406 0.788562 1.08327 0.862425 0.913685 16.2277 16.4481 19.8172 103.685 17.1435 16.4746
925 375 10000 5138 696 9 0 539 265 0.906115 0.932998 1.29546 0 0.880039 0.922702 16.2049 16.4795 17.7989 0 17.0543 17.4708
925 425 10000 4888 822 12 0 465 254 0.909477 0.932408 1.09456 0 0.879137 0.886114 16.0851 16.772 20.4921 0 17.0858 16.5116
925 450 10000 4724 842 12 4 422 262 0.915449 0.925566 0.931518 0.731189 0.898002 0.917522 16.0293 16.4052 16.7833 18.1124 17.2472 18.2108
925 475 10000 4600 804 5 3 426 226 0.914241 0.941517 1.35032 0.804144 0.860697 0.988645 16.0735 16.3794 17.1045 40.8034 16.9345 16.9275
925 525 10000 4027 933 12 5 313 215 0.920268 0.942292 0.803688 0.787457 0.885225 0.915251 16.0319 15.7143 18.075 27.0555 16.9264 17.0672
925 550 10000 3781 947 12 1 294 195 0.925594 0.930026 0.948731 1.67444 0.87118 0.93906 16.0805 15.4896 15.5442 15.1486 17.3892 16.1597
925 575 10000 3477 931 13 3 216 186 0.921736 0.920491 0.899215 0.879641 0.896456 0.933723 16.2521 15.5485 19.7187 50.168 20.6074 16.0649
925 600 10000 2999 889 8 2 199 170 0.912927 0.942815 1.08921 0.811361 0.908011 0.910107 16.5587 15.5015 21.1767 109.05 18.2304 16.0722
925 625 10000 2605 920 4 2 148 162 0.909183 0.912606 0.956795 1.14835 0.940938 0.877906 16.6564 15.7882 24.5758 43.0062 18.4352 16.1586
925 700 10000 1105 532 2 0 66 67 0.910232 0.907249 0.70729 0 0.922899 0.900801 18.2837 18.1666 16.022 0 22.718 17.7691
925 725 10000 784 394 4 1 61 49 0.912004 0.905943 0.965133 1.61442 0.909783 0.882842 18.4259 17.562 26.1242 54.1048 20.7385 25.0868
925 750 10000 526 226 1 0 46 29 0.92477 0.945423 0.707621 0 0.823751 1.0513 18.6409 17.2602 16.0202 0 21.6331 25.2557
925 825 10000 182 52 3 1 13 9 0.889499 0.822274 0.717537 1.06102 0.95634 0.857728 19.2745 21.0867 34.8406 64.1214 20.6209 25.4524
925 850 10000 110 30 0 0 14 4 0.815121 0.70204 0 0 0.91376 0.771444 20.3374 18.8484 0 0 21.5188 19.4453
925 875 10000 39 8 0 0 3 2 0.926538 0.647604 0 0 0.607076 0.527702 22.4664 37.8681 0 0 29.2569 16.7137
950 50 10000 5368 450 11 1 884 348 0.857011 0.877975 0.835652 1.52815 0.817532 0.786872 17.2067 18.4294 17.1359 16.4898 18.0809 18.2684
950 75 10000 5369 437 10 0 962 362 0.861349 0.882742 0.730696 0 0.816884 0.846485 17.1121 17.9913 16.9352 0 18.07 19.3246
950 100 10000 5395 444 12 1 931 312 0.865746 0.86723 0.863892 0.693804 0.815047 0.812896 17.0091 18.0856 18.6583 19.1426 17.9572 17.8677
950 225 10000 5446 516 9 2 749 313 0.886054 0.911828 0.957963 1.09154 0.848128 0.860208 16.7291 17.838 17.1008 34.3744 17.5569 17.4997
950 275 10000 5448 548 12 0 689 292 0.893264 0.896305 0.756287 0 0.846319 0.897524 16.5796 17.2121 17.5362 0 17.3519 16.7727
950 300 10000 5464 557 17 1 700 262 0.884245 0.934225 0.909731 1.48123 0.853631 0.883199 16.498 17.6487 18.0425 17.1723 17.4008 17.3329
950 325 10000 5422 605 13 1 635 282 0.895435 0.914416 0.793807 0.834119 0.880098 0.857499 16.4787 16.6378 17.1216 154.202 17.3024 17.1648
950 350 10000 5353 608 16 2 605 264 0.894455 0.928663 0.947139 0.831505 0.893116 0.942053 16.3325 17.1246 17.7492 15.2031 17.2707 16.9602
950 425 10000 5052 725 18 2 491 259 0.911011 0.9189 0.778497 0.882568 0.880381 0.874564 16.1656 16.5744 17.8559 53.9928 16.8955 17.1656
950 475 10000 4899 750 7 0 425 228 0.913887 0.960053 0.959098 0 0.904108 0.927855 16.0392 16.4453 28.7649 0 17.3792 17.1341
950 500 10000 4570 848 10 2 413 234 0.925344 0.915707 0.888474 0.854275 0.879394 0.874303 16.0589 16.6473 31.0572 110.682 17.0152 16.5102
950 525 10000 4444 859 5 2 331 256 0.91312 0.93339 0.848856 0.842174 0.921143 0.90382 16.0482 16.472 16.6386 50.0823 18.4011 18.0834
950 550 10000 4167 906 13 5 296 212 0.923402 0.926692 0.824732 0.787776 0.914059 0.889992 16.0151 15.7948 23.3423 48.2587 16.4242 16.1993
950 575 10000 3754 913 10 6 263 224 0.91685 0.931597 1.22587 0.683055 0.910206 0.879831 16.2209 15.6382 17.3298 33.0355 17.1826 17.6237
950 625 10000 3065 944 8 2 175 185 0.929486 0.932245 0.957157 1.19896 0.856076 0.945051 16.5444 15.4801 21.7257 49.0862 18.9654 16.7932
950 650 10000 2577 882 7 2 125 135 0.91648 0.914069 0.927507 1.04263 0.946838 0.911149 16.9714 15.6171 18.6961 38.4279 18.471 17.4894
950 725 10000 1083 490 4 1 65 59 0.906019 0.943298 0.57602 1.54806 0.977586 1.00306 18.4983 18.3369 34.7153 48.8016 20.0484 26.3193
950 750 10000 745 363 1 2 47 42 0.885598 0.903122 1.53059 0.689753 0.914441 0.973187 19.1366 18.8622 15.64 15.5896 17.3341 21.3681
950 775 10000 558 242 1 2 55 39 0.9123 0.87727 0.438353 0.770371 0.858935 0.913463 17.7615 18.9454 20.3937 15.7049 20.3881 22.9961
950 825 10000 274 91 3 0 19 15 0.917603 0.909074 0.95933 0 1.07725 0.689979 18.7339 21.7378 15.9212 0 18.5134 36.8112
975 50 10000 5396 410 9 2 993 329 0.852671 0.875779 0.871547 0.599064 0.807078 0.786288 17.2108 17.7283 20.3566 77.1829 18.1063 18.8622
975 75 10000 5434 424 14 2 967 306 0.849786 0.882514 0.801849 1.05461 0.802845 0.816272 17.1733 17.7009 18.3402 59.9364 17.9344 19.5111
975 100 10000 5508 395 14 2 944 316 0.851587 0.923449 0.799619 0.408954 0.808937 0.839057 17.1613 18.8734 17.8114 195.669 17.827 18.5034
975 125 10000 5546 445 9 0 933 296 0.85582 0.872201 0.978354 0 0.833014 0.864773 17.1381 18.7906 17.3495 0 17.7799 17.9169
975 150 10000 5528 444 15 1 923 288 0.860347 0.880766 0.810892 0.792307 0.793127 0.832521 17.0275 18.4532 18.7882 101.464 17.9379 19.8367
975 200 10000 5627 461 11 1 801 320 0.860786 0.90121 0.934445 0.326578 0.845119 0.849689 16.8893 18.0811 25.1163 249.898 17.7826 17.6166
975 250 10000 5618 509 16 2 757 253 0.877374 0.896344 0.878928 0.354506 0.814714 0.854896 16.7185 17.8099 20.6088 137.445 17.5594 17.6343
975 275 10000 5563 511 9 1 744 287 0.888254 0.88084 0.717919 0.491091 0.863688 0.835435 16.6673 17.4397 21.5595 17.4373 17.627 17.5509
975 300 10000 5614 522 10 0 691 300 0.883838 0.910906 0.768772 0 0.853537 0.843659 16.5784 19.4003 18.8145 0 17.7215 17.2959
975 350 10000 5490 574 10 0 647 258 0.893534 0.93304 0.792341 0 0.865312 0.88938 16.4335 17.4775 19.0307 0 17.2516 17.0176
975 500 10000 4836 829 7 4 461 246 0.912561 0.917057 1.13284 0.756083 0.872544 0.922081 16.0769 16.2057 26.0406 33.6507 17.2925 16.5271
975 550 10000 4390 901 13 5 308 245 0.917031 0.927201 0.923924 0.818667 0.909389 0.872202 16.1295 16.3642 15.7819 26.1542 17.2221 16.7031
975 575 10000 4229 906 5 3 300 193 0.915745 0.939332 1.27164 0.843592 0.934004 0.954559 16.1137 15.8239 15.8055 15.1858 16.9291 16.4414
975 600 10000 3848 960 5 3 259 201 0.920019 0.933192 1.35305 0.853711 0.944366 0.903407 16.0994 15.8175 15.8066 35.8022 18.1833 17.4356
975 625 10000 3476 976 9 5 212 177 0.92368 0.911089 0.927691 0.82669 0.916249 0.955656 16.1847 15.3867 21.7848 31.7911 18.5232 16.6016
975 650 10000 3074 945 10 2 162 154 0.907426 0.914339 0.847452 0.820389 0.944473 0.884055 16.4648 15.6262 15.9151 15.9577 19.0693 17.1086
975 675 10000 2549 829 6 2 141 152 0.904786 0.935784 0.892233 1.1716 0.916876 0.966696 16.8684 15.9622 26.6569 39.3097 21.5833 15.9894
975 725 10000 1540 675 1 2 91 106 0.897432 0.904335 0.710665 1.14881 0.927698 0.89767 17.9275 16.5726 120.715 40.7559 20.0647 21.6933
975 800 10000 502 238 1 1 41 36 0.885612 0.887861 1.38402 0.838487 0.880668 0.879616 18.9147 18.9496 51.5385 101.141 20.1457 16.8679
975 825 10000 410 137 2 0 37 24 0.889204 0.911447 0.673185 0 0.861811 0.858512 18.3869 18.8043 53.6005 0 19.5748 17.6672
975 850 10000 326 96 2 0 24 13 0.878076 0.852672 1.0315 0 0.917348 0.807339 18.6512 18.4534 18.5303 0 18.9322 34.4168
975 875 10000 194 46 3 0 18 15 0.938311 0.918113 0.588665 0 0.861521 0.680938 17.9004 20.7624 16.4067 0 17.9862 27.8747
975 925 10000 44 4 1 0 3 1 0.919309 1.00402 0.331464 0 0.541497 0.901638 21.6612 24.132 17.2474 0 78.3337 77.0779
1000 50 10000 5347 415 9 0 1035 321 0.850422 0.864317 0.761784 0 0.795964 0.824228 17.3043 17.8726 19.4007 0 18.4461 19.1356
1000 75 10000 5439 392 10 1 993 335 0.856893 0.873552 1.17873 0.786263 0.798376 0.826609 17.2977 18.1614 18.4182 20.07 18.2304 19.2961
1000 100 10000 5481 387 9 0 974 358 0.85349 0.849481 1.00678 0 0.784784 0.80246 17.2228 19.0058 21.1095 0 18.2757 18.0933
1000 150 10000 5525 410 7 1 871 308 0.869925 0.87091 0.797077 0.830356 0.833769 0.830278 17.1296 18.1301 17.6433 18.1311 17.9695 18.0775
1000 175 10000 5587 466 18 1 919 277 0.856378 0.863301 0.866643 1.57012 0.803582 0.810695 17.1151 18.3991 17.2178 107.888 17.6782 17.604
1000 200 10000 5616 475 8 1 853 270 0.872054 0.847672 0.802495 0.614148 0.807854 0.903579 16.998 18.0376 21.0314 140.81 17.9396 19.5668
1000 225 10000 5701 423 21 0 782 284 0.866787 0.888839 0.675229 0 0.841519 0.832296 16.8954 19.3424 19.3066 0 17.6572 18.3357
1000 250 10000 5681 443 8 1 770 267 0.877762 0.909199 0.782146 0.81583 0.826212 0.854241 16.849 17.6748 17.2754 15.3165 17.7545 18.8894
1000 275 10000 5678 470 9 0 732 313 0.871745 0.927019 0.984124 0 0.845777 0.839927 16.8001 19.099 19.166 0 17.4801 17.3224
1000 300 10000 5542 496 20 0 768 264 0.890887 0.905903 0.806116 0 0.825106 0.899881 16.6597 17.4915 17.7557 0 17.5459 18.5401
1000 325 10000 5559 533 16 1 705 268 0.895812 0.915478 0.830412 0.748727 0.856859 0.854667 16.6218 18.002 17.84 143.306 17.6524 17.6295
1000 425 10000 5377 594 10 3 577 269 0.898346 0.938029 0.975046 0.83302 0.885587 0.891304 16.3508 17.7366 17.7405 35.9835 17.0635 16.8808
1000 450 10000 5285 659 17 1 522 263 0.908531 0.931281 0.834539 1.32125 0.873741 0.900184 16.2745 17.5097 17.8729 38.7558 17.1866 16.4591
1000 475 10000 5180 685 10 0 520 273 0.902144 0.93627 0.92212 0 0.896039 0.886046 16.1466 16.3144 17.3004 0 16.6669 16.5964
1000 500 10000 5120 736 12 2 444 221 0.908775 0.931099 0.815913 1.23594 0.878705 0.937379 16.1404 16.6383 21.014 48.1725 16.7825 16.9045
1000 550 10000 4732 778 13 4 362 243 0.920553 0.912769 0.869545 0.761283 0.895472 0.904707 16.0475 15.9297 19.0476 41.4878 17.5039 16.7398
1000 675 10000 3128 917 6 3 172 178 0.922086 0.925956 1.00483 0.839089 0.910607 0.894088 16.4845 15.4005 21.4888 36.7318 18.2393 17.1918
1000 725 10000 2010 740 5 5 111 142 0.916712 0.927157 0.79891 0.76396 0.916122 0.920274 17.6623 15.5897 47.4737 44.6571 20.2899 16.7212
1000 775 10000 1142 511 2 4 57 78 0.907058 0.91153 0.641572 0.771926 0.86106 0.901328 18.2779 17.8216 145.071 63.1028 20.5112 23.103
1000 800 10000 741 314 1 2 46 38 0.912995 0.916567 0.862717 0.726501 0.926579 0.923675 18.2737 19.4743 15.0923 15.9939 28.2175 17.4334
1000 825 10000 534 216 0 2 36 42 0.914437 0.875882 0 1.02625 0.858265 0.879322 18.3383 19.2475 0 74.7056 17.3836 28.7573
1000 875 10000 288 91 1 0 21 14 0.916063 0.859661 0.71254 0 1.01704 0.910521 18.0102 17.4259 16.0243 0 24.9005 32.7005
1000 950 10000 36 4 0 0 6 0 0.90753 0.830316 0 0 0.672989 0 22.3063 25.7606 0 0 24.8337 0
1025 50 10000 5471 354 20 1 1026 299 0.835867 0.864699 0.694029 0.360237 0.808359 0.792367 17.5153 19.2885 20.6714 72.6378 18.4666 18.5883
1025 75 10000 5548 371 16 1 1009 294 0.838324 0.835323 0.707832 0 0.788701 0.815572 17.4335 21.5863 19.9199 8.51886e+07 18.4837 18.6439
1025 100 10000 5555 384 8 0 945 313 0.837121 0.864786 0.766267 0 0.812759 0.781184 17.3462 18.2372 22.7167 0 18.2101 19.5653
1025 150 10000 5703 376 6 0 960 273 0.849029 0.8838 0.820754 0 0.803801 0.795748 17.231 18.5896 18.1543 0 17.9511 20.1559
1025 200 10000 5642 408 10 1 876 289 0.854891 0.898096 0.771282 0.818204 0.823329 0.812588 17.1455 18.0174 18.1888 16.7636 17.7962 18.0795
1025 225 10000 5593 443 13 2 849 310 0.864587 0.881959 0.82147 0.55152 0.805304 0.823585 17.0293 19.0262 19.452 20.8172 17.9416 17.814
1025 250 10000 5738 438 13 2 778 289 0.87193 0.867433 0.872572 0.413055 0.845876 0.815208 16.9555 17.589 19.375 98.7884 17.5521 17.8437
1025 300 10000 5653 477 13 1 748 282 0.877047 0.890224 0.74617 0.82382 0.843795 0.878078 16.834 18.0327 18.0187 15.3188 17.3888 17.45
1025 325 10000 5715 503 19 0 724 245 0.877806 0.901824 0.823405 0 0.849833 0.870548 16.7516 17.2336 17.9676 0 17.2721 17.4949
1025 375 10000 5641 515 14 0 689 259 0.887455 0.94145 0.861037 0 0.859632 0.864776 16.5174 17.2913 18.3965 0 17.5346 18.1605
1025 400 10000 5575 590 17 4 617 263 0.88765 0.89887 0.751541 0.8639 0.884231 0.920873 16.4556 17.3792 16.4409 18.1016 17.0573 17.1719
1025 450 10000 5419 587 21 0 564 255 0.899483 0.947076 0.799644 0 0.879679 0.853079 16.3031 18.3273 16.9808 0 17.2709 16.9294
1025 500 10000 5270 714 7 2 464 273 0.906541 0.931595 0.929011 1.07736 0.90949 0.872207 16.1839 16.47 17.0015 34.6889 17.1455 18.0779
1025 525 10000 5122 719 12 1 447 215 0.906496 0.909897 0.879155 1.571 0.889804 0.8582 16.1318 16.1856 17.8447 70.4043 17.4772 17.0163
1025 550 10000 4960 758 12 0 418 221 0.917798 0.922942 0.744493 0 0.87937 0.924926 16.0198 15.7898 16.127 0 17.69 16.8869
1025 575 10000 4754 790 11 0 374 221 0.909035 0.932149 0.951454 0 0.894304 0.915054 16.0244 16.1569 15.8117 0 16.8099 16.3743
1025 600 10000 4451 834 11 3 333 216 0.91984 0.928032 0.923116 0.900381 0.904941 0.918891 16.0607 16.4191 17.8213 47.3683 17.1423 16.3713
1025 700 10000 3070 916 6 3 171 187 0.914197 0.931656 0.735891 1.00045 0.895783 0.892983 16.5117 15.5202 38.0432 37.9088 18.5504 16.9542
1025 725 10000 2626 875 5 3 134 137 0.90842 0.931375 0.988397 0.798251 0.85784 0.957098 16.8426 15.5428 21.3164 15.7873 19.7326 16.0295
1025 775 10000 1552 645 8 1 90 91 0.913165 0.917037 1.07684 0.84493 0.895625 0.93145 17.7744 16.4613 16.4536 15.1931 20.9378 18.3705
1025 825 10000 718 381 3 3 59 53 0.90409 0.884491 0.831317 0.748331 0.964135 0.846966 18.3124 17.8159 15.2592 27.3088 17.8438 18.3911
1025 875 10000 383 140 1 1 23 25 0.906299 0.867846 1.51048 0.76657 1.0374 0.960479 18.0661 18.3788 53.6167 101.201 26.1249 17.8309
1025 900 10000 292 75 0 1 23 13 0.879402 0.876282 0 1.46337 0.924086 0.828753 17.4186 24.526 0 15.6919 26.0303 18.5721
1050 75 10000 5594 383 10 0 1002 328 0.833652 0.839203 1.01887 0 0.784842 0.787654 17.4964 19.5706 19.9023 0 18.5156 19.8059
1050 100 10000 5550 373 12 0 1023 309 0.840461 0.831812 0.962758 0 0.790549 0.831342 17.3869 19.0388 19.6179 0 18.3486 18.3116
1050 125 10000 5531 365 16 0 993 328 0.854548 0.846184 0.768005 0 0.796954 0.785768 17.3874 19.6884 18.2408 0 18.3045 18.6123
1050 150 10000 5560 382 10 2 977 289 0.847767 0.852921 0.750279 1.83282 0.813934 0.80948 17.371 18.9922 21.2291 49.9194 18.1334 18.1738
1050 225 10000 5712 395 16 0 917 271 0.859744 0.901169 0.95219 0 0.812264 0.847309 17.1662 18.3866 17.4752 0 17.9553 18.0156
1050 275 10000 5622 459 15 1 825 317 0.869116 0.873106 0.79912 0.792015 0.830489 0.870593 16.9417 18.2046 18.151 101.466 18.0548 18.6839
1050 325 10000 5759 459 13 0 726 275 0.870649 0.854079 0.878371 0 0.848107 0.878564 16.8106 18.0234 17.7578 0 17.4615 17.9804
1050 350 10000 5710 455 16 3 707 252 0.884978 0.899013 0.818762 0.805191 0.850947 0.831712 16.7327 17.4135 17.5405 15.9975 17.5848 19.0103
1050 400 10000 5575 559 10 0 718 273 0.891295 0.888376 0.7798 0 0.822888 0.886516 16.5543 17.0541 19.8681 0 17.2415 17.4824
1050 425 10000 5584 553 18 1 653 246 0.894685 0.903568 0.813513 0.794885 0.859475 0.902467 16.4779 17.1038 17.1251 15.421 17.0211 17.7455
1050 450 10000 5488 549 18 2 596 267 0.903447 0.966657 0.84628 0.789177 0.873618 0.889372 16.3708 17.131 18.5407 54.8179 17.5343 17.1327
1050 475 10000 5496 619 5 3 522 233 0.905255 0.916426 0.932838 1.11421 0.881169 0.901475 16.2994 17.6381 26.0859 33.0717 16.9119 17.1136
1050 500 10000 5300 704 13 1 508 237 0.912271 0.930283 0.940266 1.68285 0.881676 0.897493 16.1873 16.6765 18.0546 51.3284 16.8457 16.2576
1050 550 10000 5131 735 6 1 455 239 0.912199 0.949467 0.792637 0.815454 0.885695 0.904911 16.1116 16.5077 16.9117 16.8069 17.0835 17.3069
1050 575 10000 4993 763 10 1 420 236 0.906614 0.929249 0.83481 0.813424 0.887461 0.906097 16.0382 15.9199 17.2038 16.8508 17.3032 16.4383
1050 625 10000 4470 855 7 3 333 216 0.923581 0.940145 1.13754 0.842323 0.891878 0.888608 16 16.0163 22.4982 70.1522 16.7765 16.0679
1050 650 10000 4283 871 15 1 317 225 0.916277 0.937248 0.749294 1.67116 0.868821 0.914664 16.1156 15.8685 17.1542 47.6298 17.6059 17.1765
1050 675 10000 3951 880 8 1 239 191 0.916796 0.913904 0.935031 1.5614 0.959321 0.917396 16.0723 15.5824 18.4602 47.4769 17.2124 18.383
1050 700 10000 3563 966 4 3 204 190 0.922481 0.913383 1.12935 1.0758 0.914457 0.877872 16.2915 15.5513 23.1617 15.626 17.6718 16.9119
1050 750 10000 2583 854 1 0 128 139 0.923204 0.921354 1.38062 0 0.965341 0.919419 16.9434 15.5074 45.9036 0 19.2955 18.7067
1050 800 10000 1602 659 5 1 73 87 0.895067 0.913087 0.765261 1.68364 0.919092 0.900599 17.7215 16.5297 15.6051 56.5315 23.5592 18.9754
1050 850 10000 756 367 1 0 50 49 0.89144 0.882621 1.51882 0 0.889303 0.937222 18.5844 16.7682 52.3855 0 19.4722 20.844
1050 875 10000 522 209 4 1 45 31 0.906072 0.917033 0.970868 0.863056 0.946428 0.850544 17.6099 18.0692 15.6216 101.132 20.8729 17.5895
1050 925 10000 273 72 2 0 23 16 0.891554 0.914857 0.711218 0 0.90249 0.742867 18.8241 25.1995 16.1172 0 20.5035 22.3703
1050 950 10000 188 33 1 0 12 6 0.866751 0.806073 0.617434 0 1.01345 1.09227 18.3848 37.522 25.9803 0 30.2596 37.9769
1050 975 10000 90 16 0 0 10 1 0.908549 1.01489 0 0 0.797364 0.97746 20.135 26.3392 0 0 23.6176 68.7651
1075 50 10000 5636 320 14 1 1063 325 0.821941 0.858264 0.62951 1.39361 0.772454 0.768871 17.6666 20.6535 25.3144 17.7536 18.5861 19.2349
1075 100 10000 5580 353 7 0 1031 269 0.834755 0.828769 0.698961 0 0.775065 0.774525 17.6055 18.4118 18.1899 0 18.4858 20.1611
1075 150 10000 5808 337 11 0 974 280 0.836473 0.850642 0.966284 0 0.794243 0.812042 17.455 18.8286 18.9375 0 18.2174 19.6068
1075 175 10000 5662 382 10 0 935 295 0.843793 0.860188 0.866682 0 0.803153 0.81372 17.437 19.3484 17.27 0 18.1711 18.2469
1075 200 10000 5701 370 14 0 946 283 0.850683 0.82325 0.816586 0 0.783279 0.812269 17.346 18.6687 22.8042 0 18.2826 18.6096
1075 225 10000 5739 375 10 0 880 296 0.849408 0.948224 0.803677 0 0.822467 0.774226 17.232 18.6015 17.5308 0 17.9322 18.0516
1075 250 10000 5825 376 13 2 882 292 0.848128 0.889584 0.824966 0.753578 0.812966 0.826529 17.1588 18.1677 19.9943 22.1765 17.9392 19.8668
1075 300 10000 5744 425 10 1 844 267 0.86619 0.894472 1.26366 0.827882 0.821736 0.83984 17.0294 18.7835 16.7774 15.2596 17.647 17.4956
1075 375 10000 5829 466 13 1 722 250 0.877838 0.908713 0.901395 0.77505 0.833132 0.860556 16.7043 19.6981 19.7028 114.994 17.4727 18.1358
1075 450 10000 5701 498 12 2 627 259 0.89196 0.907607 1.01636 0.807003 0.845925 0.849758 16.4714 17.6168 16.9736 17.5567 17.0615 17.0832
1075 475 10000 5510 585 5 2 636 268 0.895877 0.897945 0.784521 0.836159 0.875144 0.886905 16.4378 17.2849 16.0262 68.4749 17.7685 18.1804
1075 500 10000 5466 572 11 2 565 291 0.899111 0.928731 0.847608 0.879258 0.869086 0.867237 16.2853 16.639 18.5496 72.3161 17.2857 17.0699
1075 525 10000 5467 614 16 1 547 217 0.896084 0.94875 0.944848 0.746739 0.870972 0.915768 16.2294 17.1829 17.1741 21.0743 16.9505 17.9081
1075 650 10000 4580 828 17 3 339 211 0.911393 0.949625 0.76356 0.681862 0.893797 0.913575 15.9779 15.9184 17.0882 21.7448 17.2815 17.3034
1075 675 10000 4244 892 13 0 290 197 0.915464 0.945104 0.829065 0 0.935181 0.952448 15.9949 15.5282 16.5881 0 18.0106 16.5639
1075 700 10000 3958 904 15 0 263 223 0.925183 0.924525 0.776865 0 0.878279 0.869167 16.1512 15.4893 22.3553 0 17.5162 15.9358
1075 725 10000 3557 898 14 2 233 161 0.923383 0.932712 0.845307 0.823792 0.888958 0.968207 16.3574 15.7728 17.9558 15.2481 16.9595 17.6327
1075 775 10000 2616 840 7 5 152 141 0.916731 0.938454 1.13782 0.774009 0.881562 0.920006 16.6978 15.6479 33.3732 46.8471 19.6465 16.1781
1075 800 10000 2072 788 5 3 104 118 0.918826 0.923251 0.76622 0.795835 0.937783 0.937021 17.6222 16.0836 15.4972 16.5191 19.0958 17.2467
1075 850 10000 1074 512 4 0 69 66 0.920104 0.902587 0.96556 0 0.861733 0.891534 18.2698 17.7928 15.5961 0 18.3731 23.4838
1075 875 10000 759 348 4 0 37 56 0.892503 0.892905 0.806347 0 1.02267 0.922985 18.9892 17.5833 30.0568 0 22.8277 21.4608
1075 925 10000 398 133 2 0 28 19 0.893801 0.83516 0.607482 0 0.807174 0.915474 17.9758 20.3828 46.9181 0 24.2001 37.5142
1075 950 10000 247 59 0 0 16 9 0.870451 0.901659 0 0 0.859451 0.978577 18.8116 21.2886 0 0 25.1764 44.003
1075 975 10000 187 42 0 0 18 7 0.88193 0.895001 0 0 0.908596 0.738894 20.6155 17.8696 0 0 19.389 31.659
1075 1025 10000 27 1 0 0 2 1 0.885071 1.85865 0 0 1.35565 0.872373 22.4263 61.274 0 0 26.3043 17.2419
1100 100 10000 5668 321 12 0 1025 273 0.821405 0.852259 0.893072 0 0.769823 0.823283 17.6485 19.9665 18.9209 0 18.5322 20.3665
1100 125 10000 5708 294 16 2 1050 264 0.829161 0.870412 0.768096 1.10073 0.78741 0.795437 17.6801 19.1351 19.2597 42.8119 18.581 21.458
1100 150 10000 5632 352 12 0 1073 285 0.838395 0.902232 0.796779 0 0.76668 0.810645 17.4656 18.5549 18.4033 0 18.383 18.4064
1100 200 10000 5727 351 8 0 976 276 0.840978 0.867162 0.840117 0 0.778253 0.788139 17.4551 17.7884 16.649 0 18.4134 18.9225
1100 225 10000 5804 353 14 0 953 252 0.845674 0.848346 0.63876 0 0.786841 0.797451 17.3394 20.4385 21.2275 0 18.2918 19.4451
1100 300 10000 5785 408 19 2 862 291 0.859613 0.879919 0.735513 1.16356 0.793098 0.860901 17.1091 18.6957 22.5464 75.6736 17.6584 18.099
1100 375 10000 5857 443 17 0 763 270 0.864192 0.893162 0.803386 0 0.839005 0.847532 16.8163 17.5395 18.221 0 17.2455 17.8388
1100 400 10000 5732 414 12 1 771 253 0.87907 0.941739 0.916136 0.818057 0.831503 0.816978 16.715 18.0442 18.0095 143.138 17.6607 20.3503
1100 425 10000 5787 488 14 3 708 239 0.878052 0.896588 0.78217 0.550854 0.872945 0.850558 16.7125 17.9922 19.9944 18.4657 17.3851 17.3769
1100 450 10000 5696 497 10 1 690 250 0.882048 0.906932 1.03853 0.811706 0.837604 0.885823 16.5794 17.9542 16.2315 16.8595 17.5308 17.7384
1100 475 10000 5615 493 12 2 642 267 0.892033 0.945345 0.722976 0.836303 0.86598 0.843764 16.4871 16.8455 19.8148 50.8313 17.3007 17.5663
1100 525 10000 5556 589 8 1 574 258 0.897274 0.922767 1.09452 0.925578 0.853666 0.913729 16.3317 16.7327 17.6803 14.6763 17.3293 17.7147
1100 550 10000 5355 604 21 2 540 253 0.906456 0.931552 0.695954 1.58679 0.877474 0.896156 16.2631 16.5892 20.8668 32.1835 17.2951 17.7883
1100 600 10000 5224 678 19 4 459 227 0.90664 0.949647 0.82786 1.40907 0.872226 0.930583 16.1166 16.6123 16.8943 21.5979 17.0098 16.7336
1100 625 10000 5008 751 12 1 428 228 0.916368 0.964256 0.930326 1.51287 0.886873 0.917736 16.052 16.0211 16.9503 57.0376 16.5855 16.431
1100 650 10000 4835 778 18 6 407 240 0.914478 0.947918 0.84487 0.756112 0.893419 0.910628 16.0209 16.1164 17.3056 37.0334 17.4584 17.2354
1100 675 10000 4535 828 9 2 333 210 0.922831 0.951967 1.08248 0.788446 0.903267 0.907134 16.0837 15.9775 17.7263 55.2482 17.1683 17.1795
1100 700 10000 4308 866 13 5 308 207 0.914169 0.915605 0.797051 0.896248 0.895357 0.93239 16.0131 15.7471 18.3043 22.2928 17.427 16.1964
1100 725 10000 3924 864 9 4 223 191 0.920632 0.951042 0.733693 0.526896 0.977058 0.904058 16.1574 15.523 18.1506 30.9907 18.1414 17.5774
1100 750 10000 3553 917 15 3 227 180 0.916471 0.930842 0.678976 1.05227 0.908068 0.917989 16.3677 15.4678 19.8425 60.117 18.7829 16.2276
1100 775 10000 3111 866 7 9 175 160 0.9046 0.930142 1.06779 0.788482 0.900887 0.931892 16.4894 15.7626 23.2546 32.2602 17.8321 16.1568
1100 850 10000 1601 681 8 1 86 99 0.887903 0.911545 0.779042 0.794623 0.935754 0.947074 18.2449 16.4972 19.0101 102.667 20.7051 18.5381
1100 875 10000 1091 484 5 2 66 66 0.893054 0.870622 0.692272 1.57228 0.957196 0.893486 18.095 17.7201 16.3676 25.9819 18.4425 18.8596
1100 925 10000 488 211 3 0 44 25 0.890208 0.906535 0.732652 0 0.86072 0.9478 19.1856 19.0204 15.7656 0 18.6241 25.4601
1100 950 10000 335 129 3 2 32 17 0.918952 0.82887 0.747618 0.711076 0.858006 0.874622 17.358 22.0329 67.8405 60.4755 16.9615 27.0031
1100 975 10000 271 75 1 0 18 12 0.859853 0.839071 0.838773 0 0.889301 0.820623 18.9611 23.7247 15.1974 0 18.8169 18.428
1100 1000 10000 189 31 2 0 8 11 0.857337 0.814535 0.959361 0 0.795377 0.802991 17.7709 20.527 19.3333 0 59.1899 24.0798
1100 1050 10000 30 2 0 0 2 1 1.10511 0.847095 0 0 1.10175 0.708419 20.993 92.1482 0 0 50.6833 101.334
1125 50 10000 5539 296 14 0 1118 327 0.823228 0.863041 0.926876 0 0.757848 0.768597 17.8327 19.2943 19.2437 0 18.6891 19.0933
1125 100 10000 5676 296 12 1 1100 283 0.819308 0.819012 0.842242 1.71606 0.756326 0.795751 17.8031 19.9692 19.7289 15.9762 18.5339 18.7501
1125 150 10000 5752 302 14 0 987 252 0.829965 0.868933 0.744433 0 0.771073 0.814672 17.7226 19.6341 20.2313 0 18.6676 19.8933
1125 225 10000 5835 342 18 0 903 278 0.837532 0.845627 0.763195 0 0.789457 0.798053 17.4479 17.8452 18.3535 0 18.3722 18.6897
1125 250 10000 5849 340 12 1 924 272 0.841518 0.852157 1.14626 0.658307 0.801467 0.772887 17.356 18.3572 17.8762 20.6013 17.9841 19.8605
1125 300 10000 5802 358 9 1 879 262 0.849542 0.888244 0.981161 0 0.820526 0.769306 17.1388 18.7384 16.542 200.51 17.8982 18.1914
1125 350 10000 5830 389 17 0 832 270 0.862381 0.880723 0.903056 0 0.833581 0.849244 17.0565 18.8617 18.0056 0 17.7214 19.1095
1125 375 10000 5851 439 13 2 762 285 0.864475 0.886464 0.902764 0.812318 0.818175 0.835358 16.9206 17.1674 17.0902 17.1572 17.5402 17.7176
1125 425 10000 5881 460 12 1 705 249 0.875989 0.901447 0.623861 1.56167 0.835348 0.875092 16.7623 16.9352 23.7159 68.9273 17.4468 17.8156
1125 450 10000 5843 491 14 0 670 264 0.88091 0.900204 0.882203 0 0.870896 0.905043 16.6923 18.1067 18.2526 0 17.2311 18.0039
1125 475 10000 5775 456 10 4 641 226 0.88741 0.920507 0.923342 0.736361 0.859596 0.934144 16.5589 18.3384 19.6426 52.7012 17.3461 17.8342
1125 500 10000 5666 478 12 1 636 287 0.889747 0.923982 0.885425 0.428214 0.869726 0.864462 16.5371 17.2416 18.9688 213.356 17.202 16.7961
1125 525 10000 5715 566 11 2 544 221 0.888441 0.91766 0.830605 0.81456 0.871008 0.941766 16.418 16.8217 18.3644 16.1776 17.0796 18.003
1125 550 10000 5539 577 11 2 588 238 0.901039 0.947671 1.00272 0.845187 0.869321 0.919569 16.3108 16.6628 16.1406 15.7586 16.9531 16.4502
1125 575 10000 5487 629 13 1 559 245 0.901856 0.943511 0.801758 0.84493 0.866953 0.911206 16.2308 16.9442 18.6059 15.1931 16.9622 16.6755
1125 600 10000 5444 656 12 1 513 227 0.906511 0.95762 0.890934 0.780912 0.8766 0.926465 16.127 16.3339 18.3511 25.6311 17.407 17.7588
1125 650 10000 5081 717 10 3 402 228 0.906668 0.938364 1.04422 0.886771 0.904519 0.898168 16.0734 15.8761 22.2572 45.3325 17.0462 16.3464
1125 700 10000 4577 811 16 4 334 213 0.917188 0.942368 0.925519 0.597652 0.885935 0.935605 16.0242 16.2483 17.0982 44.8755 17.63 16.2482
1125 825 10000 2634 833 6 1 133 134 0.917174 0.927387 0.883133 0.835162 0.945171 0.886171 16.8841 15.6394 20.8583 224.029 18.7972 18.577
1125 875 10000 1605 656 0 1 78 80 0.879486 0.907151 0 0.75356 0.975257 0.919515 18.7531 15.9174 0 16.1796 18.5136 23.05
1125 925 10000 728 371 5 1 35 46 0.903316 0.84076 0.604395 1.54937 0.946822 0.839403 18.2359 19.9263 35.1388 72.4741 19.7367 27.1089
1125 950 10000 467 218 1 0 32 29 0.93433 0.906228 0.73137 0 0.989243 0.987526 18.508 20.0389 15.9407 0 18.5581 28.4925
1125 975 10000 374 121 3 1 26 17 0.893119 0.830611 0.386835 0.93056 0.885681 0.86013 17.4003 23.4929 70.6123 14.6485 18.2713 25.14
1125 1000 10000 272 76 1 0 23 11 0.851356 0.848238 1.39013 0 0.94796 0.795681 19.0402 17.0663 87.32 0 22.3108 21.3406
1150 50 10000 5619 298 16 0 1083 300 0.810719 0.777868 0.691651 0 0.748616 0.743567 17.9217 18.8045 19.2703 0 18.8653 21.0116
1150 75 10000 5708 282 7 0 1109 304 0.808465 0.809216 1.10223 0 0.725809 0.791248 17.9415 21.5004 22.4014 0 18.9249 19.0676
1150 100 10000 5629 285 12 1 1080 303 0.81641 0.830071 0.784534 0.711132 0.748676 0.73486 17.8865 21.7879 19.1407 16.022 18.7711 19.5723
1150 125 10000 5736 285 8 2 1060 298 0.825183 0.853805 0.801399 0.720014 0.739386 0.739939 17.8449 18.4462 20.5022 57.3633 18.7787 19.9998
1150 150 10000 5726 300 11 2 1036 261 0.830262 0.864697 0.847312 0.33459 0.754524 0.778574 17.7072 18.2022 19.0552 20.1672 18.6553 18.9651
1150 200 10000 5942 266 9 1 976 271 0.815018 0.895855 0.805761 1.52512 0.796321 0.755055 17.6858 21.4823 20.1849 72.7533 18.4965 21.4803
1150 225 10000 5820 320 12 0 959 252 0.836123 0.836284 1.00835 0 0.792599 0.79248 17.5694 18.5215 17.8828 0 18.3864 18.9181
1150 250 10000 5917 337 10 0 911 249 0.838289 0.885308 1.17543 0 0.806956 0.768408 17.54 19.7521 19.6855 0 18.5546 21.7262
1150 275 10000 5755 312 9 0 956 296 0.841698 0.899378 0.90198 0 0.816941 0.779347 17.3922 17.8892 20.7807 0 18.0328 18.8187
1150 300 10000 5966 375 11 3 889 252 0.841245 0.862471 0.769584 0.776125 0.793171 0.8112 17.2896 17.8658 19.093 39.9726 18.0485 17.9045
1150 325 10000 5884 356 14 1 907 264 0.849905 0.887177 0.762918 0.905737 0.796347 0.812865 17.276 18.6333 17.3915 15.2963 18.0864 18.8729
1150 350 10000 5800 372 13 4 859 288 0.856274 0.885499 0.673215 0.737735 0.820749 0.808639 17.1466 20.3619 25.0318 39.0441 17.9634 18.795
1150 400 10000 5940 403 10 0 789 238 0.864351 0.891917 0.886611 0 0.812978 0.881984 16.9146 17.1995 18.0131 0 17.479 17.7976
1150 425 10000 5930 425 9 2 738 247 0.86968 0.901288 0.818718 0.862921 0.835543 0.844926 16.8726 17.7873 27.2477 54.8568 17.5692 17.4747
1150 450 10000 5859 463 20 0 754 266 0.872128 0.875958 0.840911 0 0.833297 0.81232 16.7579 17.835 18.5895 0 17.1796 18.3626
1150 475 10000 5800 490 12 3 686 261 0.876717 0.888578 1.03854 0.874558 0.847357 0.855338 16.66 18.1983 21.2443 68.9342 17.522 17.2442
1150 600 10000 5541 601 10 0 488 234 0.896975 0.930682 0.820146 0 0.893836 0.919129 16.2051 17.0082 19.3153 0 17.1479 16.9575
1150 625 10000 5372 651 9 3 468 253 0.909674 0.969316 0.957642 0.887828 0.871129 0.877863 16.1679 16.9065 20.2947 37.6749 17.5313 16.3756
1150 650 10000 5271 671 16 2 438 213 0.904234 0.961339 0.816008 1.18988 0.890775 0.894415 16.1274 17.4036 17.4586 53.2194 17.0781 17.3073
1150 675 10000 5039 747 10 2 426 207 0.919222 0.950294 0.822884 0.797878 0.876257 0.904552 16.0787 16.5157 20.6386 56.4182 16.7502 16.3233
1150 700 10000 4848 794 10 0 349 206 0.915984 0.942187 0.802418 0 0.905951 0.921178 16.0266 16.545 16.2918 0 16.5415 16.479
1150 725 10000 4585 866 13 0 347 204 0.918023 0.939591 0.71662 0 0.884267 0.969484 16.1042 16.5795 20.9314 0 17.2675 17.3483
1150 750 10000 4346 817 16 4 261 200 0.920372 0.933923 0.86488 0.579944 0.966948 0.912952 16.0172 15.9462 17.3661 56.8155 17.7323 16.2804
1150 775 10000 4067 918 13 1 249 201 0.918602 0.933223 0.813495 0.787958 0.852609 0.944005 16.0832 15.5945 16.0705 143.885 17.9843 18.2531
1150 825 10000 3107 877 12 3 168 147 0.923927 0.946931 0.83743 1.08059 0.873271 0.896256 16.5776 15.9354 26.7545 59.5456 19.5239 16.6469
1150 850 10000 2602 841 10 1 136 150 0.914997 0.920278 0.829263 0.804625 0.887605 0.957558 17.0587 15.5106 29.7081 228.003 18.3509 16.5792
1150 875 10000 2092 751 16 2 93 106 0.906303 0.89714 0.79724 1.2898 0.920361 0.931693 17.2798 16.2602 17.9802 67.1077 18.9018 17.9915
1150 925 10000 1047 480 7 4 79 61 0.904677 0.897517 0.92478 1.01438 0.860784 0.92001 18.6495 17.8342 32.5322 48.2838 17.8908 20.9948
1150 975 10000 458 180 3 0 21 24 0.886793 0.905457 0.816438 0 1.03705 0.877034 18.4776 16.8696 37.0948 0 24.7937 21.0088
1150 1000 10000 370 107 3 0 35 22 0.876759 0.906544 0.631518 0 0.928279 0.886209 17.3154 20.6826 16.1793 0 17.6905 22.1208
1150 1050 10000 181 33 0 0 11 5 0.890027 0.925482 0 0 1.13017 0.615075 18.4923 24.3624 0 0 27.698 31.2463
1150 1100 10000 33 5 0 0 2 1 0.962115 0.893876 0 0 1.34407 0.845249 21.9187 25.7752 0 0 30.7575 113.793
1175 50 10000 5732 262 12 0 1124 293 0.797306 0.800709 0.867944 0 0.744255 0.740421 18.086 19.4918 18.8854 0 18.8958 19.8877
1175 75 10000 5691 263 16 1 1083 303 0.803936 0.82202 0.835024 0.76735 0.749011 0.752541 18.006 18.9112 18.9623 20.7427 18.9623 19.3564
1175 100 10000 5746 257 16 2 1067 274 0.808447 0.859714 0.928979 0.423263 0.737252 0.768092 17.9785 19.3368 19.966 101.775 18.8699 19.0824
1175 150 10000 5713 272 15 0 1064 252 0.817074 0.815809 0.668206 0 0.761194 0.793769 17.8856 18.1193 18.2025 0 18.6127 19.499
1175 175 10000 5831 277 10 1 1077 278 0.809143 0.832406 0.840874 1.35372 0.759031 0.778358 17.912 19.9288 18.9029 54.3948 18.5476 19.8758
1175 200 10000 5811 318 9 0 978 250 0.824945 0.868123 0.880797 0 0.787604 0.82331 17.71 18.843 17.8427 0 18.4823 20.0448
1175 250 10000 5930 341 11 0 981 203 0.82863 0.818193 0.867604 0 0.789268 0.833967 17.5757 18.615 23.3411 0 18.4228 19.7886
1175 325 10000 5944 357 19 1 851 235 0.839104 0.867485 0.812546 0.811912 0.819189 0.869169 17.3399 17.9116 19.0746 16.8531 18.2661 19.2993
1175 400 10000 5926 405 14 0 829 252 0.86048 0.875194 0.852557 0 0.817646 0.849535 17.0793 21.1598 18.2404 0 17.506 18.6543
1175 450 10000 5904 388 20 1 757 271 0.870569 0.878758 0.77313 0 0.837077 0.840513 16.8773 18.4285 18.8286 4.68055e+07 17.446 17.7541
1175 475 10000 5921 430 20 1 678 236 0.874778 0.907872 0.785063 0.80328 0.853655 0.834757 16.7604 17.2475 18.0216 100.591 17.5657 17.7361
1175 500 10000 5843 515 9 0 668 235 0.880532 0.88401 0.874518 0 0.843634 0.861019 16.6857 17.8244 18.9517 0 17.373 17.4322
1175 525 10000 5728 497 9 5 628 246 0.885239 0.931651 0.779082 0.909792 0.849703 0.861792 16.6054 18.3607 28.7752 29.0004 17.2387 16.9076
1175 550 10000 5805 516 9 2 611 242 0.885229 0.922474 1.01988 0.809136 0.844479 0.906778 16.5062 17.0686 19.3375 51.9434 17.3151 18.0311
1175 575 10000 5618 523 20 4 574 228 0.895763 0.936841 0.941218 0.592671 0.885593 0.903257 16.4101 17.5479 19.0003 42.6101 17.579 17.4495
1175 625 10000 5513 600 13 0 491 236 0.902066 0.908825 0.819721 0 0.891387 0.893455 16.2414 16.432 19.1976 0 16.9075 17.2621
1175 675 10000 5169 690 9 0 447 223 0.912484 0.951751 0.90357 0 0.873506 0.920096 16.1486 16.5995 24.6917 0 17.4827 16.0266
1175 700 10000 5151 750 6 0 372 228 0.905217 0.926243 0.906469 0 0.891248 0.935446 16.0861 15.9108 22.5075 0 16.8471 16.287
1175 800 10000 4036 888 5 2 254 183 0.919357 0.918988 1.10923 0.827033 0.85797 0.96441 16.0111 15.4902 16.1369 15.2202 18.9463 19.4581
1175 825 10000 3737 882 7 4 218 165 0.916574 0.940586 0.907471 0.794307 0.908007 0.933462 16.172 15.4625 21.4757 30.9432 17.3132 16.9569
1175 850 10000 3249 900 8 0 166 138 0.913112 0.923166 0.648524 0 0.931624 0.905418 16.5265 15.5781 41.5448 0 16.8813 17.1687
1175 875 10000 2643 925 10 1 119 157 0.916968 0.923893 0.901728 0.730288 0.894816 0.938801 17.0956 15.4758 23.4331 210.225 18.2576 16.6677
1175 925 10000 1521 679 7 2 93 112 0.893629 0.896589 1.08235 0.98704 0.857351 0.890605 18.1263 16.6091 26.2836 22.6032 20.4043 19.8955
1175 950 10000 1010 503 6 0 65 66 0.888275 0.896419 0.813916 0 0.932431 0.903551 18.6403 17.5716 16.4882 0 17.2442 21.2258
1175 975 10000 664 330 4 2 47 42 0.904329 0.905178 0.816915 0.415833 0.856074 0.917784 18.3609 19.1278 16.9826 87.815 18.8603 19.2671
1175 1075 10000 175 47 3 0 5 11 0.821914 0.883132 0.871229 0 0.965841 0.762358 20.1149 21.0218 16.9311 0 49.0256 24.1031
1175 1125 10000 25 4 0 0 0 0 1.02874 0.952965 0 0 0 0 29.8721 20.2505 0 0 0 0
1200 150 10000 5753 242 11 0 1118 232 0.809251 0.835666 0.80563 0 0.749742 0.774412 17.9621 19.4517 17.2534 0 18.724 19.9704
1200 200 10000 5885 285 12 1 1026 263 0.814857 0.819694 0.830395 0.729779 0.759983 0.774876 17.9308 20.762 20.526 15.9663 18.6904 20.255
1200 225 10000 5853 264 14 0 955 243 0.82253 0.862079 0.768326 0 0.790663 0.82058 17.7522 21.0651 20.3061 0 18.5109 20.5134
1200 275 10000 5918 319 11 0 941 263 0.835565 0.848483 0.93629 0 0.78203 0.785925 17.5033 18.5931 18.6514 0 18.336 20.1891
1200 375 10000 6019 338 11 0 811 285 0.844911 0.892008 0.759791 0 0.817026 0.835919 17.2516 18.3951 19.2481 0 17.9759 19.4515
1200 400 10000 5950 371 7 1 851 236 0.850318 0.893809 1.08344 0.794003 0.816449 0.809741 17.2044 18.7186 22.8827 152.376 17.9599 18.7942
1200 425 10000 5945 393 12 0 773 282 0.860325 0.914614 0.790202 0 0.811781 0.829154 17.0314 18.5465 19.3254 0 17.7822 18.0404
1200 450 10000 5967 354 12 0 793 231 0.867508 0.882069 0.97944 0 0.829858 0.809497 16.9929 20.1187 18.1332 0 17.5916 17.9124
1200 475 10000 5962 402 11 1 698 247 0.866552 0.865212 0.694747 1.66335 0.856484 0.856936 16.901 17.5427 17.2949 50.2431 17.5937 19.0571
1200 550 10000 5794 477 9 0 668 241 0.882204 0.895665 0.887133 0 0.860639 0.881814 16.5928 18.7137 16.5408 0 17.1544 18.8938
1200 575 10000 5789 494 14 4 613 252 0.890251 0.87285 0.786553 0.807086 0.856528 0.856059 16.5302 16.4292 18.875 32.4201 17.2136 16.9347
1200 600 10000 5667 536 21 1 545 210 0.903934 0.931027 0.732266 0.826392 0.856927 0.902455 16.4479 17.7402 17.9998 101.375 17.5157 16.9459
1200 650 10000 5637 631 9 1 497 227 0.900914 0.900583 0.964051 0.822355 0.895418 0.933879 16.2595 16.2481 16.2424 16.7045 16.8109 16.9497
1200 675 10000 5332 655 15 4 506 230 0.89664 0.927285 0.892926 0.824557 0.866637 0.902669 16.208 16.7169 20.7435 41.0839 16.7578 16.4423
1200 700 10000 5170 703 14 1 442 234 0.916274 0.927219 0.844444 0.828022 0.898471 0.91375 16.0968 16.2973 16.9881 136.452 17.0839 17.8462
1200 725 10000 5166 738 11 3 401 208 0.913932 0.920753 0.849718 0.981909 0.864623 0.884508 16.0837 15.9865 21.2448 61.3207 17.148 17.3701
1200 750 10000 4949 775 7 3 378 201 0.915519 0.935 0.935252 0.789388 0.92608 0.93716 16.0054 15.8394 16.3161 52.5383 16.8976 16.2314
1200 800 10000 4317 883 13 0 292 213 0.913541 0.942996 0.858789 0 0.891725 0.895211 16.0556 16.8369 19.5829 0 18.6949 16.0316
1200 875 10000 3174 927 7 3 171 156 0.917204 0.912036 0.810685 0.681838 0.920431 0.916179 16.5014 15.5311 15.9304 15.6153 16.8099 19.1358
1200 900 10000 2695 849 4 2 142 145 0.911879 0.914211 1.13142 0.752574 0.911033 0.866164 16.5586 15.8387 30.8082 81.3684 18.5277 18.6554
1200 925 10000 2122 789 4 2 106 116 0.904983 0.921342 0.992808 1.13587 0.897941 0.890303 17.3777 16.6086 25.5242 37.3798 19.6091 25.3586
1200 950 10000 1506 644 5 2 72 84 0.913505 0.909805 0.782265 0.413158 0.957664 0.88492 17.9507 16.652 15.5386 140.198 17.5484 20.4396
1200 975 10000 1060 536 4 2 64 64 0.904643 0.8921 0.744346 0.826012 0.915272 0.880293 18.5335 16.7535 15.886 16.0838 21.8626 26.7541
1200 1025 10000 528 202 1 1 25 23 0.887161 0.898437 1.26687 0.79054 0.914031 0.856238 17.0512 18.845 118.965 137.699 22.4911 20.5704
1200 1100 10000 162 34 1 1 16 3 0.918383 0.833823 0.889818 0.680396 0.881457 0.668225 18.3931 24.7489 14.8601 16.0808 19.7239 72.0186
