125 75 10000 2 2 0 0 1 1 0.634471 0.565054 0 0 0.411181 0.275644 30.5663 30.3646 0 0 21.8394 99.297
150 50 10000 1 1 0 0 3 2 1.31091 2.03559 0 0 0.391871 1.63055 21.4011 45.4639 0 0 28.9281 23.9268
150 75 10000 5 3 0 0 5 4 0.691261 0.552285 0 0 0.247652 0.488307 35.7358 52.7258 0 0 52.5048 31.3634
150 100 10000 3 2 0 0 0 1 0.563363 0.442825 0 0 0 1.25874 17.1723 33.3048 0 0 0 37.2365
175 50 10000 4 7 0 0 1 4 0.542241 0.692124 0 0 0.645919 1.23137 39.8009 35.3551 0 0 35.2371 55.3633
175 75 10000 3 5 0 0 3 2 0.942565 0.850015 0 0 0.484058 1.30748 27.7318 32.784 0 0 24.3411 28.9567
175 100 10000 3 4 0 0 2 5 1.04293 0.496311 0 0 0.516661 0.449536 23.1158 82.6903 0 0 68.1793 47.9053
175 125 10000 5 1 0 0 1 1 0.761664 0.192724 0 0 0.616324 0.370573 20.4214 25.2752 0 0 69.5801 22.1373
200 75 10000 6 10 0 0 1 4 0.420238 0.52103 0 0 1.21803 0.859715 45.7741 26.0888 0 0 30.6494 48.1559
200 100 10000 2 8 0 0 1 6 0.687096 0.755763 0 0 1.29549 0.663784 84.1218 53.8696 0 0 24.6129 44.2837
200 125 10000 3 1 0 0 4 0 0.96262 1.94996 0 0 0.239529 0 53.5797 25.4855 0 0 37.4388 0
200 150 10000 3 0 0 0 2 0 1.07015 0 0 0 0.603494 0 27.1937 0 0 0 35.0705 0
225 75 10000 12 16 0 0 4 15 0.764691 0.809527 0 0 0.701266 0.724886 22.9865 23.5025 0 0 26.1655 37.1436
225 100 10000 6 20 0 0 3 10 1.18555 0.578178 0 0 0.366961 0.610605 29.3666 25.0812 0 0 85.5112 30.8482
225 150 10000 7 4 0 0 3 3 0.718997 0.37291 0 0 0.511089 0.428549 30.4595 50.3726 0 0 30.3436 40.4408
225 175 10000 4 0 0 0 0 1 1.06844 0 0 0 0 0.543669 27.3192 0 0 0 0 35.9144
250 50 10000 6 35 0 0 3 16 1.09898 0.866016 0 0 0.691211 0.830835 24.0759 29.0081 0 0 63.0162 29.544
250 75 10000 7 24 0 0 3 15 0.766052 0.806962 0 0 1.17451 0.908662 22.907 26.9598 0 0 44.3267 20.2979
250 100 10000 11 15 0 0 0 10 0.602081 0.852149 0 0 0 0.861078 24.9978 32.887 0 0 0 29.8052
250 125 10000 10 13 0 0 5 7 0.709974 0.721126 0 0 0.837895 1.01234 32.7261 38.0231 0 0 34.4738 22.1841
250 150 10000 6 6 0 0 4 4 1.02074 1.08006 0 0 0.783148 0.992366 32.1124 26.258 0 0 39.8792 22.1374
250 175 10000 8 2 0 0 2 1 0.682035 0.913153 0 0 0.759441 0.786362 21.9894 62.8668 0 0 27.8627 40.7254
250 200 10000 5 0 0 0 0 0 0.572972 0 0 0 0 0 30.0065 0 0 0 0 0
275 50 10000 13 58 0 0 3 32 0.818022 0.740623 0 0 0.76622 0.685353 25.5023 23.4083 0 0 32.3037 34.6373
275 75 10000 19 52 0 2 2 15 0.723401 0.7039 0 0.227605 1.18644 0.737475 28.6413 30.9512 0 109.368 28.6611 30.4729
275 100 10000 10 22 0 0 8 20 0.724721 0.993854 0 0 0.433389 0.606391 34.4083 27.2767 0 0 33.1909 22.3774
275 125 10000 17 31 1 0 10 10 0.606194 0.662063 0.42531 0 0.733467 0.804572 26.169 22.0473 17.3623 0 35.4658 31.9265
275 150 10000 25 20 1 0 4 10 0.604219 0.691467 0.371185 0 0.51401 0.662629 24.3913 23.2357 18.5005 0 37.182 29.0205
275 175 10000 10 12 0 0 3 13 0.976338 0.820374 0 0 0.430128 0.464777 27.275 25.3858 0 0 75.9723 31.7678
275 225 10000 5 1 0 0 1 0 0.870688 0.437758 0 0 0.242863 0 29.1991 31.2298 0 0 19.7978 0
300 50 10000 21 100 0 0 3 25 0.750317 0.771386 0 0 0.435092 0.833693 26.5996 19.633 0 0 38.8581 34.9316
300 75 10000 18 77 0 0 3 26 0.824109 0.690097 0 0 1.0357 0.788105 26.3818 23.8844 0 0 50.205 25.6851
300 100 10000 26 54 0 0 5 20 0.647024 0.87133 0 0 0.698471 0.64847 24.7085 24.5133 0 0 26.1702 26.9177
300 125 10000 19 31 0 0 11 15 0.680278 0.758048 0 0 0.454414 0.939009 24.9979 26.9281 0 0 21.3797 24.5836
300 150 10000 15 20 0 0 5 15 0.8792 0.913348 0 0 0.426766 0.674308 28.9539 22.0989 0 0 58.629 25.5896
300 175 10000 20 20 0 0 9 5 0.691752 0.726331 0 0 0.673955 1.60617 24.5821 24.8904 0 0 21.9883 29.3862
300 200 10000 12 7 0 0 5 1 0.952835 0.906672 0 0 0.820745 1.961 23.365 34.0907 0 0 28.9934 65.1274
300 225 10000 16 2 0 0 2 1 0.519784 1.03901 0 0 0.773894 1.067 33.1724 32.4918 0 0 43.4248 18.9487
300 250 10000 8 0 0 0 1 1 0.516793 0 0 0 0.700847 0.249015 28.9332 0 0 0 67.2113 21.6808
325 50 10000 27 118 0 0 6 40 0.884843 0.727551 0 0 1.08012 0.898498 23.7438 21.449 0 0 22.668 25.7612
325 75 10000 33 87 0 1 4 31 0.631962 0.918101 0 0.366082 0.605554 0.810871 25.4211 24.9064 0 31.9704 20.3946 25.5505
325 100 10000 33 72 1 0 8 23 0.764364 0.893524 0.466381 0 0.715195 0.942512 25.8676 21.2307 18.3261 0 34.7142 32.3667
325 125 10000 22 61 0 1 8 16 0.861258 0.820584 0 0.233058 0.625813 0.800548 26.6809 24.4059 0 22.2611 43.8334 28.9787
325 150 10000 25 48 0 0 4 17 0.621899 0.763309 0 0 0.969961 0.748745 24.005 26.4335 0 0 30.2753 23.2781
325 175 10000 19 29 0 0 5 9 0.793683 0.745272 0 0 0.787434 0.689729 22.0976 32.7189 0 0 18.3486 27.6654
325 200 10000 18 18 0 0 9 7 0.929821 0.691049 0 0 0.534601 0.871988 24.1421 30.3565 0 0 30.9046 34.4289
325 225 10000 17 11 0 0 2 2 0.753384 0.654389 0 0 2.07529 1.54473 25.7637 30.643 0 0 25.9852 34.4371
325 250 10000 15 5 0 0 1 0 0.73667 0.611157 0 0 1.61126 0 26.155 31.1548 0 0 65.288 0
325 275 10000 5 0 0 0 0 1 0.837983 0 0 0 0 0.160581 29.6155 0 0 0 0 142.921
350 50 10000 51 164 0 1 5 58 0.841324 0.82867 0 0.381071 0.565989 0.837658 27.0823 22.8785 0 106.769 41.8617 22.2002
350 75 10000 46 131 0 0 8 49 0.680676 0.857603 0 0 1.00089 0.806589 28.4829 23.9654 0 0 33.2371 21.8089
350 125 10000 33 87 0 0 14 28 0.78361 0.747401 0 0 0.700837 0.879325 27.6058 20.2378 0 0 24.3953 22.868
350 150 10000 35 40 0 0 10 16 0.737891 0.892924 0 0 0.48778 1.02666 23.2016 24.6437 0 0 37.8476 27.0464
350 175 10000 25 49 0 0 11 17 0.993808 0.737589 0 0 0.669748 0.731241 23.8787 20.2909 0 0 29.6483 28.7603
350 200 10000 46 30 0 0 5 7 0.639917 0.889021 0 0 0.946825 0.689487 22.9184 23.4018 0 0 21.0201 23.7823
350 225 10000 19 12 0 0 4 7 0.79846 0.91194 0 0 0.878236 0.676128 35.4543 37.2141 0 0 28.9304 24.6698
350 250 10000 21 10 0 0 2 2 0.898155 0.724535 0 0 1.06573 0.994509 25.418 20.6833 0 0 26.925 31.7089
350 275 10000 13 2 0 0 2 2 0.718937 0.90526 0 0 0.778803 0.840976 26.7003 81.9957 0 0 70.4173 64.9822
350 300 10000 7 0 0 0 1 0 0.857943 0 0 0 0.705957 0 29.9934 0 0 0 24.507 0
375 50 10000 73 214 1 0 9 63 0.728397 0.822603 0.589556 0 0.690342 0.742824 26.7024 19.4011 75.5592 0 23.4263 23.0897
375 75 10000 60 195 0 0 7 53 0.697573 0.772118 0 0 0.673375 0.841454 27.7243 20.8911 0 0 31.2322 23.1754
375 100 10000 62 147 0 0 6 49 0.770453 0.800863 0 0 0.842386 0.874979 22.6929 23.2803 0 0 38.2699 29.2152
375 125 10000 44 114 0 0 7 45 0.723671 0.850114 0 0 0.72273 0.667896 26.9342 22.5049 0 0 26.8901 26.1196
375 150 10000 43 102 0 0 7 33 0.847304 0.731348 0 0 0.76152 0.800159 23.2984 23.0724 0 0 26.0833 22.365
375 175 10000 33 78 0 0 10 19 0.828891 0.736039 0 0 0.66802 0.739238 25.7164 21.318 0 0 47.967 25.7513
375 200 10000 32 42 0 0 3 17 0.831485 0.853149 0 0 1.17847 0.830815 25.7057 20.4205 0 0 62.1175 24.3407
375 225 10000 29 28 1 0 8 7 0.758049 0.935868 0.544784 0 0.921682 1.1102 29.227 25.3587 31.5786 0 30.1717 35.3167
375 250 10000 28 17 0 0 6 8 0.942408 0.621171 0 0 0.886826 0.711609 22.4623 32.6804 0 0 29.0383 27.3506
375 275 10000 30 4 0 0 3 4 0.73398 1.24085 0 0 0.662217 0.81989 24.1622 44.506 0 0 24.6291 43.8869
375 300 10000 5 4 0 0 6 4 1.59956 0.650795 0 0 0.427816 0.404902 27.3277 27.7345 0 0 30.4928 34.3427
375 325 10000 4 0 0 0 2 1 0.954948 0 0 0 0.468477 0.78463 25.5917 0 0 0 31.0748 25.2352
400 50 10000 112 269 0 0 15 86 0.759735 0.79228 0 0 0.623266 0.805289 27.2533 19.2202 0 0 26.3329 24.2644
400 75 10000 76 231 1 0 11 86 0.835403 0.827619 0.241577 0 0.755968 0.755405 23.8996 22.2459 22.7367 0 52.433 24.2089
400 100 10000 82 204 0 0 8 67 0.697638 0.781601 0 0 0.881633 0.679753 24.2535 21.861 0 0 34.0429 24.2986
400 125 10000 94 199 2 0 5 54 0.632464 0.770747 0.376945 0 1.11996 0.73499 23.2329 21.4844 23.7023 0 32.4521 26.1206
400 150 10000 66 140 0 0 7 45 0.714729 0.792974 0 0 0.890665 0.801844 25.8564 20.6927 0 0 27.4378 19.8704
400 175 10000 50 101 0 0 5 29 0.750508 0.754807 0 0 0.929141 0.613707 22.7896 22.0327 0 0 36.7411 22.8259
400 200 10000 39 59 0 0 10 26 0.7878 0.740544 0 0 0.556985 0.663452 26.7992 30.484 0 0 23.9864 22.8387
400 225 10000 52 54 0 0 9 15 0.756045 0.7002 0 0 0.505942 0.6372 25.258 22.4378 0 0 27.1838 33.3218
400 250 10000 50 32 0 0 3 14 0.57791 0.643372 0 0 1.11886 0.728369 23.465 19.8522 0 0 25.5613 32.6129
400 275 10000 29 14 0 0 8 4 0.725872 0.998622 0 0 0.560819 1.41816 27.5149 21.8457 0 0 24.1898 33.7868
400 300 10000 30 9 0 0 2 4 0.735405 0.670519 0 0 1.91656 0.836496 20.8247 22.6546 0 0 29.6676 31.6237
400 325 10000 11 1 0 0 4 0 0.806668 3.92042 0 0 0.506994 0 28.3661 27.9878 0 0 24.0847 0
400 350 10000 9 0 0 0 1 0 0.334352 0 0 0 0.672871 0 30.2772 0 0 0 79.572 0
425 50 10000 135 354 0 1 16 92 0.720148 0.772229 0 0.421102 0.736095 0.829309 29.0987 21.1806 0 103.509 25.2918 22.5149
425 75 10000 137 307 0 0 9 103 0.748765 0.821558 0 0 0.904597 0.674389 25.8419 21.1702 0 0 35.4634 24.7451
425 100 10000 99 282 0 0 14 72 0.778895 0.800589 0 0 0.920823 0.729378 25.5832 21.8508 0 0 27.3558 23.8135
425 125 10000 84 221 0 0 4 43 0.861781 0.792118 0 0 1.45376 0.973746 23.0145 21.5506 0 0 38.4725 26.6499
425 150 10000 62 178 0 0 11 42 0.930012 0.811173 0 0 1.04864 0.825544 29.0414 21.7445 0 0 24.6652 25.2835
425 200 10000 61 98 0 2 3 29 0.786223 0.745873 0 0.399451 1.62303 0.698891 24.3159 24.4094 0 73.7044 41.9925 26.2226
425 250 10000 37 38 0 0 6 15 0.857688 0.888145 0 0 1.06746 0.792582 29.5669 23.5508 0 0 20.6604 30.9852
425 325 10000 26 6 0 0 5 4 0.893644 1.32404 0 0 0.594823 0.708744 24.9504 31.9204 0 0 24.0307 24.3505
425 350 10000 18 1 0 0 1 0 0.611477 1.46276 0 0 1.86176 0 25.3924 25.6651 0 0 41.2714 0
425 375 10000 8 1 0 0 1 1 0.50814 0.280318 0 0 0.808964 0.378202 35.1882 72.3965 0 0 34.4531 25.8003
450 50 10000 205 380 0 0 19 128 0.76022 0.815287 0 0 0.801487 0.714232 25.9382 20.0025 0 0 23.5138 22.3988
450 75 10000 205 301 0 1 14 107 0.771546 0.82062 0 0.746876 0.701825 0.709498 24.9397 21.1438 0 69.9807 40.4156 22.6427
450 100 10000 146 330 0 3 8 80 0.77082 0.792504 0 0.472674 1.137 0.895943 25.6096 20.5156 0 26.2376 37.7764 22.7284
450 150 10000 105 224 0 1 12 73 0.711344 0.843246 0 0.472482 0.793385 0.677128 25.3203 20.2677 0 101.469 23.6358 23.4397
450 175 10000 114 191 0 0 12 42 0.767158 0.804045 0 0 0.530663 0.781997 25.6649 21.0419 0 0 40.2061 23.7233
450 225 10000 60 109 0 0 4 29 0.735065 0.826213 0 0 1.29952 0.825926 28.859 21.3943 0 0 23.4246 22.1886
450 250 10000 57 80 1 2 8 19 0.728085 0.669551 0.664525 0.411653 1.13896 0.914745 26.7362 24.9542 34.7068 67.9178 28.1176 21.6544
450 275 10000 52 45 0 0 9 17 0.761559 0.857899 0 0 0.75996 0.68857 25.8235 28.3461 0 0 25.2826 25.1265
450 300 10000 53 36 0 0 8 14 0.871733 0.688946 0 0 0.680817 0.681638 20.1843 24.3535 0 0 25.5961 24.4222
450 325 10000 38 16 0 0 3 6 0.854856 0.737564 0 0 1.13887 0.900946 23.6272 22.7653 0 0 30.8017 29.5973
450 350 10000 32 8 0 0 5 4 0.617197 0.802443 0 0 0.617789 0.736652 24.1133 40.699 0 0 34.0674 34.4397
450 375 10000 15 1 0 0 1 3 0.826581 2.20858 0 0 1.73923 0.266838 26.4967 30.8476 0 0 51.0635 48.4231
450 400 10000 6 0 0 0 0 0 1.09897 0 0 0 0 0 26.6063 0 0 0 0 0
475 50 10000 291 446 0 0 24 145 0.746585 0.795552 0 0 0.590742 0.787646 24.8988 19.9269 0 0 32.3278 20.0589
475 75 10000 273 471 0 1 20 128 0.716781 0.758861 0 0.462376 0.749013 0.818572 26.2354 20.6139 0 101.482 35.9059 22.9288
475 100 10000 221 350 0 0 19 127 0.750069 0.80831 0 0 0.752786 0.77413 23.6366 20.4185 0 0 27.7973 21.5661
475 125 10000 204 315 0 1 21 111 0.7267 0.829395 0 0.177709 0.67445 0.698433 26.1615 19.6799 0 628.454 22.2154 21.5911
475 150 10000 172 307 2 2 16 82 0.736454 0.786721 0.841562 0.862918 0.693288 0.800488 24.1943 22.0849 33.646 31.3236 31.4082 23.6099
475 175 10000 134 224 0 0 12 60 0.771364 0.786299 0 0 0.673956 0.878669 23.6641 21.3932 0 0 27.7864 24.7314
475 200 10000 95 186 0 2 13 53 0.776947 0.826459 0 0.572041 0.812325 0.76663 24.9248 20.1481 0 82.0904 22.8419 22.8817
475 225 10000 86 138 0 1 10 37 0.883571 0.782636 0 0.675621 0.710304 0.704763 25.2518 21.8662 0 80.181 31.6436 25.1299
475 325 10000 52 35 2 0 6 7 0.683367 0.654044 0.389445 0 0.804005 1.07175 24.7117 27.0617 56.1259 0 27.3487 37.4713
475 375 10000 34 5 0 0 5 3 0.755955 0.579303 0 0 0.515672 0.774764 24.5621 49.9046 0 0 31.36 27.6932
475 400 10000 18 2 0 0 1 2 0.767553 0.771896 0 0 1.21949 0.417771 23.2816 76.4029 0 0 61.3098 40.0369
475 425 10000 3 0 0 0 0 0 1.36242 0 0 0 0 0 26.1624 0 0 0 0 0
500 50 10000 377 483 0 0 27 170 0.690691 0.802427 0 0 0.808224 0.779553 25.4128 19.0937 0 0 25.8963 20.768
500 75 10000 342 473 0 0 31 133 0.739603 0.795216 0 0 0.564057 0.81716 24.7808 20.0724 0 0 25.4531 21.7662
500 100 10000 326 441 0 0 21 148 0.753164 0.806388 0 0 0.738633 0.718711 24.2083 19.3959 0 0 26.1611 23.4315
500 125 10000 307 389 1 0 10 126 0.706711 0.822003 1.88965 0 0.955601 0.741478 24.9098 20.2792 48.85 0 41.2038 21.2488
500 150 10000 235 376 0 1 19 88 0.722812 0.789285 0 0.403191 0.599925 0.859956 27.2052 20.8596 0 27.6607 28.388 23.4634
500 175 10000 218 311 0 0 23 82 0.764533 0.788271 0 0 0.712066 0.727472 25.5943 19.8141 0 0 24.007 23.1355
500 200 10000 164 243 2 1 13 53 0.736539 0.774851 0.0939224 0.437798 0.73315 0.966352 23.7975 20.6573 213.294 89.4174 29.5952 23.5624
500 225 10000 133 205 0 1 11 43 0.731243 0.807723 0 0.381102 1.03005 0.722079 24.6609 19.3647 0 117.24 21.9812 25.8183
500 250 10000 89 155 1 0 20 44 0.808422 0.728426 0.00177783 0 0.489856 0.693065 23.3974 24.5508 21.7551 0 28.4697 31.3939
500 300 10000 61 67 0 0 6 26 0.840639 0.792836 0 0 1.19299 0.869609 24.5102 25.0252 0 0 27.4617 21.7295
500 325 10000 63 46 0 0 10 15 0.733737 0.814235 0 0 0.854675 0.793087 24.2921 29.6099 0 0 27.792 22.9166
500 350 10000 48 35 0 0 5 9 0.808949 0.767247 0 0 0.985424 0.79785 23.1392 23.8322 0 0 26.9296 37.3879
500 375 10000 34 19 0 0 11 7 1.01718 0.7126 0 0 0.769646 0.623017 23.5867 36.3931 0 0 22.464 23.535
500 425 10000 18 2 0 0 3 0 0.685446 0.613191 0 0 0.545035 0 26.6878 62.6831 0 0 42.3688 0
500 450 10000 6 0 0 0 1 0 0.735519 0 0 0 0.372043 0 23.78 0 0 0 24.0808 0
525 50 10000 509 521 0 3 27 178 0.725852 0.778572 0 0.895982 0.811355 0.76932 22.9987 19.5027 0 37.9947 30.5726 21.2169
525 75 10000 500 507 1 0 44 176 0.718144 0.780442 1.90123 0 0.646703 0.72811 23.0565 19.1632 27.7327 0 26.4216 20.4672
525 100 10000 430 485 0 0 32 161 0.723951 0.80418 0 0 0.681674 0.749615 24.304 19.5645 0 0 30.0885 22.9893
525 150 10000 340 394 1 0 34 128 0.743903 0.826897 0.876045 0 0.651814 0.689635 25.4417 19.3139 17.391 0 27.6111 21.1562
525 175 10000 278 336 0 0 27 112 0.744088 0.789945 0 0 0.739941 0.761478 23.7781 19.6174 0 0 19.4997 22.0042
525 200 10000 226 295 1 0 8 78 0.707527 0.750225 0.191483 0 0.749824 0.788184 28.303 21.1563 94.2796 0 49.6803 22.6458
525 225 10000 196 254 1 0 10 61 0.765186 0.82252 0.63343 0 1.15718 0.77166 23.2746 20.1582 91.4173 0 28.7867 24.1671
525 250 10000 158 188 0 1 19 50 0.708118 0.832957 0 0.415056 0.71365 0.837773 26.4994 20.5483 0 107.219 25.8475 27.0273
525 275 10000 124 132 0 0 9 35 0.740175 0.777004 0 0 0.99255 0.875793 22.9953 23.4485 0 0 28.479 22.0148
525 300 10000 78 111 0 1 8 29 0.812934 0.751962 0 0.458455 0.746263 0.918251 23.462 22.3229 0 87.9962 29.0396 23.3204
525 325 10000 76 83 1 0 9 38 0.769144 0.735344 0.835508 0 0.622536 0.52381 22.5136 23.113 26.9279 0 27.9681 23.1153
525 375 10000 67 29 0 0 9 7 0.786456 0.771442 0 0 0.70724 1.0475 22.7252 33.7707 0 0 31.0942 23.5376
525 425 10000 38 8 0 0 3 3 0.655707 0.742655 0 0 0.581089 0.501237 22.772 36.1555 0 0 47.8955 48.9593
525 450 10000 15 0 0 0 3 0 0.758185 0 0 0 0.535721 0 27.7301 0 0 0 58.0573 0
525 475 10000 6 0 0 0 0 0 0.829395 0 0 0 0 0 27.9571 0 0 0 0 0
550 50 10000 662 538 1 1 38 190 0.710399 0.801194 0.664861 0.415248 0.739876 0.779442 23.3043 20.1392 19.8087 19.6859 25.9757 21.5461
550 75 10000 605 498 0 0 37 174 0.72698 0.847122 0 0 0.705381 0.802024 22.5774 19.6067 0 0 30.1922 22.4018
550 125 10000 550 434 1 3 32 151 0.718595 0.862832 0.825019 0.345091 0.634489 0.773255 23.889 19.3082 89.8072 27.9943 27.7507 20.2816
550 150 10000 461 451 2 2 27 124 0.737166 0.777503 0.410519 0.438937 0.766067 0.756906 25.3851 20.2705 102.292 63.153 23.7363 23.7422
550 175 10000 378 392 3 0 21 106 0.750836 0.806094 0.286319 0 0.761904 0.903674 24.2675 19.3779 52.4605 0 27.837 19.9977
550 200 10000 305 343 0 0 15 112 0.78999 0.80516 0 0 0.933952 0.697264 23.3101 19.0195 0 0 28.3157 21.8385
550 225 10000 263 289 0 0 11 88 0.738109 0.784328 0 0 0.617877 0.798372 25.2955 20.3591 0 0 26.1969 21.8086
550 250 10000 195 237 0 1 14 71 0.808558 0.803095 0 0.574291 0.823841 0.78378 22.6537 21.4466 0 102.253 26.5112 22.3578
550 275 10000 141 203 1 0 9 50 0.742408 0.755127 0.364996 0 0.84774 0.827261 25.1287 21.0453 242.857 0 41.1933 26.5938
550 325 10000 87 90 0 0 8 27 0.917826 0.86902 0 0 0.946234 0.751412 23.5755 21.6998 0 0 23.6448 29.1258
550 350 10000 89 81 1 0 11 30 0.731788 0.837042 0.623065 0 0.636658 0.671622 21.6542 22.5891 24.1037 0 22.4158 22.4872
550 375 10000 68 42 0 0 13 19 0.823441 0.845925 0 0 0.577832 0.726629 23.5002 22.3484 0 0 34.19 32.1761
550 400 10000 44 27 1 0 5 10 1.01233 0.931916 0.455141 0 1.44056 0.853468 23.5608 21.5273 18.213 0 26.2452 21.5004
550 450 10000 43 4 0 0 6 3 0.70692 1.0334 0 0 0.931964 1.01625 22.9429 27.6899 0 0 39.7708 28.9761
550 475 10000 11 1 1 0 2 1 0.883973 1.11335 0.214822 0 0.99573 0.613033 32.1912 42.307 23.457 0 35.251 50.2712
550 500 10000 3 0 0 0 0 0 1.10139 0 0 0 0 0 36.9609 0 0 0 0 0
575 50 10000 770 519 1 0 56 205 0.724724 0.819997 1.48809 0 0.569039 0.743135 22.2783 19.9198 38.3729 0 29.6994 21.6383
575 75 10000 749 508 3 4 47 195 0.724795 0.781422 0.621117 0.490868 0.723811 0.698265 22.5172 19.9733 44.9812 39.8803 27.9647 21.4968
575 100 10000 729 506 0 1 45 150 0.732054 0.807722 0 0.84565 0.704953 0.794635 23.2566 19.8998 0 30.6269 25.1484 22.0094
575 125 10000 673 503 1 0 54 167 0.740892 0.76619 0.390408 0 0.598411 0.765739 22.6257 19.7001 34.6834 0 27.0879 21.8432
575 150 10000 612 440 0 3 40 163 0.739392 0.812617 0 0.45671 0.626271 0.735513 24.0461 19.6505 0 110.963 23.9436 20.6425
575 200 10000 442 388 2 1 27 117 0.73809 0.790835 0.570384 0.794136 0.655492 0.744567 24.517 19.5126 33.5115 77.4124 26.4672 21.8788
575 225 10000 357 378 2 1 23 97 0.692115 0.787508 0.809222 1.20285 0.770479 0.848561 24.2872 20.6932 42.9222 44.7915 32.5715 21.6737
575 250 10000 264 322 2 0 31 93 0.784318 0.741056 0.511796 0 0.580022 0.80456 25.0379 20.321 50.6482 0 24.4519 23.6106
575 375 10000 93 78 0 0 10 17 0.758882 0.678343 0 0 0.697047 0.809997 22.9513 22.6848 0 0 25.2632 25.0945
575 400 10000 67 47 0 0 5 9 0.881816 0.840371 0 0 1.16605 0.912612 22.532 24.735 0 0 25.5759 24.9522
575 450 10000 48 27 0 0 10 4 0.770663 0.701541 0 0 0.535599 0.697084 23.298 35.9154 0 0 29.836 50.7009
575 475 10000 30 7 0 0 6 3 0.779747 0.695099 0 0 0.521745 1.09376 25.2415 32.9357 0 0 54.7871 22.9922
575 525 10000 4 1 0 0 0 0 0.729146 0.698994 0 0 0 0 35.6082 45.9882 0 0 0 0
600 75 10000 861 567 5 1 50 204 0.74988 0.769737 0.240946 0.1676 0.695248 0.744323 22.3161 20.3059 63.6008 46.4654 27.0995 21.521
600 100 10000 863 506 2 2 47 183 0.734102 0.847562 0.635735 0.285502 0.694374 0.749373 21.6295 19.7446 29.2759 53.6076 24.0467 23.094
600 125 10000 789 482 2 1 58 190 0.729181 0.837388 0.513826 0.854189 0.569353 0.684221 22.3161 19.9636 56.9754 23.2579 25.5198 21.1791
600 150 10000 748 489 0 1 43 143 0.716136 0.810495 0 0 0.706504 0.716089 22.7468 19.8954 0 3.49661e+07 29.5423 21.3322
600 175 10000 669 420 2 0 39 144 0.738469 0.824109 0.337012 0 0.806565 0.74038 23.1121 19.5799 21.9142 0 30.3401 22.1251
600 200 10000 588 448 3 0 39 143 0.729689 0.790137 0.290978 0 0.679642 0.769457 22.9202 19.2752 122.755 0 29.8386 20.9174
600 225 10000 508 360 0 0 33 118 0.727633 0.818114 0 0 0.558655 0.801733 23.8661 19.4443 0 0 25.9679 22.6846
600 250 10000 393 352 1 0 29 106 0.756953 0.78346 0.686971 0 0.754379 0.743556 24.7747 19.2721 67.5083 0 22.4004 21.6527
600 275 10000 326 336 0 1 13 73 0.679256 0.756701 0 1.20901 0.735179 0.788316 25.006 19.6581 0 88.1896 51.7623 24.3874
600 300 10000 233 236 0 2 22 63 0.792922 0.796428 0 0.526599 0.604831 0.806337 23.8193 22.9819 0 44.2939 25.1828 24.5116
600 325 10000 185 211 1 1 17 40 0.747213 0.731595 0.393338 0.651745 0.646447 0.794325 25.0277 19.9362 35.6903 15.0848 24.3151 26.2154
600 350 10000 144 150 0 0 12 41 0.756305 0.843663 0 0 0.583974 0.690695 23.7656 19.6267 0 0 36.31 29.841
600 400 10000 97 63 1 1 13 25 0.788611 0.920145 0.388616 0.441989 0.587544 0.800445 23.7319 23.8216 35.5466 101.972 22.0792 25.6319
600 425 10000 89 47 0 1 10 14 0.749211 0.810315 0 0.402021 0.680589 0.975734 23.8984 24.0745 0 19.0598 41.9555 30.6025
600 450 10000 59 22 0 0 12 8 0.859639 0.77601 0 0 0.533439 0.806763 22.412 28.1476 0 0 22.2648 22.4003
600 475 10000 48 15 0 0 3 6 0.85048 0.713815 0 0 1.33271 0.855812 24.9727 30.9037 0 0 24.5148 30.6454
600 525 10000 16 0 0 0 2 2 0.742338 0 0 0 0.917304 0.371096 29.2986 0 0 0 26.176 33.1892
600 550 10000 4 0 0 0 2 0 1.17806 0 0 0 0.0645025 0 27.3348 0 0 0 144.838 0
625 50 10000 1073 507 3 2 72 236 0.707352 0.804254 0.45158 0.274621 0.695547 0.679747 22.2027 21.2206 41.7408 25.9822 25.4777 22.3804
625 75 10000 1030 456 2 2 69 209 0.74199 0.863082 0.343328 0.539603 0.719624 0.732799 22.8281 21.0141 21.1752 36.6849 25.2349 22.8361
625 100 10000 981 539 1 1 76 189 0.754226 0.758746 0.87877 1.13461 0.688836 0.707632 22.1978 20.1027 21.7478 73.819 26.2606 23.5009
625 125 10000 944 456 1 1 73 173 0.746128 0.820277 2.46206 0.838759 0.592388 0.69672 22.7835 20.3805 49.0727 35.6579 25.3358 22.9688
625 150 10000 923 491 0 2 53 168 0.759866 0.814 0 0.378254 0.767985 0.704936 22.1777 19.7959 0 66.4839 26.0891 22.6503
625 175 10000 806 484 2 2 52 155 0.76432 0.832574 1.18741 0.243761 0.690834 0.785707 22.041 20.2627 32.5672 117.885 28.8439 21.3711
625 200 10000 727 445 0 0 43 163 0.782898 0.798391 0 0 0.576537 0.707374 23.0555 20.1456 0 0 23.7869 20.6025
625 225 10000 620 449 0 3 31 115 0.750013 0.785861 0 0.574034 0.729123 0.803199 23.0049 19.2858 0 39.4966 25.5991 22.8061
625 275 10000 422 363 2 0 33 113 0.769272 0.774033 0.71112 0 0.638418 0.735595 24.1052 20.2938 21.3162 0 26.6062 21.5319
625 300 10000 319 303 0 1 31 71 0.755485 0.751159 0 0.15582 0.618652 0.8289 24.9186 20.6369 0 29.6573 24.8566 22.7581
625 325 10000 271 271 2 1 18 74 0.72765 0.754894 0.290445 0.562612 0.734872 0.722901 23.855 20.1927 25.4956 182.89 26.3272 21.7388
625 350 10000 188 208 0 0 21 44 0.785646 0.788725 0 0 0.635226 0.960994 22.2396 20.6368 0 0 25.0943 24.1036
625 375 10000 152 148 0 2 18 25 0.760778 0.790836 0 0.191085 0.63585 1.00757 23.4749 21.3877 0 203.401 36.3254 23.1683
625 400 10000 122 118 0 0 13 27 0.709483 0.718031 0 0 0.75486 0.829361 23.2093 21.1995 0 0 25.7513 23.5837
625 500 10000 58 15 1 0 8 4 0.69486 0.871252 0.240515 0 0.611473 0.898279 23.9646 28.6126 30.3837 0 24.2031 37.5289
625 525 10000 41 10 0 0 1 3 0.704565 0.645795 0 0 2.33288 0.725199 25.4205 28.494 0 0 41.8263 29.5105
625 575 10000 2 0 0 0 0 0 2.14287 0 0 0 0 0 34.9118 0 0 0 0 0
650 50 10000 1196 452 2 0 80 209 0.746744 0.827581 0.189404 0 0.709244 0.761682 22.3726 22.0187 47.128 0 25.4489 22.4594
650 75 10000 1207 449 0 0 86 206 0.731098 0.809406 0 0 0.713506 0.795816 21.8487 21.0806 0 0 24.5575 22.9692
650 100 10000 1129 515 3 0 70 228 0.736915 0.776657 0.594745 0 0.68679 0.719999 22.4702 21.0145 34.743 0 25.1648 23.0951
650 125 10000 1086 509 1 2 82 213 0.764829 0.80943 1.32801 0.323105 0.593878 0.742403 22.3499 21.796 48.0991 37.4138 22.7233 21.5986
650 150 10000 1088 463 2 1 73 185 0.728769 0.801804 0.491729 0.888543 0.678882 0.716104 21.904 20.2653 22.9602 73.4421 25.7771 21.7343
650 200 10000 894 459 1 3 56 153 0.747049 0.788683 1.13005 0.467707 0.656837 0.740578 22.7004 19.8362 32.0335 23.354 27.7209 23.4602
650 300 10000 443 319 1 1 25 83 0.719373 0.858093 0.549595 0 0.612734 0.770498 24.9046 19.5724 21.4709 2.70935e+07 25.9958 23.2369
650 325 10000 344 315 0 1 23 77 0.729697 0.787454 0 0.162867 0.614334 0.866856 24.1707 19.0974 0 23.1388 23.0684 21.5345
650 375 10000 221 191 1 0 17 58 0.708336 0.819967 0.14524 0 0.747942 0.72254 22.9876 21.4193 100.612 0 22.5073 24.7392
650 425 10000 124 107 2 0 14 29 0.734097 0.742724 0.611551 0 0.536131 0.763854 23.9036 25.1159 39.4929 0 31.7636 23.7553
650 500 10000 67 30 1 0 9 9 0.720598 0.71349 0.449609 0 0.931545 0.869306 23.2724 21.1129 19.9613 0 22.4077 36.1745
650 525 10000 54 19 0 0 5 1 0.781144 0.754196 0 0 1.06583 3.79945 24.2303 21.997 0 0 48.3242 45.9025
650 550 10000 23 6 0 0 3 6 0.97266 1.00837 0 0 1.16536 0.765714 25.4015 33.8541 0 0 22.7519 37.3582
650 575 10000 9 3 0 0 1 1 1.13297 0.964294 0 0 1.39264 1.06212 30.5949 42.291 0 0 56.0072 37.8967
650 600 10000 6 0 0 0 1 1 0.684742 0 0 0 0.525334 0.223221 29.6217 0 0 0 29.9254 138.422
675 50 10000 1313 468 5 1 114 213 0.721135 0.7804 0.66893 0.986907 0.59999 0.74095 22.018 21.7107 31.3702 41.6585 24.4076 23.0781
675 75 10000 1334 483 4 2 74 256 0.71688 0.788353 0.379263 0.311515 0.696312 0.669887 22.0907 20.9428 52.8068 44.9754 27.3755 22.6429
675 100 10000 1319 453 1 0 91 205 0.740297 0.797133 1.32584 0 0.592255 0.729709 21.6779 21.2859 31.8143 0 24.5479 22.6454
675 125 10000 1219 481 2 1 91 186 0.735325 0.796033 0.479764 0.832504 0.602607 0.761375 22.0867 21.056 52.9474 23.7192 24.4914 22.7155
675 200 10000 1045 458 0 1 51 151 0.731626 0.771462 0 0.169493 0.659695 0.767417 22.3351 20.1638 0 113.647 29.0495 20.9165
675 275 10000 729 420 0 0 36 108 0.748381 0.83462 0 0 0.614075 0.851068 22.7983 19.8111 0 0 36.1427 21.1572
675 300 10000 600 385 1 0 33 115 0.722777 0.835144 1.12445 0 0.585606 0.704172 23.6502 19.5768 62.3017 0 26.6069 21.2378
675 325 10000 485 366 0 0 27 86 0.762324 0.778545 0 0 0.773575 0.796919 23.4411 19.5225 0 0 28.0215 20.5571
675 400 10000 221 194 0 1 14 46 0.751046 0.751921 0 0.39286 0.922094 0.770774 23.5441 21.7713 0 30.1853 28.693 23.2496
675 425 10000 164 136 1 0 16 43 0.814424 0.777328 0.416422 0 0.917048 0.812002 25.5292 22.961 37.8069 0 27.2034 30.5123
675 450 10000 122 90 1 0 7 26 0.769827 0.783243 0.323781 0 1.05179 0.704302 24.6951 21.7714 19.4754 0 30.2501 32.8678
675 500 10000 74 49 0 0 8 17 0.925954 0.707123 0 0 0.925778 0.64018 24.1467 28.5812 0 0 32.6048 33.2298
675 525 10000 73 28 0 1 8 7 0.746389 0.627634 0 0.393352 0.593296 0.856603 23.6391 24.9868 0 28.2453 22.9299 23.0178
675 550 10000 58 8 0 0 4 1 0.716321 0.97699 0 0 0.820187 2.90513 24.9848 27.9253 0 0 26.2987 50.6341
675 575 10000 43 5 1 0 4 3 0.817054 0.676974 0.437428 0 0.736958 0.583795 27.0482 42.8705 22.8118 0 37.027 56.377
675 600 10000 14 1 0 0 2 0 0.71271 0.743959 0 0 1.0941 0 31.9182 82.6283 0 0 20.6724 0
675 625 10000 6 0 0 0 0 0 0.757501 0 0 0 0 0 31.7615 0 0 0 0 0
700 100 10000 1485 462 3 1 101 195 0.722359 0.753066 0.582334 0.168815 0.633222 0.729939 21.9922 21.7998 28.3876 114.548 28.5383 23.1464
700 150 10000 1350 480 2 2 97 192 0.728694 0.802212 0.723054 0.176095 0.576524 0.721408 22.0494 20.7023 23.799 41.2048 26.0263 22.3111
700 175 10000 1281 449 4 1 81 184 0.747702 0.849625 0.578033 0.41277 0.637257 0.738066 22.2364 21.1239 40.106 18.7706 25.0547 21.9377
700 250 10000 1039 437 1 1 62 145 0.733086 0.858728 0.42264 0.422185 0.598639 0.826494 21.8238 19.5111 28.6854 104.893 27.9967 21.6486
700 300 10000 760 402 1 0 48 130 0.754252 0.783269 0.728385 0 0.641661 0.770054 23.1927 19.458 112.668 0 25.5801 23.4243
700 375 10000 388 307 1 0 16 66 0.768433 0.845773 0.74708 0 1.0086 0.798536 23.4263 20.5583 36.597 0 31.0431 30.3731
700 400 10000 310 248 0 0 21 60 0.71613 0.78445 0 0 0.836629 0.764851 23.044 21.1648 0 0 28.6252 23.2227
700 425 10000 202 195 0 0 18 47 0.786767 0.841973 0 0 0.706683 0.847463 23.9279 23.0787 0 0 28.3394 23.5844
700 450 10000 150 157 2 0 7 39 0.797044 0.73922 0.655037 0 0.719002 0.708775 23.983 23.0839 19.6721 0 35.817 25.3011
700 475 10000 110 110 0 1 12 25 0.829118 0.8032 0 0.245521 0.800468 0.706043 23.0908 22.4396 0 23.496 31.8549 24.2273
700 525 10000 87 43 0 0 11 12 0.783273 0.677951 0 0 0.553318 0.783174 24.1574 24.1105 0 0 21.9559 27.7633
700 600 10000 39 4 0 0 3 0 0.694059 1.00405 0 0 0.768877 0 25.8944 67.0199 0 0 34.9035 0
700 625 10000 22 3 0 0 0 0 0.729349 0.824548 0 0 0 0 28.0227 42.1724 0 0 0 0
700 650 10000 4 0 0 0 0 0 1.15505 0 0 0 0 0 31.4679 0 0 0 0 0
725 75 10000 1559 450 1 0 116 219 0.719424 0.746119 1.31675 0 0.628093 0.682634 22.333 22.3329 32.1171 0 25.9553 24.0192
725 100 10000 1586 448 2 1 105 194 0.707424 0.775761 0.330206 0.297641 0.673055 0.703398 22.2259 22.1856 25.8434 59.5867 24.4717 24.5414
725 125 10000 1549 470 6 1 103 194 0.718408 0.756426 0.758915 1.04766 0.707089 0.777823 21.9953 21.6108 26.4676 55.0735 24.7785 23.1485
725 150 10000 1545 454 0 1 101 197 0.720841 0.778938 0 0.418471 0.615814 0.72257 21.9232 22.6387 0 23.8803 26.967 22.2714
725 200 10000 1401 470 5 0 88 172 0.710743 0.762362 0.529915 0 0.646255 0.801609 22.2539 21.0569 28.4549 0 26.2843 21.7388
725 225 10000 1321 455 5 0 83 177 0.724752 0.784309 0.839848 0 0.619713 0.66654 21.7293 20.3168 27.8882 0 26.2197 21.1079
725 250 10000 1176 448 0 0 59 155 0.747219 0.840672 0 0 0.725669 0.7258 21.9924 19.6703 0 0 24.9641 21.5792
725 275 10000 1145 445 2 1 57 164 0.743326 0.799274 0.470115 0.312206 0.607981 0.777186 21.8547 19.4319 36.1348 202.164 23.8505 22.7185
725 325 10000 814 446 1 0 32 122 0.757648 0.80475 0.458222 0 0.819478 0.748507 22.7489 19.4842 102.659 0 28.6519 22.1331
725 350 10000 697 377 3 0 31 127 0.731552 0.820025 0.549091 0 0.726709 0.706666 22.6953 19.4756 30.1091 0 23.5008 20.8364
725 375 10000 501 362 3 1 27 96 0.774903 0.771562 0.830801 1.18881 0.745595 0.70754 23.2022 20.7051 33.2502 27.5706 29.4996 21.9447
725 400 10000 370 315 1 0 17 82 0.794052 0.791217 0.451822 0 0.818984 0.762969 23.8461 21.4632 24.3899 0 28.7802 21.1874
725 425 10000 289 248 1 1 14 65 0.77899 0.807184 0.969282 0.309684 0.730472 0.736238 23.9458 20.6918 50.0829 138.055 26.431 21.7721
725 450 10000 203 183 1 0 16 56 0.751334 0.791948 0.245912 0 0.895747 0.697096 23.4909 21.6685 97.7685 0 25.555 23.6435
725 475 10000 189 141 1 1 16 44 0.669727 0.793116 0.24504 0.452098 0.852055 0.824504 23.5866 22.4509 26.0827 18.4769 26.9922 25.6941
725 550 10000 90 40 0 1 15 9 0.717039 0.850379 0 0.403191 0.741344 0.875085 24.7811 20.8791 0 117.28 25.2138 28.6169
725 575 10000 69 21 0 1 11 8 0.759512 0.761771 0 0.373593 0.564841 0.699798 23.6846 27.5832 0 102.129 25.9859 27.0095
725 600 10000 58 11 1 0 4 3 0.763357 0.632976 0.402079 0 0.627945 0.575706 25.009 28.432 43.373 0 45.2044 42.5693
725 650 10000 15 3 0 0 1 0 0.763908 0.784596 0 0 0.607775 0 40.6272 37.3428 0 0 25.652 0
725 675 10000 2 0 0 0 1 0 1.90104 0 0 0 0.418108 0 26.7821 0 0 0 41.0009 0
750 50 10000 1651 422 2 2 159 208 0.721171 0.725658 0.559033 0.290729 0.552149 0.677869 22.656 23.0292 68.8292 63.9658 26.4958 24.8902
750 75 10000 1694 397 1 1 126 216 0.702418 0.758647 2.04355 1.4391 0.689711 0.704251 22.7027 22.3548 38.9802 45.9136 24.9581 23.9884
750 125 10000 1697 467 2 2 109 205 0.695792 0.743331 0.883596 0.312032 0.676504 0.718107 22.3881 21.8927 34.585 69.9351 28.1086 24.1587
750 150 10000 1618 413 8 0 100 187 0.708386 0.798923 0.480228 0 0.726182 0.737423 22.4976 22.4181 22.5648 0 26.3447 23.6893
750 175 10000 1606 473 1 0 103 197 0.72695 0.775873 1.71897 0 0.661804 0.625729 22.023 22.0611 30.2317 0 25.9185 22.81
750 200 10000 1586 454 5 0 112 178 0.71088 0.795418 0.873701 0 0.634891 0.718113 21.5936 20.7249 36.416 0 25.7549 22.6171
750 250 10000 1329 471 5 1 64 190 0.747958 0.814011 0.509278 1.61564 0.753251 0.706525 21.9231 20.0312 30.4369 36.8932 24.078 22.1947
750 275 10000 1306 387 5 0 82 150 0.73831 0.852565 0.392421 0 0.653803 0.801525 22.027 20.1599 34.7661 0 23.4572 22.5509
750 325 10000 1021 416 2 0 49 161 0.746363 0.801775 0.808202 0 0.712416 0.761321 21.9846 19.9264 46.291 0 23.846 20.3576
750 350 10000 871 438 1 2 46 95 0.749289 0.806153 0.589246 0.698557 0.691034 0.841198 22.4116 19.3238 31.1874 37.1222 26.7578 20.9557
750 375 10000 708 394 0 2 36 131 0.735429 0.775833 0 0.535748 0.615173 0.747996 23.273 19.4891 0 67.3241 23.4736 22.9989
750 400 10000 566 358 3 0 23 82 0.731088 0.771152 0.744058 0 0.585332 0.747952 23.8174 19.2057 44.1813 0 37.145 22.5082
750 425 10000 410 305 2 0 24 81 0.724214 0.813694 0.417756 0 0.705398 0.689844 24.4433 18.7435 72.6246 0 23.5313 26.6006
750 475 10000 206 198 1 1 18 52 0.736901 0.829557 0.60085 0.426869 0.700426 0.637977 23.7685 19.7129 46.8724 22.6938 26.9892 30.3232
750 550 10000 122 68 0 0 11 22 0.740973 0.750221 0 0 0.800526 0.639934 24.5363 24.2036 0 0 32.1774 30.9604
750 575 10000 103 42 0 0 5 8 0.727213 0.904278 0 0 1.30451 0.758932 22.7475 26.4382 0 0 29.3144 24.0668
750 625 10000 65 11 0 0 6 2 0.682706 0.996147 0 0 0.674664 0.606539 24.137 25.8744 0 0 48.2328 55.536
750 675 10000 14 2 0 0 3 0 0.937702 0.46848 0 0 0.310962 0 31.8558 29.7676 0 0 34.8384 0
750 700 10000 1 0 0 0 0 0 2.62024 0 0 0 0 0 27.6955 0 0 0 0 0
775 75 10000 1828 386 4 0 148 224 0.689103 0.753374 0.455699 0 0.593866 0.642381 23.1463 22.9926 44.5321 0 25.5348 25.3217
775 100 10000 1763 373 4 1 150 201 0.698983 0.761896 0.58995 0.558398 0.617653 0.691888 22.8549 23.3488 36.3951 97.3936 25.3772 24.4298
775 125 10000 1785 403 3 0 130 208 0.711852 0.749135 0.688034 0 0.640948 0.678853 22.4021 22.7488 31.1418 0 26.6362 23.8992
775 150 10000 1740 396 2 0 116 202 0.700043 0.781279 1.51051 0 0.621143 0.664376 22.6871 21.9772 29.1197 0 25.4452 23.943
775 200 10000 1711 404 1 0 102 157 0.697636 0.802941 0.421878 0 0.703252 0.778208 22.1348 21.414 101.6 0 27.2704 23.3532
775 225 10000 1674 424 3 0 103 168 0.721878 0.817822 0.647477 0 0.673304 0.78103 21.9814 21.4615 34.5835 0 26.1508 22.3881
775 250 10000 1613 438 1 2 86 178 0.717102 0.769002 1.14328 0.496854 0.624167 0.790263 21.8764 21.0514 78.9895 64.5736 26.6715 23.6803
775 275 10000 1441 459 2 0 80 167 0.745413 0.768602 1.11131 0 0.621669 0.76421 21.7643 20.8335 26.6651 0 24.2474 21.3538
775 300 10000 1311 442 5 0 90 175 0.737906 0.800924 0.801109 0 0.66873 0.764184 21.6663 20.1602 28.5283 0 25.1748 23.292
775 400 10000 773 422 0 2 36 83 0.729888 0.776678 0 0.229094 0.674572 0.772712 22.7372 19.9967 0 236.604 25.6597 24.7574
775 450 10000 467 292 0 1 27 74 0.720918 0.809515 0 0.311563 0.852535 0.741073 23.6438 21.5187 0 202.791 30.3892 24.1262
775 475 10000 326 247 1 0 16 69 0.771219 0.802685 0.00304943 0 0.582344 0.768127 24.5081 20.1187 20.9671 0 26.8309 22.4367
775 500 10000 227 192 1 0 13 60 0.844339 0.75471 0.313988 0 0.62142 0.6732 23.9559 21.9579 40.8439 0 26.3426 22.387
775 525 10000 184 142 0 0 15 47 0.713653 0.824096 0 0 0.676411 0.624494 24.5908 20.3221 0 0 27.4974 26.6886
775 550 10000 142 75 0 0 15 21 0.824745 0.828037 0 0 0.719251 0.769722 22.4396 25.1774 0 0 25.6546 29.7812
775 650 10000 41 13 0 0 7 4 0.936735 0.52641 0 0 0.693727 0.672367 24.4655 50.6817 0 0 24.5369 38.324
775 675 10000 42 3 0 0 4 4 0.760068 1.79522 0 0 0.447024 0.479065 26.549 37.1536 0 0 61.1154 50.4157
775 700 10000 16 2 0 0 3 0 0.65977 0.571688 0 0 0.324804 0 28.6646 32.1553 0 0 35.4063 0
775 725 10000 3 0 0 0 0 0 0.950006 0 0 0 0 0 29.0116 0 0 0 0 0
800 75 10000 1991 385 2 1 179 192 0.658963 0.740629 0.95295 0.390948 0.58324 0.660161 23.3066 23.557 25.8406 33.117 26.7792 26.0401
800 100 10000 1888 378 3 3 133 207 0.692321 0.776925 1.42766 0.292271 0.613873 0.643249 23.1487 23.5666 27.0976 91.5014 27.2437 24.3572
800 200 10000 1750 383 5 0 117 193 0.712886 0.812349 0.516585 0 0.61136 0.7126 22.3129 21.3817 28.8014 0 28.4023 22.9279
800 225 10000 1711 425 3 1 123 186 0.727937 0.805745 0.703375 0.772599 0.626315 0.67814 21.786 21.7731 40.8393 127.014 25.1413 22.6052
800 275 10000 1648 411 1 0 95 181 0.727381 0.754064 3.95927 0 0.606309 0.750096 21.7394 20.9262 37.7163 0 24.9763 21.6533
800 300 10000 1569 447 1 2 84 146 0.730138 0.739554 1.29059 0.593382 0.579193 0.709518 21.757 20.7631 61.2499 45.1853 27.6846 23.1078
800 325 10000 1428 455 2 1 83 158 0.71487 0.770431 1.08813 0.457564 0.596264 0.722824 21.9705 20.4338 26.3673 99.4275 26.9811 22.6343
800 400 10000 954 419 2 2 46 121 0.736723 0.805465 0.611312 0.786198 0.727032 0.769531 22.6375 19.918 25.1632 35.0642 23.7822 21.7183
800 425 10000 767 371 3 0 37 98 0.739269 0.815234 0.541316 0 0.668218 0.760443 23.2257 19.0774 26.4895 0 26.7582 21.7755
800 500 10000 346 232 1 1 21 69 0.738992 0.819016 1.51417 0.787941 0.738603 0.734525 23.6481 19.4036 47.2664 36.2967 27.6024 22.979
800 600 10000 106 65 0 1 15 17 0.84806 0.799478 0 0.864488 0.634294 0.719486 23.1112 25.608 0 57.0618 33.9142 34.7407
800 625 10000 85 32 0 0 11 11 0.791738 0.89368 0 0 0.647478 0.714366 29.4317 28.8198 0 0 32.9327 24.3533
800 650 10000 71 17 0 0 5 5 0.847495 0.856686 0 0 0.850723 0.823357 24.0468 30.3305 0 0 30.7033 26.905
800 725 10000 19 2 0 0 0 1 0.499377 0.897112 0 0 0 0.232122 26.7074 26.4978 0 0 0 176.356
800 750 10000 3 0 0 0 2 0 1.0584 0 0 0 0.288366 0 28.236 0 0 0 39.3989 0
825 50 10000 2057 338 2 1 179 223 0.669293 0.740715 0.778234 0.105563 0.581508 0.592279 23.7003 23.3847 25.7123 25.1474 27.6796 26.2826
825 75 10000 1978 363 8 0 182 215 0.680383 0.719775 0.427158 0 0.586072 0.627019 23.188 24.0473 24.6458 0 25.1058 26.054
825 100 10000 1981 367 2 0 184 226 0.68468 0.732188 0.555276 0 0.521905 0.60461 23.1072 24.0921 53.1754 0 26.5025 25.3863
825 150 10000 2023 378 3 1 147 178 0.688365 0.708613 0.862544 0.202561 0.616864 0.739006 22.9355 23.3208 38.2814 68.7075 26.4988 23.2922
825 175 10000 2022 374 3 0 157 162 0.703893 0.755133 0.472518 0 0.593312 0.766381 22.3867 23.1367 29.9614 0 26.956 24.5579
825 200 10000 1933 377 5 3 165 198 0.705549 0.758175 0.321544 0.553964 0.54584 0.644678 22.4593 22.0365 38.3983 43.5913 25.3251 23.7349
825 225 10000 1893 368 2 0 152 184 0.708422 0.775854 0.893826 0 0.60649 0.746724 22.5017 22.7115 24.9609 0 25.1587 23.9266
825 250 10000 1850 387 1 0 127 150 0.70379 0.795255 2.64424 0 0.616375 0.7809 22.2055 23.0472 31.9808 0 24.0522 23.1449
825 275 10000 1789 397 4 1 93 162 0.706447 0.806253 1.10139 0.515248 0.65425 0.773865 21.9381 21.0296 37.4184 47.7546 27.1852 22.5118
825 300 10000 1670 401 2 1 92 161 0.718765 0.788404 0.712758 0.439364 0.650326 0.760765 21.9087 21.9813 58.9696 21.1139 25.5644 22.6968
825 325 10000 1606 444 4 1 87 170 0.706638 0.772095 0.6379 0.627696 0.664091 0.682587 21.6266 20.5257 31.412 125.595 24.5446 22.6361
825 350 10000 1471 426 1 2 73 145 0.736715 0.808762 0.768938 0.646612 0.651125 0.779062 21.9398 20.5029 87.4049 21.0605 26.1321 23.3215
825 375 10000 1304 456 4 0 68 158 0.739543 0.790303 0.831011 0 0.67418 0.705196 22.0096 20.2985 27.387 0 25.9847 22.927
825 425 10000 960 376 3 3 36 117 0.733867 0.816008 0.400606 0.436148 0.569769 0.817279 22.452 19.9581 44.9423 89.4652 29.256 20.5981
825 450 10000 781 345 4 2 40 100 0.764375 0.797628 0.614498 0.438773 0.655494 0.787236 22.3604 19.1455 45.014 88.3 26.3007 22.4108
825 500 10000 441 312 0 0 26 74 0.762175 0.742743 0 0 0.73857 0.744486 24.0229 20.7138 0 0 28.9596 21.5321
825 525 10000 350 239 1 2 25 47 0.73392 0.777678 0.20628 0.471991 0.64666 0.900687 24.0911 19.8194 246.59 65.3484 24.1473 20.0744
825 550 10000 220 162 3 0 9 43 0.783879 0.826365 0.505155 0 0.865728 0.807563 23.6584 20.2877 24.7729 0 36.4863 27.7166
825 575 10000 176 140 0 0 13 35 0.794863 0.77322 0 0 0.70775 0.709624 23.6299 20.8391 0 0 31.5596 35.9957
825 600 10000 139 92 1 0 11 20 0.772553 0.763352 0.54413 0 0.82246 0.738022 23.8972 24.7431 75.1806 0 27.5238 30.0468
825 625 10000 111 65 0 1 8 19 0.802515 0.750196 0 0.741817 0.838147 0.691969 23.6227 25.6273 0 83.8622 31.5781 23.754
825 700 10000 50 14 0 0 9 4 0.746436 0.778184 0 0 0.679326 0.698008 24.9519 34.6298 0 0 25.4343 22.5984
825 725 10000 28 3 0 0 4 0 0.766472 1.43298 0 0 0.517095 0 27.7238 25.3016 0 0 46.2686 0
825 750 10000 22 1 0 0 4 2 0.531294 0.199151 0 0 0.457767 0.659297 25.3555 298.923 0 0 36.9502 64.4199
850 50 10000 2107 334 2 0 174 224 0.662693 0.677349 0.615009 0 0.620582 0.565206 23.912 24.1536 30.5775 0 26.4831 28.2608
850 100 10000 2079 341 6 0 190 236 0.686264 0.73129 0.572731 0 0.595956 0.520632 23.4628 25.3617 25.8661 0 26.4072 27.4045
850 125 10000 2104 335 6 1 168 191 0.674203 0.764579 0.625429 0.732144 0.641128 0.652937 23.3766 23.2521 26.588 26.3894 27.8613 26.1705
850 225 10000 1999 368 3 1 121 192 0.703424 0.735755 0.782447 0.549802 0.650578 0.678881 22.5821 22.6427 25.8439 77.6667 28.3731 24.0714
850 250 10000 1998 364 2 0 141 174 0.700456 0.814343 1.0071 0 0.626726 0.692489 22.3263 21.266 37.0191 0 25.809 24.1601
850 275 10000 1866 412 2 3 126 157 0.710555 0.742538 1.19674 0.342335 0.631279 0.727425 22.2553 21.8282 33.1303 77.6824 26.2571 23.1107
850 300 10000 1897 366 3 1 107 148 0.69319 0.807034 0.489228 0.502164 0.614631 0.673571 22.278 20.9614 39.6608 26.3657 26.5093 25.9251
850 400 10000 1314 432 2 0 60 140 0.737789 0.83869 1.0048 0 0.702528 0.689968 21.6991 19.9438 26.2122 0 24.397 22.4501
850 450 10000 993 406 2 0 44 125 0.736084 0.768207 0.838643 0 0.695654 0.712327 23.0665 19.6691 35.8168 0 25.4355 22.3561
850 500 10000 589 313 0 1 35 99 0.744412 0.801669 0 0.590921 0.600096 0.765209 24.3602 18.7152 0 149.422 28.4473 22.8169
850 525 10000 460 295 3 1 25 74 0.778857 0.817177 0.478135 0.421546 0.787167 0.843205 22.9912 18.9436 62.2889 37.3753 31.2584 21.0136
850 575 10000 261 165 0 1 13 39 0.744588 0.842005 0 0.472167 0.885569 0.81055 24.469 20.55 0 22.5798 27.3988 27.802
850 625 10000 123 87 0 0 17 23 0.898018 0.805641 0 0 0.634241 0.791656 25.2643 29.2592 0 0 24.5038 25.1069
850 650 10000 126 60 0 0 7 11 0.761265 0.773145 0 0 0.925915 0.66823 25.3016 19.8163 0 0 26.3282 44.9152
850 725 10000 46 9 0 0 6 4 0.804736 0.760712 0 0 0.63086 0.653887 27.9332 40.9555 0 0 30.0247 43.2599
850 750 10000 35 0 0 0 3 1 0.774407 0 0 0 1.12553 1.25526 28.8473 0 0 0 31.7981 54.5977
850 800 10000 4 0 0 0 2 0 0.6384 0 0 0 0.574978 0 54.406 0 0 0 39.9203 0
875 50 10000 2146 313 1 1 229 199 0.659939 0.676018 0.990133 0.495983 0.531496 0.631687 24.3491 25.8891 33.0339 33.5949 26.8573 26.3421
875 125 10000 2157 322 1 0 196 201 0.670912 0.703265 1.40121 0 0.57429 0.627862 23.6286 24.9449 25.055 0 26.3746 26.0635
875 200 10000 2122 311 5 1 175 164 0.674914 0.804397 0.72325 0.203193 0.566336 0.631612 23.2521 23.1061 21.2338 27.3278 27.2341 27.4995
875 250 10000 2100 377 3 0 164 175 0.697344 0.72893 0.579946 0 0.601709 0.62923 22.6363 22.8086 30.0713 0 25.0048 26.0276
875 275 10000 2019 342 3 0 145 180 0.706998 0.791654 0.748537 0 0.547731 0.699238 22.6301 22.7158 31.0873 0 25.4051 23.9487
875 300 10000 1888 389 6 3 144 177 0.726343 0.771903 0.560771 0.453709 0.599436 0.680393 22.4663 22.2918 30.4976 92.5773 26.2243 23.468
875 375 10000 1654 429 2 0 69 153 0.712109 0.769511 1.32075 0 0.848198 0.752159 21.977 20.9657 22.6584 0 25.6775 22.1984
875 425 10000 1327 409 5 2 62 154 0.738751 0.8212 0.678805 0.444036 0.672547 0.689463 22.3465 20.3925 24.4511 21.8904 26.9018 21.7268
875 475 10000 1004 407 1 0 51 127 0.759171 0.811176 0.603605 0 0.596845 0.7594 22.912 19.7661 22.7679 0 30.1061 21.2014
875 500 10000 763 380 1 4 32 99 0.788191 0.796035 1.21189 0.754904 0.778033 0.759272 23.1493 20.5527 53.5449 18.4794 31.2867 22.755
875 525 10000 676 313 1 0 20 95 0.720736 0.863005 1.5125 0 0.84915 0.730138 23.6128 20.8235 46.3355 0 30.6046 22.182
875 575 10000 352 219 1 0 21 42 0.767198 0.812178 0.935894 0 0.74098 0.971646 23.9896 19.8558 23.4103 0 34.8669 25.5185
875 600 10000 251 165 1 0 14 48 0.733135 0.840246 0.872692 0 1.00538 0.734321 23.8364 21.2781 22.1348 0 24.2641 22.4537
875 650 10000 131 85 0 0 5 21 0.841797 0.837687 0 0 1.34096 0.76527 25.3812 25.1205 0 0 28.0066 26.6968
875 675 10000 130 76 0 1 11 19 0.712232 0.629464 0 0.455083 0.761698 0.599456 25.2053 24.2723 0 19.7657 28.8436 27.8716
875 700 10000 96 35 0 0 6 13 0.713311 0.688018 0 0 0.910154 0.727719 26.86 25.2221 0 0 31.6222 27.8374
875 725 10000 75 23 1 0 6 7 0.706996 0.751947 0.236193 0 0.714899 0.97221 26.3501 22.7881 26.0026 0 32.5602 30.0115
875 750 10000 50 11 0 0 6 2 0.692213 0.796025 0 0 0.451996 0.801775 27.7604 33.4097 0 0 34.7142 63.0608
875 775 10000 24 4 0 0 2 1 0.973122 0.93418 0 0 0.69558 1.15093 31.3476 55.1243 0 0 25.6431 40.1897
875 800 10000 22 0 0 0 1 1 0.447933 0 0 0 0.191159 0.583031 29.1933 0 0 0 184.196 45.6676
875 825 10000 0 0 0 0 0 0 0 0 0 0 0 0 0 0 0 0 0 0
900 50 10000 2208 282 2 0 235 187 0.650112 0.718781 0.723506 0 0.561877 0.620777 24.6717 26.1142 31.8661 0 27.4728 27.6813
900 125 10000 2231 257 2 2 202 201 0.668294 0.798635 0.758763 0.504417 0.5803 0.630605 24.0846 25.1742 28.4073 66.2224 27.465 27.0179
900 150 10000 2238 293 3 0 202 204 0.664636 0.768462 0.585649 0 0.583445 0.626915 23.9696 24.3145 33.9252 0 25.9817 26.5071
900 175 10000 2316 292 1 0 201 186 0.647154 0.811704 1.29261 0 0.561888 0.656927 23.6517 23.5354 45.238 0 25.7665 25.9706
900 200 10000 2247 325 3 0 174 176 0.667979 0.72954 0.727511 0 0.619695 0.66958 23.546 24.0175 37.8279 0 26.578 25.5457
900 225 10000 2280 306 9 0 167 173 0.678025 0.784838 0.495389 0 0.640651 0.716162 23.1255 23.2976 24.5423 0 26.1655 23.9869
900 250 10000 2188 365 4 2 165 192 0.689655 0.747195 0.524613 0.649154 0.634605 0.673108 23.0151 22.6499 37.2695 30.7087 25.4723 24.6118
900 275 10000 2194 337 4 0 160 166 0.695235 0.75219 0.465277 0 0.57071 0.706726 22.8463 22.7135 44.1777 0 25.6842 23.8503
900 300 10000 2115 361 6 1 140 172 0.696356 0.758497 0.589592 0.361611 0.591748 0.70829 22.3825 22.0647 27.483 82.2296 24.8337 24.8644
900 325 10000 2040 365 4 1 127 163 0.700045 0.779611 0.362849 0.782774 0.616599 0.699944 22.1442 22.6357 24.1659 103.381 26.0549 23.6439
900 350 10000 1871 413 3 1 128 167 0.725629 0.761857 0.52165 0.929855 0.61509 0.702362 22.1002 21.7438 26.1681 48.9415 24.8782 22.6444
900 400 10000 1723 415 2 0 113 143 0.722831 0.781948 1.31062 0 0.616983 0.745663 21.799 20.7442 27.5007 0 24.5631 23.9245
900 425 10000 1586 401 2 2 100 176 0.735632 0.779288 0.519349 0.336428 0.563255 0.666887 21.841 20.3249 109.657 52.2356 24.3378 22.4194
900 450 10000 1404 414 2 2 72 148 0.72706 0.815196 0.572589 0.37044 0.575827 0.745916 21.933 19.9486 34.4938 51.4968 25.9991 20.9695
900 475 10000 1269 429 2 0 59 133 0.726859 0.751677 0.598469 0 0.658767 0.736557 21.8445 19.6683 47.4745 0 26.0096 22.8336
900 525 10000 870 359 1 0 41 111 0.721522 0.810477 0.721773 0 0.71229 0.727131 22.6647 19.7348 39.1521 0 28.5269 21.3051
900 550 10000 639 345 3 0 33 82 0.751191 0.785712 0.587703 0 0.690345 0.765966 23.6036 19.3914 24.3809 0 28.9797 21.3867
900 575 10000 475 300 2 2 25 82 0.779066 0.819054 0.220192 0.523749 0.592122 0.688556 23.7841 21.1967 28.907 20.836 29.7205 20.4876
900 600 10000 342 230 2 3 13 55 0.735308 0.804689 0.451865 0.294351 0.719371 0.750644 23.4794 19.9698 31.4849 57.9759 46.2257 23.9948
900 625 10000 234 180 2 0 14 51 0.807642 0.862619 0.311104 0 0.944617 0.772919 24.5977 23.063 32.5232 0 28.8109 21.9081
900 650 10000 206 115 0 0 17 21 0.724934 0.87898 0 0 0.589978 0.939164 24.3035 21.4933 0 0 26.8294 33.9536
900 675 10000 159 103 0 0 13 17 0.707701 0.794507 0 0 0.753745 0.82369 25.4297 23.3811 0 0 28.2666 45.3255
900 700 10000 115 62 1 0 9 19 0.766073 0.883481 1.10884 0 0.744207 0.608226 25.8317 23.9662 43.001 0 28.6834 37.4373
900 725 10000 88 30 0 0 7 9 0.731907 0.80733 0 0 0.943169 0.932764 26.5811 28.8806 0 0 28.1212 28.2213
900 750 10000 74 12 1 0 3 5 0.72716 0.872509 0.484246 0 1.04578 0.770346 26.491 40.2876 61.339 0 31.3225 28.3254
900 775 10000 58 9 0 0 3 5 0.705815 0.841255 0 0 1.02461 0.716618 28.9866 30.4832 0 0 30.3465 34.8829
900 825 10000 15 2 0 0 0 0 0.729719 0.590748 0 0 0 0 32.8868 67.3165 0 0 0 0
900 850 10000 3 0 0 0 0 0 0.661161 0 0 0 0 0 50.7159 0 0 0 0 0
925 50 10000 2260 243 3 2 220 212 0.642499 0.743709 0.393752 0.442875 0.596316 0.5701 25.0984 26.269 23.3461 77.8882 27.3875 28.6629
925 75 10000 2311 293 4 1 233 199 0.637888 0.67777 0.554763 1.57245 0.589136 0.556593 24.7421 25.2914 35.2174 32.6332 26.7084 29.545
925 125 10000 2394 303 1 0 223 180 0.633979 0.68006 0.44877 0 0.548257 0.622326 24.6452 24.0384 75.743 0 26.9703 26.9314
925 150 10000 2354 252 8 0 204 176 0.64633 0.747684 0.465124 0 0.610733 0.708149 24.0132 25.7241 29.6266 0 26.246 26.018
925 200 10000 2328 281 3 0 171 190 0.657606 0.770589 0.686076 0 0.643961 0.607163 23.4817 23.6106 32.9375 0 26.3132 26.6363
925 225 10000 2291 316 4 0 187 164 0.68134 0.730973 0.341477 0 0.595542 0.661625 23.6396 23.8317 38.6155 0 25.4051 25.3815
925 300 10000 2207 308 7 0 137 169 0.692147 0.857726 0.391322 0 0.699512 0.666499 22.529 22.6922 31.9263 0 26.1281 24.0602
925 325 10000 2124 392 3 1 139 171 0.70151 0.717589 0.776504 0.591079 0.617186 0.665261 22.393 22.5878 41.865 23.9356 25.2221 24.1988
925 350 10000 2062 359 7 0 123 145 0.711585 0.764703 0.453124 0 0.645518 0.7828 22.3094 21.8704 26.0943 0 26.7118 22.665
925 375 10000 1958 400 3 0 113 161 0.718283 0.750345 0.795975 0 0.658545 0.712029 21.9631 21.0045 29.5372 0 24.6198 23.499
925 425 10000 1716 427 1 0 97 139 0.737153 0.797231 1.55546 0 0.601856 0.768651 21.8007 20.4628 35.8459 0 24.1325 21.6125
925 450 10000 1538 436 4 0 61 156 0.738683 0.771863 0.62619 0 0.676083 0.748803 21.6456 20.3398 24.7991 0 26.1683 23.049
925 475 10000 1438 397 2 2 83 124 0.723692 0.815738 1.42405 0.614194 0.617687 0.785339 21.7462 20.2553 32.2722 54.5657 25.603 21.6702
925 525 10000 1053 418 2 0 49 124 0.736471 0.776951 0.80755 0 0.749706 0.672454 22.0283 19.6762 39.2729 0 29.3883 21.795
925 550 10000 916 360 2 0 34 84 0.72665 0.808999 0.762519 0 0.684956 0.857197 22.8989 19.0911 38.2696 0 25.1642 22.1414
925 575 10000 655 340 3 1 25 80 0.773131 0.765908 0.616659 1.12127 0.772522 0.815208 23.9603 20.5571 34.9033 77.1598 27.1914 22.3521
925 600 10000 472 285 2 0 28 79 0.771144 0.806586 0.415355 0 0.563815 0.739004 23.1147 19.8336 32.7722 0 29.0209 21.3419
925 625 10000 361 231 0 0 14 66 0.771588 0.775495 0 0 0.872123 0.777452 24.4969 19.9746 0 0 33.0789 20.6421
925 700 10000 146 92 0 0 17 18 0.768587 0.819423 0 0 0.492433 0.574365 24.9931 24.029 0 0 27.7546 24.3572
925 725 10000 106 65 0 0 7 17 0.826575 0.817456 0 0 0.688271 0.694759 25.7372 25.5464 0 0 40.4766 29.9347
925 750 10000 101 36 1 0 11 8 0.735712 0.657371 0.212235 0 0.627391 1.05044 25.5221 29.707 26.0755 0 32.1712 36.5746
925 825 10000 31 4 0 0 2 2 0.696628 0.58454 0 0 0.536525 0.300101 26.5881 34.1751 0 0 40.0849 25.0178
925 850 10000 13 5 0 0 3 2 0.840165 0.344734 0 0 0.379622 0.304458 29.9077 57.7895 0 0 46.1096 43.9111
925 875 10000 5 0 0 0 0 0 0.632445 0 0 0 0 0 35.7391 0 0 0 0 0
950 50 10000 2301 259 3 0 225 199 0.631023 0.660859 0.930169 0 0.523315 0.545205 25.4568 26.3062 25.983 0 28.8407 29.0176
950 75 10000 2343 256 2 0 278 198 0.629013 0.6821 1.25735 0 0.500006 0.627224 25.1981 25.1346 23.4957 0 28.4768 29.1424
950 100 10000 2351 258 2 0 258 179 0.633238 0.652663 1.16604 0 0.529083 0.573188 24.8333 26.4025 31.6382 0 28.4319 27.5825
950 225 10000 2373 278 1 1 211 187 0.668541 0.780155 1.1571 0.880925 0.510312 0.63004 23.9575 24.6387 52.0345 72.7815 27.3345 25.7284
950 275 10000 2299 295 2 0 175 169 0.681154 0.755203 0.645412 0 0.600282 0.70331 23.4066 22.8044 40.3399 0 25.9479 23.3865
950 300 10000 2302 326 7 1 157 142 0.678266 0.762264 0.53245 0.602088 0.58297 0.740997 23.0115 22.8099 28.8013 25.9991 26.8343 24.7185
950 325 10000 2208 355 3 0 171 176 0.70147 0.75188 0.611949 0 0.58632 0.638604 22.9842 22.3568 26.2321 0 25.1582 24.4977
950 350 10000 2127 335 4 1 132 154 0.703594 0.805527 0.78444 0.7266 0.637834 0.778516 22.5867 22.1008 29.28 21.1873 27.0346 23.6023
950 425 10000 1882 376 8 1 123 144 0.738734 0.781245 0.61215 1.07772 0.553782 0.741062 21.9813 21.3978 30.583 61.815 25.6617 22.9578
950 475 10000 1692 366 1 0 82 134 0.72758 0.848359 1.56529 0 0.647561 0.744229 21.5723 20.6744 58.1698 0 27.718 21.7073
950 500 10000 1472 400 2 1 71 144 0.733532 0.803841 0.745132 0.921792 0.654931 0.639529 21.566 20.611 27.3077 73.693 29.957 22.1931
950 525 10000 1267 408 1 1 60 137 0.75103 0.794861 0.794521 0.450931 0.635545 0.757393 21.9349 21.069 59.1198 22.5195 25.0146 22.2608
950 550 10000 1117 399 2 2 47 100 0.740452 0.784163 0.417472 0.313802 0.758226 0.781091 22.5773 19.8817 66.7452 33.472 23.026 21.5056
950 575 10000 862 373 2 2 41 122 0.728996 0.766395 1.05584 0.832384 0.635825 0.680891 22.9274 19.7216 46.0392 23.1406 29.0916 21.1741
950 625 10000 528 258 4 0 21 80 0.741771 0.861915 0.702981 0 0.524217 0.823596 23.874 19.611 44.41 0 35.3904 22.9651
950 650 10000 347 228 2 0 23 59 0.758878 0.750806 0.650575 0 0.567982 0.7486 24.0504 22.5109 40.126 0 37.0923 27.8921
950 725 10000 136 88 0 0 8 16 0.808108 0.80264 0 0 1.13344 0.873481 24.3566 23.6971 0 0 32.7415 43.0858
950 750 10000 101 53 0 1 10 12 0.807178 0.801657 0 0.470328 0.689993 0.70307 26.1988 24.6398 0 21.0987 28.776 29.7326
950 775 10000 87 45 0 0 7 7 0.795162 0.666623 0 0 0.834594 0.850991 27.2643 28.124 0 0 25.6601 59.1757
950 825 10000 53 7 1 0 1 4 0.690638 0.936791 0.566767 0 1.63723 0.31209 28.0328 35.9596 26.3684 0 67.3081 112.067
975 50 10000 2358 251 2 1 243 181 0.62335 0.611936 0.571005 0.432558 0.537589 0.52976 25.5419 25.4162 31.6002 129.514 28.3389 29.7069
975 75 10000 2369 263 6 1 261 169 0.618816 0.635964 0.504411 0.74943 0.49356 0.588146 25.6136 26.0019 32.0323 89.6104 27.6181 29.2308
975 100 10000 2360 226 5 2 225 192 0.631434 0.725495 0.409127 0.198402 0.595691 0.573101 25.3623 27.0282 33.3234 144.375 28.2026 27.4445
975 125 10000 2431 257 2 0 257 171 0.629527 0.695186 0.931597 0 0.561755 0.625132 25.4348 26.0868 28.1265 0 27.2796 27.5101
975 150 10000 2421 262 4 1 232 160 0.646002 0.66147 0.63531 0.361961 0.553292 0.61467 24.8849 25.804 39.3083 105.291 27.7398 29.1135
975 200 10000 2403 269 5 1 195 185 0.661181 0.690144 0.310305 0.00125825 0.603967 0.614023 24.5369 25.4604 36.308 31063.9 26.7573 26.3176
975 250 10000 2436 269 5 1 204 153 0.663756 0.761126 0.472022 0.210292 0.525234 0.620969 23.927 24.5214 31.502 130.619 26.9354 26.4994
975 275 10000 2461 289 6 0 208 173 0.677167 0.745264 0.434838 0 0.5765 0.624344 23.6848 23.4912 27.8654 0 26.7238 26.0042
975 300 10000 2406 294 3 0 177 178 0.675768 0.753712 0.376615 0 0.564848 0.655379 23.1267 24.8921 38.6628 0 26.3045 24.7356
975 350 10000 2397 341 2 0 147 147 0.674457 0.751563 0.537298 0 0.596976 0.724833 22.886 22.8163 36.0526 0 25.7526 24.2477
975 500 10000 1701 421 1 1 98 141 0.708013 0.787814 1.71898 0.790308 0.600874 0.730428 21.7738 20.6706 42.0346 91.0957 24.6825 22.2792
975 550 10000 1284 426 1 3 48 135 0.745263 0.76767 1.34303 0.53931 0.761225 0.753956 21.9094 19.9418 44.6922 21.5486 24.5886 22.0235
975 575 10000 1144 374 3 0 48 97 0.732066 0.829284 0.744755 0 0.639049 0.845915 22.1442 18.96 49.4912 0 24.6005 21.134
975 600 10000 895 368 0 0 29 96 0.743363 0.797791 0 0 0.846608 0.787148 23.1159 19.6828 0 0 25.045 21.7423
975 625 10000 686 329 3 2 23 82 0.759567 0.789714 0.351284 0.622469 0.862902 0.807897 23.3957 19.4267 87.3657 41.9818 26.1588 22.9282
975 650 10000 569 274 1 0 17 66 0.712358 0.793258 0.463262 0 0.864835 0.700271 23.4969 20.9362 97.9689 0 28.2962 26.2257
975 675 10000 360 213 1 0 12 60 0.725707 0.840655 0.686091 0 0.779964 0.807728 27.8639 21.8199 28.8226 0 29.4522 23.6357
975 725 10000 173 131 0 0 8 39 0.747818 0.775701 0 0 1.28247 0.748642 25.0238 24.3577 0 0 33.4589 24.6169
975 800 10000 73 32 0 0 7 9 0.758793 0.825782 0 0 0.562308 0.767596 25.8301 25.9459 0 0 36.8644 36.0801
975 825 10000 63 23 0 0 6 6 0.781969 0.600504 0 0 0.634533 0.605357 29.8517 28.7764 0 0 33.7052 46.927
975 850 10000 56 10 0 0 7 3 0.668467 0.823481 0 0 0.428919 0.520308 28.4156 29.6421 0 0 25.8583 74.082
975 875 10000 35 4 0 0 6 5 0.794071 0.777959 0 0 0.389532 0.382295 27.1752 45.6339 0 0 44.1483 40.1725
975 925 10000 3 0 0 0 0 0 0.626502 0 0 0 0 0 42.5117 0 0 0 0 0
1000 50 10000 2340 235 3 0 263 171 0.615252 0.629931 0.698564 0 0.533095 0.566689 25.8872 25.6224 30.3464 0 29.5337 30.3452
1000 75 10000 2397 208 2 0 241 193 0.617417 0.719258 1.01854 0 0.592816 0.551882 25.8891 26.0057 27.9995 0 28.8781 28.7898
1000 100 10000 2437 232 2 0 279 199 0.619029 0.607752 0.485768 0 0.501082 0.573968 25.3899 27.5133 51.7164 0 28.7134 27.8733
1000 150 10000 2457 253 1 1 228 187 0.644028 0.641325 0.624756 0.415056 0.549801 0.551463 25.3059 25.7324 30.798 46.5042 28.4021 28.5756
1000 175 10000 2447 263 11 0 249 151 0.638189 0.673421 0.49199 0 0.534685 0.578391 25.2188 25.9842 26.7682 0 27.7342 27.76
1000 200 10000 2498 275 3 1 253 162 0.643338 0.664123 0.714158 0.139583 0.521517 0.644924 25.015 25.2369 24.3003 30.3491 28.0852 29.0735
1000 225 10000 2573 226 8 0 204 154 0.642473 0.765945 0.308609 0 0.584285 0.658147 24.4674 27.4476 37.5067 0 26.5659 26.9904
1000 250 10000 2521 269 1 1 226 147 0.648155 0.697819 1.14508 0.397341 0.527691 0.649454 24.3141 24.1046 33.134 58.6651 26.4925 28.3811
1000 275 10000 2487 277 2 0 198 189 0.661852 0.735571 0.659286 0 0.584149 0.616884 24.2047 25.3833 74.1225 0 26.2786 25.4027
1000 300 10000 2502 284 8 0 208 154 0.666807 0.733812 0.468617 0 0.554193 0.692203 23.6541 23.8038 31.2572 0 25.5927 26.0373
1000 325 10000 2411 306 7 1 183 169 0.685995 0.767157 0.476791 0.314549 0.619003 0.610619 23.5374 23.7105 37.4287 140.32 26.5493 25.3709
1000 425 10000 2183 359 2 1 137 155 0.704025 0.747872 1.17533 1.34028 0.616236 0.71284 22.6354 22.241 48.0286 37.2252 24.9444 23.9268
1000 450 10000 2067 331 4 0 120 165 0.715314 0.845645 0.604544 0 0.594863 0.699109 22.4396 22.5094 35.8587 0 24.7324 22.4709
1000 475 10000 1943 386 3 0 123 170 0.730497 0.765323 0.49088 0 0.588162 0.691485 21.893 20.2973 34.5016 0 24.9384 21.9471
1000 500 10000 1887 398 4 1 82 138 0.710549 0.767814 0.404028 0.636606 0.654845 0.726739 21.9329 20.68 69.6975 116.336 24.1852 22.3964
1000 550 10000 1589 389 3 2 80 131 0.706258 0.758553 0.429337 0.296608 0.597169 0.802449 21.664 20.254 30.6696 98.1837 25.681 21.2927
1000 675 10000 497 301 2 1 22 70 0.758557 0.775699 0.616506 0.397986 0.675367 0.65265 24.3765 19.1649 62.1894 34.0138 28.6689 26.5469
1000 725 10000 249 142 0 1 16 48 0.738999 0.947671 0 0 0.703614 0.724687 26.055 21.0791 0 6.12092e+07 27.5971 24.8965
1000 775 10000 127 89 0 0 8 17 0.842732 0.724853 0 0 0.939006 0.843305 26.4406 26.9718 0 0 31.8855 36.9389
1000 800 10000 91 35 0 0 12 9 0.905418 0.922039 0 0 0.62518 0.671264 26.605 36.2741 0 0 33.7516 43.9022
1000 825 10000 98 26 0 0 5 6 0.720288 0.713365 0 0 0.861943 1.0589 26.3383 35.3465 0 0 45.7808 57.0564
1000 875 10000 47 8 0 0 4 3 0.80832 0.736996 0 0 0.855817 1.02011 28.3807 46.9084 0 0 26.2384 32.1143
1000 950 10000 1 0 0 0 0 0 1.23839 0 0 0 0 0 41.0007 0 0 0 0 0
1025 50 10000 2409 207 7 0 264 169 0.59793 0.606018 0.423236 0 0.54001 0.535091 26.3393 27.8933 33.0157 0 30.1033 29.4142
1025 75 10000 2499 210 6 1 269 159 0.594463 0.611081 0.403249 0 0.525569 0.559304 26.1533 29.3981 34.4174 4.85319e+07 29.9066 30.0389
1025 100 10000 2443 215 1 0 254 171 0.615532 0.667743 1.09729 0 0.502387 0.532699 25.9938 26.175 36.9121 0 28.0831 30.5114
1025 150 10000 2634 215 1 0 266 145 0.594879 0.684084 1.09876 0 0.538027 0.574831 25.8132 26.0104 30.8669 0 27.6857 30.881
1025 200 10000 2524 223 5 1 243 169 0.636095 0.725922 0.413556 0.397489 0.533369 0.555921 25.2658 25.9485 36.5112 30.4723 27.6783 27.6283
1025 225 10000 2568 244 4 1 242 166 0.621483 0.698596 0.564443 0.246141 0.518619 0.669867 25.0237 27.1532 31.9627 26.4771 27.6783 26.5708
1025 250 10000 2594 259 4 0 202 173 0.635394 0.673043 0.839115 0 0.61232 0.583228 24.702 25.0465 33.1491 0 26.9721 26.6309
1025 300 10000 2520 273 4 0 207 152 0.661557 0.712029 0.689988 0 0.555917 0.723964 24.2946 25.3173 27.9034 0 27.2347 25.5035
1025 325 10000 2534 310 7 0 184 131 0.662417 0.684966 0.534948 0 0.634087 0.741452 24.0032 23.6842 31.2911 0 25.6926 24.8204
1025 375 10000 2452 303 1 0 179 168 0.680597 0.756132 1.9917 0 0.584002 0.602035 23.1353 23.5955 29.5164 0 26.2774 26.2439
1025 400 10000 2426 347 5 3 131 175 0.672205 0.722646 0.548617 0.379758 0.642362 0.644846 23.1188 23.1987 30.272 33.9949 26.2084 24.5947
1025 450 10000 2176 349 10 0 133 158 0.702134 0.760835 0.527836 0 0.637909 0.649284 22.4542 24.097 29.3378 0 26.0091 23.483
1025 500 10000 1980 389 4 1 93 175 0.721611 0.782018 0.31395 0.87833 0.667333 0.649456 22.0777 20.5822 25.4156 22.2382 24.8125 24.1899
1025 525 10000 1912 391 5 1 83 115 0.710532 0.770118 0.490885 0.465356 0.656313 0.743469 21.8364 20.7603 27.7832 108.729 24.9426 23.2862
1025 550 10000 1742 373 1 0 67 136 0.737893 0.797744 1.28341 0 0.6671 0.717976 21.7064 20.3772 63.8756 0 30.4582 22.1944
1025 575 10000 1585 387 2 0 71 123 0.717898 0.82114 1.23466 0 0.599732 0.770205 21.5127 20.0742 24.2 0 25.9284 21.1906
1025 600 10000 1345 392 4 0 65 130 0.731474 0.800548 0.558779 0 0.631464 0.725396 22.0192 19.7644 48.7673 0 29.7534 21.8942
1025 700 10000 504 296 1 0 24 63 0.781659 0.764005 0.732611 0 0.685637 0.884593 23.9661 20.0132 42.6242 0 30.9611 22.5761
1025 725 10000 373 253 1 1 17 44 0.735256 0.7343 0.329403 0.379701 0.759271 0.828192 24.0297 22.0689 51.129 36.9922 26.0926 24.6261
1025 775 10000 190 112 1 1 13 24 0.739042 0.849259 0.402123 0.44324 0.615509 0.775322 25.1882 23.8189 110.855 23.3867 32.3228 24.9755
1025 825 10000 119 62 1 0 8 8 0.738294 0.744108 0.210144 0 0.761958 1.11891 25.0609 27.7248 41.3838 0 51.2078 27.7734
1025 875 10000 62 13 0 0 4 8 0.776286 0.883733 0 0 0.913958 0.671847 28.2199 26.8946 0 0 35.4867 28.7803
1025 900 10000 46 13 0 1 3 1 0.847648 0.582224 0 0.458811 0.541984 1.17692 29.1878 27.901 0 102.635 57.7614 121.504
1050 75 10000 2424 205 4 0 306 177 0.616988 0.641509 0.588343 0 0.46626 0.544253 26.42 28.143 41.1337 0 29.3674 30.2239
1050 100 10000 2570 191 8 0 322 168 0.589913 0.670473 0.507051 0 0.471654 0.589855 26.1211 27.172 32.3413 0 28.9003 28.8662
1050 125 10000 2510 216 2 0 265 183 0.600995 0.613957 1.7873 0 0.510187 0.536075 26.2026 28.2593 26.9329 0 29.1135 28.8373
1050 150 10000 2520 223 8 1 276 182 0.60263 0.617318 0.232656 1.22084 0.518326 0.50535 26.1232 27.5334 32.6408 59.5441 29.0612 28.11
1050 225 10000 2576 208 7 0 262 143 0.627288 0.762371 0.665407 0 0.517715 0.654465 25.5055 26.1367 27.2664 0 28.0483 27.7175
1050 275 10000 2518 262 3 1 220 185 0.642156 0.682736 1.13497 0.361356 0.578305 0.624974 24.8047 25.3329 29.8736 106.325 27.7688 27.5475
1050 325 10000 2576 268 2 0 190 172 0.661585 0.654852 1.02372 0 0.585648 0.595684 24.4019 25.1538 45.1993 0 26.6799 27.0043
1050 350 10000 2575 263 4 3 204 141 0.654523 0.742965 0.982104 0.39295 0.559678 0.635449 23.855 24.0108 33.0282 21.3229 27.516 28.495
1050 400 10000 2428 322 2 0 172 158 0.686994 0.711878 1.23528 0 0.567625 0.710325 23.4749 23.8603 24.6157 0 26.0449 25.0683
1050 425 10000 2412 303 10 1 176 140 0.68156 0.742041 0.341362 0.36232 0.608099 0.722231 23.1215 23.5358 40.9289 23.189 25.0319 25.2395
1050 450 10000 2372 319 9 1 133 155 0.690827 0.80041 0.417637 0.715027 0.636756 0.695536 22.6956 22.5995 31.8978 85.9962 25.7148 24.4176
1050 475 10000 2267 359 2 1 109 143 0.707483 0.74319 0.601317 1.26493 0.64604 0.699475 22.3364 22.4633 55.1227 52.1737 25.9936 22.9488
1050 500 10000 2135 393 4 1 109 137 0.719359 0.778808 0.71667 0.501468 0.647881 0.727108 21.9651 21.3786 33.1818 31.5439 25.4602 22.6172
1050 550 10000 1928 398 3 0 84 139 0.731276 0.8147 0.434636 0 0.632141 0.743265 21.8538 20.6518 28.8363 0 24.2901 22.8192
1050 575 10000 1711 418 3 1 80 136 0.744685 0.761198 0.582285 0.389242 0.702511 0.742455 21.5805 20.6893 53.8748 31.3288 25.1373 21.6026
1050 625 10000 1406 400 1 2 70 123 0.754783 0.821031 1.38284 0.42663 0.640714 0.731356 21.9761 19.5031 28.4023 81.9866 22.3977 20.9947
1050 650 10000 1214 351 2 1 45 118 0.730178 0.815813 0.631252 0 0.812892 0.778643 21.8181 19.5063 48.1576 6.26678e+07 26.4886 21.3481
1050 675 10000 925 338 0 0 40 86 0.752108 0.818531 0 0 0.727678 0.833318 22.2703 19.6784 0 0 28.1039 23.5748
1050 700 10000 736 376 2 0 27 94 0.738454 0.749875 0.195145 0 0.510827 0.68539 23.4302 19.281 25.7464 0 47.6534 21.9682
1050 750 10000 358 218 0 0 14 56 0.770739 0.802929 0 0 0.839222 0.794285 24.4434 20.5838 0 0 33.7936 25.0231
1050 800 10000 206 105 0 1 9 29 0.717289 0.833071 0 0.506707 0.61826 0.632452 25.8627 25.9544 0 24.5966 33.4154 29.257
1050 850 10000 110 43 1 0 4 12 0.81644 1.02016 0.396598 0 1.73026 0.772203 26.1673 28.8827 23.2284 0 30.982 27.7878
1050 875 10000 85 32 1 0 6 9 0.855889 0.773946 0.891875 0 1.08607 0.648739 25.7653 30.1842 21.1351 0 33.9248 22.4566
1050 925 10000 54 11 1 0 4 5 0.722528 0.544716 0.244431 0 0.927757 0.302014 29.9586 37.2347 53.6841 0 25.5062 48.0751
1050 950 10000 28 1 0 0 3 1 0.819866 1.69413 0 0 0.763492 0.927167 30.8893 56.7796 0 0 36.2557 69.7885
1050 975 10000 8 3 0 0 1 1 1.04843 0.496343 0 0 0.5811 0.00312185 35.7156 65.5759 0 0 37.9539 35.2366
1075 50 10000 2522 183 11 0 314 182 0.573533 0.602388 0.225441 0 0.484997 0.481849 27.2677 30.6076 33.2713 0 29.2695 29.9879
1075 100 10000 2485 195 4 0 306 154 0.591527 0.622096 0.461771 0 0.476793 0.487263 27.0469 27.6106 26.59 0 29.1247 32.0853
1075 150 10000 2625 187 6 0 281 156 0.597644 0.664387 0.646661 0 0.506564 0.546969 26.4018 27.3474 27.865 0 28.962 30.2926
1075 175 10000 2650 220 5 0 251 168 0.590253 0.658694 0.378621 0 0.555618 0.562306 26.3684 27.3162 55.4176 0 28.7994 28.4308
1075 200 10000 2590 226 5 0 263 152 0.608126 0.564045 0.594348 0 0.511026 0.592764 26.1027 27.3626 44.7827 0 29.4652 27.9454
1075 225 10000 2620 224 3 0 263 164 0.616585 0.705562 0.243584 0 0.502049 0.554652 25.7656 26.2527 36.228 0 27.7917 27.5444
1075 250 10000 2633 206 4 0 280 169 0.619859 0.7222 0.711173 0 0.467175 0.580499 25.5103 26.4263 29.1647 0 28.4098 30.2999
1075 300 10000 2590 240 5 1 237 155 0.645443 0.695167 0.690081 0.416205 0.557079 0.623084 25.1166 26.0638 26.7615 23.8148 27.6582 25.9695
1075 375 10000 2627 264 3 1 195 148 0.665863 0.741948 0.680782 0.333229 0.586933 0.652692 23.9219 26.7836 53.8616 71.2735 26.2705 25.5893
1075 450 10000 2461 296 8 1 145 153 0.690115 0.727479 0.512258 0.765118 0.584163 0.652759 23.009 22.7733 27.2515 36.9327 25.8156 23.8802
1075 475 10000 2345 317 1 2 164 168 0.688524 0.769338 0.950996 0.454051 0.595231 0.627779 22.8752 23.3308 25.0885 63.2868 26.5935 24.956
1075 500 10000 2311 320 5 0 131 167 0.690922 0.804483 0.598016 0 0.639644 0.694593 22.4258 21.6661 35.0288 0 25.0091 23.2822
1075 525 10000 2207 349 7 1 122 126 0.70884 0.786832 0.620874 0.3174 0.653777 0.75294 21.9901 22.0011 32.1317 42.6627 26.0125 23.9828
1075 650 10000 1399 369 6 1 56 119 0.720585 0.807576 0.421232 0.410755 0.6775 0.760756 21.8634 19.3556 50.9868 82.2675 28.6367 21.6445
1075 675 10000 1143 372 2 0 43 102 0.737824 0.836623 0.649699 0 0.683655 0.827625 22.5666 19.1476 42.9625 0 25.5226 21.4176
1075 700 10000 932 356 3 0 38 111 0.777373 0.789078 0.484104 0 0.649215 0.732654 22.2556 19.4549 31.4327 0 26.2662 20.9943
1075 725 10000 730 303 2 0 31 79 0.742891 0.783392 0.66673 0 0.587453 0.732199 23.1661 19.5373 30.9163 0 30.9449 23.0263
1075 775 10000 378 201 2 2 12 55 0.745956 0.85542 0.716112 0.624167 0.849081 0.772118 24.9124 20.1381 65.9045 53.4985 29.3405 22.4794
1075 800 10000 289 178 0 0 10 37 0.730974 0.76245 0 0 0.83636 0.81239 25.2894 21.6787 0 0 34.8146 22.9816
1075 850 10000 113 91 1 0 10 14 0.834341 0.702104 0.231174 0 0.833762 0.695753 26.2346 22.9593 25.7252 0 31.4422 31.0494
1075 875 10000 105 45 0 0 5 13 0.730598 0.731886 0 0 0.868323 0.798029 27.9774 23.3629 0 0 34.2202 33.6355
1075 925 10000 63 16 0 0 5 6 0.787181 0.83839 0 0 0.958482 0.812048 28.1066 30.9784 0 0 26.9703 43.7565
1075 950 10000 38 6 0 0 2 0 0.722395 1.11441 0 0 0.990963 0 30.5921 46.0949 0 0 42.0559 0
1075 975 10000 27 2 0 0 1 0 0.707042 0.592407 0 0 1.58637 0 32.6031 89.1716 0 0 51.4199 0
1075 1025 10000 4 0 0 0 0 0 0.517385 0 0 0 0 0 41.2925 0 0 0 0 0
1100 100 10000 2566 168 7 0 298 149 0.576908 0.643636 0.537401 0 0.470445 0.545212 26.9986 29.6339 24.7184 0 29.277 32.6161
1100 125 10000 2629 135 6 1 297 157 0.579572 0.779297 0.438343 0.617104 0.493205 0.476701 27.1795 28.2717 33.213 29.1238 30.0702 32.8263
1100 150 10000 2619 210 5 0 328 161 0.5816 0.638139 0.465063 0 0.468054 0.537433 26.5022 27.3833 36.396 0 29.1316 29.1905
1100 200 10000 2633 191 5 0 285 160 0.604518 0.689956 0.459197 0 0.498556 0.526503 26.3573 25.9776 29.6494 0 29.6544 29.8573
1100 225 10000 2658 197 4 0 267 154 0.602157 0.662181 0.51356 0 0.502599 0.518935 26.151 27.7288 40.895 0 29.3518 29.5197
1100 300 10000 2649 229 5 2 240 168 0.632303 0.718601 0.624348 0.499109 0.579564 0.631619 25.167 25.6163 37.9107 81.6646 26.6214 27.0003
1100 375 10000 2605 256 4 0 234 164 0.656785 0.693706 0.743686 0 0.54796 0.618669 24.2432 24.6805 38.2389 0 25.9517 25.748
1100 400 10000 2553 233 6 1 212 142 0.661194 0.772985 0.573757 0.397147 0.589075 0.613904 23.9957 24.6065 26.6399 146.886 26.0146 27.9779
1100 425 10000 2622 287 7 0 175 138 0.664965 0.697788 0.396099 0 0.635222 0.659508 23.9342 24.2051 34.7943 0 28.2139 25.2053
1100 450 10000 2509 276 3 1 164 143 0.67475 0.750216 1.20481 0.388135 0.614898 0.703076 23.4376 23.7806 23.4306 31.8459 26.2127 25.2031
1100 475 10000 2427 291 6 0 172 157 0.700795 0.761155 0.356281 0 0.576555 0.657103 23.1749 23.1406 33.2071 0 25.0448 25.0924
1100 525 10000 2253 328 6 1 121 153 0.716373 0.771655 0.448056 0.653062 0.655559 0.709954 22.6445 22.4823 43.337 24.9223 26.2351 24.9499
1100 550 10000 2258 320 5 1 120 151 0.695361 0.817412 0.866875 1.02828 0.690066 0.715491 22.3636 21.8003 29.6331 62.1295 24.8768 23.978
1100 600 10000 2022 367 3 3 105 143 0.725304 0.796364 1.02938 0.77296 0.626903 0.721855 21.8328 21.3473 37.749 35.1564 24.0179 21.9835
1100 625 10000 1754 406 1 0 94 124 0.747543 0.807349 2.01646 0 0.673605 0.828584 21.7313 19.4769 26.9017 0 23.6261 20.7286
1100 650 10000 1700 396 7 3 69 127 0.725594 0.776556 0.607044 0.334978 0.715731 0.783445 21.2743 20.1339 32.356 54.964 27.7251 21.7782
1100 675 10000 1421 383 1 1 53 108 0.737646 0.823578 1.58264 0.427661 0.63982 0.757509 21.6606 19.7946 27.4033 149.307 29.4597 23.6545
1100 700 10000 1229 354 5 1 50 100 0.740696 0.830996 0.542767 0.462655 0.739901 0.788287 22.0251 19.2286 30.3908 102.497 23.9599 21.4392
1100 725 10000 949 315 1 1 28 100 0.765559 0.856144 0.557048 0.424184 0.845881 0.746923 22.4775 19.2418 48.5446 23.068 37.0404 24.6671
1100 750 10000 762 304 3 1 38 81 0.714279 0.799082 0.24919 0.637084 0.731646 0.731442 23.1289 19.7763 47.057 69.358 26.3871 21.47
1100 775 10000 508 252 1 5 22 58 0.752505 0.808105 0.229384 0.240413 0.731374 0.835196 24.1185 19.6893 250.821 78.3521 25.7412 24.1896
1100 850 10000 157 123 1 1 14 24 0.81709 0.780872 1.18729 0.361767 0.760775 0.952591 27.7481 23.1715 19.6011 24.1687 32.0686 24.5818
1100 875 10000 129 67 0 0 10 16 0.799453 0.86123 0 0 0.723098 0.804474 26.3317 22.4959 0 0 26.307 22.6565
1100 925 10000 74 27 0 0 8 8 0.812309 0.791379 0 0 0.736914 0.601406 27.1424 29.4641 0 0 33.0943 57.2255
1100 950 10000 52 13 1 0 3 5 0.925395 0.90024 0.801393 0 1.0433 0.695361 27.3188 29.1199 63.7006 0 32.722 36.5373
1100 975 10000 57 9 0 0 3 4 0.57752 0.438795 0 0 0.667754 0.409261 35.2717 29.2321 0 0 27.5548 32.1924
1100 1000 10000 26 5 2 0 0 1 0.679783 0.415327 0.362007 0 0 0.835601 31.0435 34.4187 21.1796 0 0 40.5615
1100 1050 10000 2 0 0 0 0 1 0.791761 0 0 0 0 0.213596 61.2807 0 0 0 0 105.97
1125 50 10000 2560 152 7 0 356 168 0.555741 0.660703 0.470579 0 0.445698 0.522339 27.6688 29.1472 41.6867 0 29.9233 30.9942
1125 100 10000 2652 166 7 0 328 150 0.549167 0.573765 0.412044 0 0.471758 0.528855 27.6632 30.0039 34.222 0 30.3221 29.6088
1125 150 10000 2581 174 5 0 296 149 0.582724 0.636907 0.44532 0 0.48218 0.50222 27.273 27.0135 41.0435 0 30.4738 30.886
1125 225 10000 2662 207 11 0 251 151 0.597508 0.576172 0.443919 0 0.516294 0.5484 26.5611 26.9553 29.3454 0 29.8241 30.0265
1125 250 10000 2769 203 7 0 295 154 0.591357 0.621746 0.572398 0 0.507327 0.502194 26.3037 26.7277 31.2036 0 28.1042 31.3572
1125 300 10000 2662 200 4 0 239 139 0.626171 0.708899 0.424603 0 0.555361 0.587973 25.497 26.0396 33.7551 0 27.9834 28.6727
1125 350 10000 2675 229 7 0 231 152 0.63997 0.66086 0.651853 0 0.545654 0.647303 25.1697 26.179 35.9831 0 27.8251 27.5013
1125 375 10000 2655 246 3 1 235 173 0.639355 0.737948 1.30611 0.796933 0.533651 0.574727 24.6753 24.3999 32.1426 27.7317 26.0816 27.0103
1125 425 10000 2659 267 4 0 197 162 0.649991 0.731846 0.670934 0 0.549712 0.610562 24.194 22.949 30.2871 0 26.0578 26.0093
1125 450 10000 2588 289 7 0 174 157 0.673071 0.720973 0.571479 0 0.628028 0.692733 23.8893 24.522 25.3351 0 25.422 25.2568
1125 475 10000 2591 270 2 2 180 145 0.671242 0.723824 0.725121 0.348549 0.555137 0.701413 23.4655 24.3839 32.3514 45.7983 25.4836 24.7062
1125 500 10000 2544 260 2 1 174 155 0.680818 0.805035 0.773607 0 0.54414 0.72694 23.155 22.8818 47.1183 5.51707e+07 25.7916 23.4777
1125 525 10000 2394 306 5 0 141 132 0.70877 0.796193 0.511667 0 0.584543 0.742261 22.7376 22.5593 33.476 0 29.1684 24.2393
1125 550 10000 2342 335 4 1 141 143 0.693331 0.775773 0.831078 0.888713 0.631112 0.724842 22.513 21.7478 38.5957 51.2692 25.72 22.6858
1125 575 10000 2233 321 3 0 127 135 0.707982 0.851394 0.93592 0 0.615824 0.807038 22.2032 21.8214 22.7587 0 24.7911 21.9921
1125 600 10000 2179 357 4 1 106 141 0.71094 0.804122 0.535773 0.343674 0.627134 0.696285 22.1563 21.246 29.9211 70.463 25.7062 22.9347
1125 650 10000 1812 364 3 0 80 130 0.725844 0.828342 1.01643 0 0.556907 0.749471 21.9815 20.1411 59.7052 0 27.5588 22.2708
1125 700 10000 1417 392 6 2 52 121 0.733223 0.79126 0.585665 0.547719 0.725865 0.733243 21.6506 19.505 38.0096 44.7601 28.9869 21.2246
1125 825 10000 395 201 0 0 14 52 0.749475 0.785845 0 0 0.751033 0.669528 24.77 19.6565 0 0 33.4817 25.8821
1125 875 10000 191 115 0 0 12 27 0.756057 0.777083 0 0 0.8406 0.741748 24.7044 24.8829 0 0 29.0805 30.1602
1125 925 10000 103 50 0 0 7 12 0.740005 0.734944 0 0 0.504296 0.844152 28.9261 27.6359 0 0 22.6512 29.1216
1125 950 10000 75 30 0 0 10 12 0.769836 0.891227 0 0 0.722618 0.73754 26.7599 28.6592 0 0 32.6237 52.4585
1125 975 10000 64 9 0 1 6 3 0.724991 0.741177 0 0.66773 0.549414 0.771254 28.9628 37.4694 0 59.0986 39.3528 30.4435
1125 1000 10000 58 9 0 0 4 3 0.618027 0.616723 0 0 0.798328 0.45273 29.943 40.0421 0 0 43.4153 34.2049
1150 50 10000 2616 171 8 0 319 180 0.537675 0.511253 0.2887 0 0.457187 0.398249 28.0961 29.6258 39.3127 0 30.4503 33.5824
1150 75 10000 2629 163 1 0 339 167 0.54829 0.539306 1.99963 0 0.417937 0.491111 27.9333 31.5793 42.1779 0 31.6676 31.0177
1150 100 10000 2581 172 3 1 355 158 0.54123 0.553267 0.873967 0.213928 0.425695 0.464557 28.0276 30.1034 31.9164 28.0576 30.4437 32.1091
1150 125 10000 2676 174 4 1 325 168 0.558266 0.581393 0.387805 0.534506 0.435918 0.472197 27.5792 28.2307 32.1378 73.5426 30.0037 31.4276
1150 150 10000 2697 174 5 0 322 154 0.557224 0.631773 0.582108 0 0.445437 0.429898 27.3715 26.4899 27.1649 0 30.9765 31.0431
1150 200 10000 2814 151 4 0 283 159 0.54767 0.657646 0.706305 0 0.522229 0.479007 27.2747 29.6347 26.8784 0 29.5935 34.0937
1150 225 10000 2697 179 6 0 282 139 0.585298 0.655656 0.559885 0 0.500205 0.518113 26.9611 26.2144 37.9517 0 29.788 29.1852
1150 250 10000 2721 202 3 0 260 149 0.592974 0.632408 1.11425 0 0.533802 0.485514 26.7246 28.3968 28.2213 0 29.2783 32.7276
1150 275 10000 2741 170 4 0 273 171 0.582696 0.723616 0.55638 0 0.562735 0.50304 26.3854 26.4482 39.6971 0 27.8596 29.4839
1150 300 10000 2825 217 4 2 279 145 0.600068 0.663887 0.582207 0.28096 0.523249 0.576995 25.9575 25.7574 44.2531 65.2305 28.0827 26.6608
1150 325 10000 2738 217 7 1 280 152 0.61466 0.645566 0.498585 0.600291 0.526557 0.556865 25.987 26.4194 40.8164 24.8604 27.0881 29.3757
1150 350 10000 2768 207 5 1 239 173 0.607154 0.698552 0.442239 1.14668 0.564676 0.533326 25.2265 28.0202 33.9468 48.497 28.0291 29.8621
1150 400 10000 2728 226 7 0 215 144 0.649275 0.721022 0.468367 0 0.57032 0.615135 24.6937 24.3034 28.7468 0 26.4507 26.957
1150 425 10000 2777 257 4 2 200 154 0.630778 0.684293 0.478413 0.50209 0.578612 0.575465 24.6115 24.4711 26.3609 67.0322 27.748 26.2604
1150 450 10000 2693 262 7 0 220 161 0.647429 0.71557 0.526845 0 0.554495 0.583905 24.1208 23.6749 35.7462 0 26.5784 26.6505
1150 475 10000 2571 287 7 1 184 165 0.6819 0.732196 0.694612 1.58711 0.58772 0.60668 23.677 24.0007 29.2751 72.6684 27.1348 24.8435
1150 600 10000 2228 349 2 0 114 142 0.719504 0.732254 0.971972 0 0.631811 0.698902 22.123 21.6243 32.0883 0 29.5896 23.8886
1150 625 10000 2104 358 2 2 104 148 0.741488 0.825713 0.977507 0.569163 0.587753 0.698393 21.7925 21.6203 28.1924 63.265 26.3986 22.1504
1150 650 10000 1982 354 4 0 89 125 0.730601 0.808966 0.786095 0 0.634566 0.721473 21.9646 21.2605 28.3345 0 27.78 22.8551
1150 675 10000 1856 376 4 0 81 111 0.74472 0.845712 0.511593 0 0.66783 0.760072 21.603 20.6717 25.2333 0 25.8768 21.8586
1150 700 10000 1619 395 4 0 74 125 0.738177 0.770966 0.563737 0 0.656964 0.753506 21.6614 20.0268 23.7361 0 26.2582 21.3032
1150 725 10000 1435 409 2 0 54 96 0.739385 0.802561 0.521791 0 0.682663 0.905566 22.0959 21.4549 41.745 0 27.301 22.328
1150 750 10000 1228 367 2 0 50 102 0.759599 0.778967 1.23732 0 0.707715 0.802166 21.7687 19.5259 46.405 0 26.7826 21.4814
1150 775 10000 1014 369 2 0 36 98 0.735305 0.78064 1.15484 0 0.685059 0.765142 22.4885 18.9152 55.5336 0 29.558 22.7637
1150 825 10000 524 259 0 0 23 59 0.795969 0.834259 0 0 0.693813 0.752514 24.2988 19.6143 0 0 35.6582 22.3722
1150 850 10000 337 206 1 1 25 61 0.800128 0.756599 0.228536 0.377728 0.566451 0.743469 24.7001 22.8714 185.749 117.306 27.7819 25.173
1150 875 10000 234 167 1 1 14 30 0.789998 0.72552 1.68947 0.425571 0.699272 0.8651 27.3768 21.4237 57.3525 105.568 35.3601 31.1513
1150 925 10000 129 60 1 1 9 17 0.768268 0.825385 0.724677 0.373592 0.914975 0.838511 28.5286 25.5637 26.5409 104.294 33.3956 28.9219
1150 975 10000 67 13 0 0 2 10 0.827233 1.02438 0 0 1.13375 0.554315 28.2785 30.4663 0 0 35.896 39.1365
1150 1000 10000 72 9 1 0 8 4 0.629388 1.07624 0.267721 0 0.70338 1.13782 28.7273 29.4178 29.8458 0 31.57 34.2384
1150 1050 10000 31 1 0 0 1 1 0.682616 0.997304 0 0 1.19961 0 31.8829 54.1845 0 0 31.7769 8.40992e+07
1150 1100 10000 1 0 0 0 1 1 2.35325 0 0 0 0.199515 0.113876 35.9508 0 0 0 104.126 111.47
1175 50 10000 2707 138 7 0 327 154 0.518033 0.59953 0.40273 0 0.45829 0.450455 28.4548 28.6332 35.1731 0 30.6436 31.7394
1175 75 10000 2657 143 10 1 333 154 0.530049 0.600315 0.331162 0.329079 0.45099 0.49737 28.2512 28.8795 37.4006 50.5841 30.8298 32.6979
1175 100 10000 2667 133 10 0 337 149 0.545237 0.643451 0.382425 0 0.432628 0.473506 28.0206 28.3816 35.3818 0 30.3531 30.7925
1175 150 10000 2626 146 6 0 325 148 0.560001 0.603649 0.373522 0 0.441293 0.460791 27.8756 27.5033 34.419 0 30.3384 31.6783
1175 175 10000 2734 140 4 0 332 180 0.546814 0.646359 0.558925 0 0.470226 0.441063 28.0692 29.5983 26.3546 0 29.8021 31.9661
1175 200 10000 2725 186 4 0 296 137 0.564826 0.640026 0.522382 0 0.483078 0.526142 27.1339 25.9001 38.6389 0 29.1582 33.0259
1175 250 10000 2751 204 4 0 298 117 0.577599 0.574915 0.634076 0 0.467948 0.545192 26.9893 27.7119 28.8632 0 29.7226 31.189
1175 325 10000 2711 191 5 0 248 142 0.607016 0.686947 0.604153 0 0.512983 0.557328 26.1436 25.8515 44.8726 0 28.2854 30.048
1175 400 10000 2830 224 5 0 262 155 0.607532 0.69969 0.68922 0 0.48977 0.570915 25.276 28.4614 30.6789 0 27.4292 27.7275
1175 450 10000 2770 219 8 0 212 161 0.635928 0.732703 0.372554 0 0.566264 0.615757 24.5407 24.5726 30.3715 0 27.2171 26.7019
1175 475 10000 2779 258 5 1 194 147 0.638099 0.740855 0.864385 0.371856 0.55302 0.603751 24.3014 23.5377 28.0344 25.8889 26.7622 25.7808
1175 500 10000 2614 297 3 0 188 137 0.679189 0.704306 0.751676 0 0.559363 0.655984 23.916 23.7964 33.856 0 26.5548 25.4517
1175 525 10000 2563 294 2 2 171 153 0.675685 0.769693 0.51325 0.523931 0.571526 0.628514 23.5694 23.8147 64.5398 44.7322 25.4778 23.9342
1175 550 10000 2554 299 3 2 157 136 0.677843 0.763258 0.915104 0.383004 0.581813 0.719072 23.1594 22.4493 29.4752 56.9375 26.4285 25.602
1175 575 10000 2460 290 9 3 143 141 0.687843 0.805253 0.599696 0.348293 0.596055 0.689493 22.8619 22.5868 33.8545 35.3777 26.2197 24.4244
1175 625 10000 2301 337 1 0 133 151 0.715822 0.7513 2.32411 0 0.578058 0.671744 22.2211 21.9674 25.7437 0 24.3556 23.6021
1175 675 10000 2021 359 2 0 87 136 0.712814 0.848345 1.08733 0 0.696422 0.730303 22.0202 21.0157 35.991 0 24.9308 21.4485
1175 700 10000 1845 408 2 0 81 137 0.727881 0.760437 0.654054 0 0.66614 0.748157 21.8059 19.9624 61.8177 0 26.2162 21.3894
1175 800 10000 953 345 1 0 43 87 0.749575 0.805773 0.812556 0 0.613884 0.841168 23.0801 19.0205 112.101 0 29.9504 26.66
1175 825 10000 764 287 2 1 28 70 0.749252 0.817437 0.447137 0.421102 0.694199 0.823806 22.7714 19.8493 29.764 111.07 30.7688 22.5105
1175 850 10000 527 249 2 0 15 69 0.740622 0.826977 0.0884551 0 0.920669 0.676172 24.774 19.7609 485.594 0 28.5048 22.3069
1175 875 10000 392 227 0 0 15 64 0.709486 0.770195 0 0 0.694781 0.766189 25.6089 21.3636 0 0 29.8436 21.6882
1175 925 10000 160 113 0 1 10 32 0.8086 0.83905 0 0.465464 0.839092 0.746934 27.3403 22.3683 0 105.29 34.1362 26.8527
1175 950 10000 120 76 2 0 10 16 0.795854 0.853229 0.315511 0 0.748618 0.865972 26.4024 26.2402 53.863 0 28.0761 42.386
1175 975 10000 102 53 1 0 7 11 0.743266 0.73011 0.210148 0 0.642548 0.84956 28.6552 25.9013 33.4342 0 35.3423 38.725
1175 1075 10000 24 3 0 0 0 1 0.740395 0.808983 0 0 0 0.654265 35.4087 34.7618 0 0 0 102.759
1175 1125 10000 0 0 0 0 0 0 0 0 0 0 0 0 0 0 0 0 0 0
1200 150 10000 2677 130 2 0 352 123 0.541118 0.645326 1.12003 0 0.427609 0.485451 28.0674 26.7189 34.026 0 30.0076 33.5794
1200 200 10000 2729 164 6 0 316 136 0.556784 0.599871 0.599312 0 0.478544 0.523514 28.1883 29.1217 28.7473 0 29.8845 33.2418
1200 225 10000 2723 149 8 0 273 134 0.562734 0.603006 0.228048 0 0.502481 0.511963 27.4071 30.9608 36.0849 0 30.5582 31.6841
1200 275 10000 2818 179 4 0 296 147 0.580902 0.635601 0.612374 0 0.449699 0.511225 26.5827 27.6661 37.7552 0 29.1266 30.2347
1200 375 10000 2864 179 4 0 223 161 0.596517 0.738975 0.401088 0 0.561991 0.614084 25.8707 25.5561 46.7436 0 29.1987 28.7653
1200 400 10000 2761 214 2 1 260 133 0.620179 0.694069 0.335476 0.360462 0.535338 0.569782 25.6369 25.6945 27.9082 117.205 28.5282 28.2791
1200 425 10000 2713 227 3 0 228 165 0.641227 0.707117 1.18732 0 0.521123 0.587486 25.0874 26.512 35.4321 0 26.8424 26.3252
1200 450 10000 2751 205 5 0 214 122 0.645071 0.703184 0.673388 0 0.603346 0.665848 25.0313 27.2515 29.8377 0 27.6114 25.9069
1200 475 10000 2805 234 5 1 200 148 0.631195 0.699817 0.437479 0.887517 0.557889 0.613276 24.5583 24.2036 55.1127 49.9956 26.3783 27.4835
1200 550 10000 2561 267 6 0 176 140 0.683369 0.756807 0.479165 0 0.599761 0.697329 23.4985 24.029 26.9968 0 26.8734 25.539
1200 575 10000 2595 276 7 2 164 139 0.666621 0.731342 0.392937 0.798288 0.662098 0.714071 23.5018 21.8524 47.4495 49.857 24.7704 24.0757
1200 600 10000 2463 303 7 1 133 136 0.710003 0.798175 0.628747 0.40926 0.620806 0.672274 23.0287 22.7108 30.9668 110.459 25.5406 24.0087
1200 650 10000 2332 348 1 1 120 142 0.717823 0.734997 1.87603 0.403191 0.686798 0.728601 22.369 21.3793 54.7151 42.2972 24.3359 22.5421
1200 675 10000 2125 356 5 2 116 135 0.717492 0.778861 0.637102 0.605285 0.58796 0.722154 22.0368 21.7444 25.2353 67.5141 24.8932 22.3849
1200 700 10000 1995 377 3 0 103 144 0.727147 0.765382 0.819191 0 0.692306 0.711252 21.6371 20.5706 39.2032 0 25.9415 23.4218
1200 725 10000 1924 381 5 2 88 111 0.721051 0.770323 0.449822 0.619956 0.625723 0.75335 21.6911 19.9922 34.0819 81.4783 28.8599 22.2583
1200 750 10000 1711 368 4 1 71 118 0.729583 0.796516 0.678485 1.12389 0.632346 0.748082 21.6862 20.1985 34.4534 61.4134 24.7218 20.9227
1200 800 10000 1267 381 3 0 40 102 0.732121 0.842152 0.678316 0 0.835903 0.78845 21.6542 21.029 27.0251 0 26.3898 21.5557
1200 875 10000 527 270 1 1 13 68 0.739063 0.817588 0.346216 0.444649 0.997464 0.697832 23.8049 21.5919 48.0556 102.487 30.1426 25.9193
1200 900 10000 396 198 1 1 16 59 0.714403 0.800072 0.861907 0.418194 0.623734 0.63181 25.0012 21.4147 121.781 157.167 46.5222 25.5981
1200 925 10000 265 170 1 0 12 35 0.763555 0.811491 1.07883 0 0.797947 0.772086 25.2515 22.3425 24.782 0 35.9682 35.7223
1200 950 10000 165 118 0 0 8 19 0.755472 0.718032 0 0 0.807481 0.866207 24.9682 23.5571 0 0 44.4648 25.8995
1200 975 10000 143 90 0 1 6 20 0.737857 0.746325 0 0.391836 0.699467 0.724669 27.4167 24.2875 0 146.598 41.1232 33.4775
1200 1025 10000 93 25 0 0 4 7 0.727213 0.872391 0 0 0.609375 0.644068 27.995 29.1849 0 0 39.9733 44.3602
1200 1100 10000 21 2 0 0 4 0 0.787594 0.429973 0 0 0.494563 0 30.2082 81.9075 0 0 36.3834 0
