125 75 10000 4 7 0 0 2 2 1.16145 0.770544 0 0 0.701738 0.872368 25.9212 30.3652 0 0 16.0449 72.8306
150 50 10000 3 6 0 0 3 6 1.20491 1.08717 0 0 1.2526 1.32694 16.4633 31.413 0 0 29.9044 22.7473
150 75 10000 13 6 0 0 6 6 0.799912 1.05857 0 0 0.843175 1.01204 30.2162 28.248 0 0 43.2598 17.3361
150 100 10000 5 2 0 0 0 7 1.11574 1.3634 0 0 0 0.750932 18.3534 38.6549 0 0 0 31.6554
175 50 10000 8 14 0 0 1 12 0.785322 0.884074 0 0 1.41689 1.07754 37.6583 34.7614 0 0 51.9203 45.307
175 75 10000 13 11 0 0 4 8 0.772313 0.942245 0 0 0.792633 0.799258 22.5643 29.7598 0 0 32.5558 37.4521
175 100 10000 13 7 0 0 3 9 0.884879 0.806679 0 0 1.41447 0.713895 17.9808 69.7358 0 0 41.272 38.9838
175 125 10000 16 1 0 0 1 2 0.825523 1.60925 0 0 2.02325 0.679128 18.4763 45.8751 0 0 53.8978 36.1418
200 75 10000 11 16 0 0 3 7 0.689769 0.809519 0 0 1.12382 1.28004 36.2014 20.9408 0 0 27.8049 31.8469
200 100 10000 7 21 0 0 3 13 1.16246 0.751897 0 0 1.02585 0.846902 40.7148 48.7396 0 0 27.7066 35.5643
200 125 10000 9 6 0 0 5 5 0.952641 0.833439 0 0 0.683314 0.961283 47.4638 45.7201 0 0 32.653 45.047
200 150 10000 14 1 0 0 5 1 0.951221 0.908603 0 0 1.02883 1.21264 20.5676 40.3088 0 0 29.732 41.5957
225 75 10000 23 30 0 0 5 26 0.95147 0.955042 0 0 1.12852 0.878998 19.1409 19.1248 0 0 30.156 33.9141
225 100 10000 15 28 0 0 3 17 1.14576 0.951183 0 0 0.988054 0.77428 25.2913 22.8109 0 0 89.1995 30.1568
225 150 10000 21 9 0 0 5 6 0.844897 0.680556 0 0 0.966894 0.610862 21.2516 41.7319 0 0 21.8868 42.0101
225 175 10000 19 2 0 0 3 3 0.963847 1.05414 0 0 1.24606 0.819351 19.9966 32.6591 0 0 16.3711 25.6123
250 50 10000 20 71 0 0 5 31 0.847715 0.922176 0 0 0.81705 0.884634 18.9767 25.5865 0 0 51.1531 25.1181
250 75 10000 12 37 0 0 8 29 0.979825 1.12517 0 0 1.02891 0.909177 21.2116 22.6949 0 0 40.4857 16.2504
250 100 10000 22 25 0 0 2 18 0.861752 1.09824 0 0 0.801809 1.07774 18.2614 27.4185 0 0 53.72 28.974
250 125 10000 23 29 0 0 8 16 0.914944 0.813188 0 0 1.22624 0.94671 23.5808 33.4367 0 0 29.6614 16.873
250 150 10000 17 17 0 1 10 10 1.06202 0.939527 0 0.730048 0.873122 1.06651 23.6888 21.9942 0 101.266 38.1384 20.1947
250 175 10000 24 8 0 0 6 2 0.888189 0.771876 0 0 1.03229 1.33084 16.9116 45.7108 0 0 20.25 40.2441
250 200 10000 20 4 0 0 2 1 0.843139 0.940245 0 0 0.862266 0.707061 20.7871 20.9241 0 0 58.0982 16.4768
275 50 10000 25 89 0 0 4 48 0.975517 0.926672 0 0 1.17572 0.936139 21.3496 22.3299 0 0 24.8773 29.8615
275 75 10000 32 77 0 2 6 28 0.949747 0.945368 0 0.425957 1.0378 0.864691 23.5846 27.6482 0 128.528 19.4671 23.5669
275 100 10000 18 51 0 0 12 32 1.0019 0.952596 0 0 0.768378 0.858312 31.6807 21.7271 0 0 25.2883 17.9745
275 125 10000 34 56 1 0 11 19 0.841216 0.909462 0.833569 0 1.27892 0.866018 21.0746 18.7556 15.2333 0 31.6312 28.5345
275 150 10000 42 35 1 0 8 18 0.966455 0.909485 0.80163 0 0.864203 0.856278 19.2437 21.1945 15.3939 0 35.1973 28.8083
275 175 10000 28 24 0 0 7 17 1.0064 0.997608 0 0 0.708271 0.875477 23.2746 21.1843 0 0 54.7822 24.4374
275 225 10000 23 2 0 0 6 1 0.802253 0.922421 0 0 0.594709 0.806418 22.1957 42.4683 0 0 25.8116 180.404
300 50 10000 35 155 0 0 6 47 0.965106 0.960047 0 0 0.85885 0.855674 22.6719 16.9395 0 0 40.3009 33.4567
300 75 10000 36 121 0 0 6 41 1.01409 0.881721 0 0 0.868239 0.95764 21.2203 19.73 0 0 53.5376 24.9789
300 100 10000 49 100 0 0 7 33 0.910732 0.944077 0 0 0.943897 0.85307 20.472 21.1626 0 0 20.8818 21.6156
300 125 10000 33 53 0 0 13 32 0.875305 0.893442 0 0 0.802645 1.00366 21.6461 23.9717 0 0 18.1064 21.9208
300 150 10000 35 42 0 0 9 30 1.04081 0.949237 0 0 0.713629 0.766841 22.3425 19.0781 0 0 49.9272 21.5466
300 175 10000 40 47 0 0 14 22 0.884428 0.770961 0 0 0.941172 0.822924 21.7569 19.7793 0 0 18.1256 29.2058
300 200 10000 32 21 0 0 12 2 1.02911 0.856 0 0 0.989495 2.80872 20.3069 25.1254 0 0 25.38 51.2574
300 225 10000 32 8 0 0 4 4 0.907364 0.782875 0 0 1.20624 0.909482 26.1245 35.6573 0 0 44.1261 18.3566
300 250 10000 22 2 0 0 5 2 1.01918 1.14986 0 0 0.776543 0.806749 23.0588 47.8979 0 0 27.9277 31.8647
325 50 10000 51 178 0 0 12 75 1.02591 0.901595 0 0 1.02626 0.952203 20.9975 19.7267 0 0 17.0948 22.334
325 75 10000 48 163 0 1 6 50 0.959218 0.910142 0 1.34237 0.900116 1.00894 20.4689 21.4277 0 18.0874 20.1634 21.411
325 100 10000 58 140 1 0 13 47 0.957611 0.893837 0.856845 0 1.02069 0.935782 24.4563 18.0027 15.123 0 31.8273 28.8057
325 125 10000 50 111 0 1 11 30 0.92219 0.919637 0 0.731093 0.934492 0.919327 19.6553 19.8966 0 15.9552 37.6522 25.7155
325 150 10000 42 75 0 0 9 34 0.863392 0.979051 0 0 1.12876 0.827025 22.1596 22.6353 0 0 20.8424 19.5776
325 175 10000 43 58 0 0 8 17 0.890924 0.836207 0 0 1.07234 1.04007 19.3468 29.463 0 0 17.2832 24.2487
325 200 10000 50 35 0 0 14 14 0.884188 0.861618 0 0 0.822492 1.0303 20.6833 20.9754 0 0 25.54 27.146
325 225 10000 43 20 0 1 10 10 0.895707 0.946736 0 0.659228 0.971633 0.858668 19.6618 27.8549 0 16.2302 23.1995 29.3843
325 250 10000 39 10 0 0 6 3 0.958949 0.954959 0 0 0.898665 0.502037 20.4212 34.3693 0 0 44.1089 92.9704
325 275 10000 22 5 0 0 1 1 0.897719 0.571298 0 0 0.993868 0.652121 19.209 34.1832 0 0 17.3059 112.258
350 50 10000 90 272 0 1 8 90 0.971796 0.934233 0 0.806622 0.822423 0.999626 23.5199 19.7927 0 102.417 43.4083 17.7874
350 75 10000 83 217 0 0 14 88 0.868935 0.964247 0 0 1.13778 0.842203 22.6476 21.1237 0 0 27.3353 18.7906
350 125 10000 63 136 0 0 26 44 0.954415 0.884392 0 0 0.804294 1.04924 23.7921 18.179 0 0 22.3832 21.9305
350 150 10000 62 74 0 0 12 33 0.945013 1.0268 0 0 0.938015 0.979433 19.8717 20.9197 0 0 33.6295 26.6717
350 175 10000 57 78 3 0 18 27 1.01184 0.945501 0.636393 0 0.970649 0.94624 19.8753 16.592 18.2724 0 24.7158 23.9824
350 200 10000 82 72 0 0 12 14 0.835374 0.838088 0 0 1.03779 0.858184 19.989 20.0478 0 0 16.765 24.2678
350 225 10000 47 28 0 1 8 12 0.875002 0.860509 0 0.81817 0.973477 0.901651 27.0857 34.9811 0 123.779 27.458 20.9294
350 250 10000 56 23 0 0 4 7 0.945091 0.848795 0 0 1.58625 0.925921 21.9824 18.3662 0 0 21.2798 28.495
350 275 10000 46 6 1 0 8 5 0.764422 1.11088 0.332045 0 0.914141 0.756869 19.6496 50.1369 17.2332 0 43.2731 51.3561
350 300 10000 33 1 0 0 3 0 0.831241 0.662984 0 0 1.01233 0 20.8008 92.5183 0 0 23.4003 0
375 50 10000 125 337 2 0 13 98 0.890267 0.928256 0.745069 0 0.941231 0.92172 22.8248 16.6975 58.3248 0 21.0112 19.2122
375 75 10000 105 310 1 0 15 98 0.845063 0.88928 0.481392 0 0.857117 0.903323 22.8543 18.0769 42.3946 0 21.7726 19.3053
375 100 10000 114 235 0 0 10 94 0.907506 0.95245 0 0 1.05622 0.888179 19.6172 20.3832 0 0 28.9879 23.6686
375 125 10000 83 199 1 0 11 66 0.871135 0.945393 0.676792 0 1.0994 0.882698 23.0736 19.5047 101.979 0 20.6565 24.2133
375 150 10000 87 165 0 1 12 57 0.898252 0.882402 0 0.76691 1.11707 0.910239 20.0219 20.7937 0 20.927 23.6398 21.6768
375 175 10000 70 123 0 1 18 35 0.902673 0.921304 0 0.742977 0.878556 0.824195 21.2984 18.7084 0 15.9073 40.3611 20.0556
375 200 10000 73 83 0 0 10 31 0.880885 0.944067 0 0 0.927509 0.931428 21.4909 17.15 0 0 45.386 21.7394
375 225 10000 59 55 1 0 19 15 0.886051 1.02978 1.43511 0 0.993062 1.14911 26.015 21.7564 20.1071 0 24.6035 29.2127
375 250 10000 75 31 0 0 14 14 0.919649 0.850162 0 0 0.982386 0.893461 19.3754 26.7843 0 0 21.3652 23.6358
375 275 10000 64 16 1 0 7 8 0.916561 0.871965 0.708151 0 0.938316 1.26494 20.5035 34.9532 16.0118 0 24.9662 34.4405
375 300 10000 31 9 0 0 10 5 1.0033 0.773531 0 0 0.954934 0.985619 20.5578 25.3713 0 0 20.719 31.1933
375 325 10000 27 2 0 0 6 5 0.761596 0.996543 0 0 0.859053 0.618196 18.8338 51.753 0 0 24.3302 16.5879
400 50 10000 195 414 0 0 25 142 0.917142 0.921069 0 0 0.846588 0.92289 23.3848 16.515 0 0 23.859 20.4343
400 75 10000 149 364 1 0 20 131 0.907798 0.932904 0.741222 0 0.845653 0.938872 20.1971 19.5033 15.9357 0 48.743 21.2434
400 100 10000 134 322 1 0 18 106 0.915765 0.920643 0.828001 0 0.979617 0.862016 20.7102 18.6444 16.5906 0 26.3714 18.9169
400 125 10000 146 302 2 0 18 92 0.877578 0.937313 0.804375 0 0.698293 0.874951 19.9013 18.3725 16.0803 0 26.3441 23.0875
400 150 10000 116 216 1 2 16 72 0.87954 0.940111 1.56182 0.798902 0.859168 0.975088 21.3073 18.105 16.2218 16.2446 24.0055 16.3062
400 175 10000 92 158 0 0 12 42 0.915879 0.92218 0 0 0.889635 0.864849 19.8554 18.242 0 0 34.7145 21.4106
400 200 10000 75 107 0 0 17 43 0.936109 0.867062 0 0 0.743746 0.833761 22.7104 24.3939 0 0 18.2495 19.3805
400 225 10000 101 86 0 0 13 31 0.883349 0.89867 0 0 0.819184 0.791812 21.2631 19.2243 0 0 22.5688 25.0695
400 250 10000 76 56 0 0 11 30 0.8922 0.863369 0 0 0.78089 0.758579 20.6162 16.0897 0 0 22.2207 37.0252
400 275 10000 59 34 0 0 16 12 0.984736 0.944456 0 0 0.756911 1.18788 22.1532 18.4861 0 0 22.7373 29.6068
400 300 10000 66 18 0 0 8 10 0.909961 0.807185 0 0 1.15592 1.13264 17.4377 20.9136 0 0 25.747 18.4879
400 325 10000 40 16 0 0 7 1 0.840429 0.781992 0 0 0.949486 1.44243 23.5003 20.8189 0 0 21.0393 54.2332
400 350 10000 27 3 0 0 6 2 0.751878 0.759301 0 0 0.656169 0.218651 19.218 71.6287 0 0 41.8946 300.251
425 50 10000 227 517 0 1 28 155 0.89807 0.956141 0 0.834174 0.847234 0.915185 24.4424 18.0642 0 101.36 23.4311 18.049
425 75 10000 224 480 0 1 19 154 0.91792 0.940283 0 0.634856 0.955624 0.861119 22.2828 18.6356 0 20.9896 29.2895 21.0992
425 100 10000 168 431 2 0 28 103 0.9529 0.954231 0.319959 0 0.99968 0.984833 22.6042 18.6353 110.956 0 23.0934 19.4856
425 125 10000 154 356 0 0 11 73 0.945176 0.896149 0 0 1.08501 1.08149 19.6113 18.4722 0 0 27.0333 23.3947
425 150 10000 132 293 1 0 26 74 0.916353 0.941865 0.705551 0 0.898919 0.8956 26.0215 18.869 16.0276 0 20.492 22.216
425 200 10000 110 160 1 2 6 48 0.929543 0.872979 0.850595 0.8093 1.59 0.887215 20.8871 20.6503 15.1645 57.3217 40.994 21.9399
425 250 10000 95 76 0 1 18 29 0.816804 0.909588 0 0.695996 0.779397 0.811756 24.3536 19.9476 0 123.499 16.8274 27.3068
425 325 10000 62 22 0 0 12 6 1.04245 0.878968 0 0 0.831359 1.2935 20.5491 25.1337 0 0 18.2508 25.9021
425 350 10000 51 6 0 1 6 3 0.870749 1.09254 0 0.659185 0.885628 0.891052 19.1893 21.2018 0 16.2692 32.5423 76.2757
425 375 10000 24 4 0 0 5 2 0.755212 0.601306 0 0 0.832845 0.675569 33.8082 39.1831 0 0 26.2867 36.1055
450 50 10000 346 590 1 0 33 190 0.909324 0.936073 2.12431 0 0.872984 0.915802 22.8514 16.7102 16.0538 0 20.6861 17.8582
450 75 10000 342 478 0 1 26 160 0.938475 0.93532 0 1.59319 0.857648 0.903245 21.886 18.1766 0 70.476 37.1601 18.2984
450 100 10000 257 502 1 3 18 145 0.907072 0.919996 0.723393 1.04997 1.01744 0.915327 22.3587 17.4773 107.545 17.0311 39.8047 19.3682
450 150 10000 173 367 1 1 26 98 0.897966 0.939136 0.78122 0.86031 0.826631 0.961204 22.3994 17.2282 20.2414 101.135 18.9681 19.133
450 175 10000 198 308 1 0 20 77 0.917267 0.910024 1.51025 0 0.821975 0.891749 22.7564 18.2705 47.4455 0 31.3286 18.7779
450 225 10000 104 171 0 0 12 56 0.911549 0.9957 0 0 1.00776 0.862472 25.8567 18.4306 0 0 19.9859 19.9474
450 250 10000 102 126 2 2 22 36 0.905705 0.854089 1.07469 0.827192 0.943581 0.997529 23.3236 21.0716 34.9788 70.9684 27.0438 17.2889
450 275 10000 100 85 1 1 16 28 0.905725 0.95161 0.434895 0.742548 0.986335 0.950723 23.2932 24.0625 17.3758 15.9142 22.6618 20.7453
450 300 10000 113 58 1 0 15 22 0.922008 0.889024 1.27829 0 0.795021 0.942078 17.027 19.4839 18.6069 0 20.8443 19.2778
450 325 10000 87 29 0 0 8 13 0.976444 0.977412 0 0 1.05585 0.956919 19.196 16.4484 0 0 36.4132 24.3208
450 350 10000 58 23 1 0 12 6 0.984938 0.788554 0.604845 0 0.737454 1.05421 21.2572 24.3307 20.9984 0 31.1478 18.5543
450 375 10000 45 7 0 0 6 4 0.948345 0.871801 0 0 1.23936 0.759453 21.0792 29.0181 0 0 32.852 37.6404
450 400 10000 33 3 0 0 4 0 0.907007 0.679432 0 0 0.815299 0 22.4957 18.1196 0 0 29.5342 0
475 50 10000 499 674 1 0 36 228 0.888231 0.935812 0.434436 0 0.848817 0.917847 21.0702 16.4943 146.944 0 30.2713 16.3571
475 75 10000 451 696 0 1 41 211 0.884812 0.910996 0 0.849528 0.844445 0.924564 22.8626 17.2558 0 101.127 28.8261 18.9006
475 100 10000 379 542 1 0 36 203 0.901 0.925219 0.753958 0 0.88315 0.92345 19.8014 17.3896 17.9867 0 21.6125 17.703
475 125 10000 330 502 0 1 32 161 0.904379 0.934023 0 0.674679 0.936566 0.928516 22.6588 16.9011 0 264.255 18.1988 17.4422
475 150 10000 290 462 4 3 25 138 0.907528 0.930468 0.830985 0.897208 0.94244 0.917239 20.0146 18.8822 29.7604 35.2103 26.4224 20.3288
475 175 10000 239 354 0 0 22 101 0.887473 0.915987 0 0 0.836901 0.969467 20.1408 18.287 0 0 23.1988 22.1774
475 200 10000 181 300 0 2 29 86 0.873878 0.930346 0 1.40369 0.779379 0.925346 20.813 17.1226 0 59.8345 22.4497 19.7243
475 225 10000 181 224 0 2 19 61 0.886771 0.890085 0 0.787259 0.777264 0.872161 21.3647 19.102 0 57.1189 26.8192 24.4497
475 325 10000 97 56 2 0 11 17 0.902172 0.894875 0.812172 0 1.01028 1.03053 20.6504 21.9143 52.6521 0 26.8345 25.1789
475 375 10000 71 9 0 0 9 7 0.96399 0.884074 0 0 0.789223 0.75226 21.5375 53.1082 0 0 26.4088 34.1848
475 400 10000 57 7 1 0 4 4 0.927208 0.829622 1.17901 0 1.13979 0.795114 17.6867 63.2886 40.9149 0 46.4483 28.3349
475 425 10000 23 1 1 0 1 2 0.76282 0.715395 0.550253 0 3.48607 0.708609 20.257 205.343 42.4551 0 33.5964 46.5253
500 50 10000 586 730 1 0 51 265 0.899893 0.932326 0.817595 0 0.911944 0.927776 21.4993 15.7083 104.509 0 23.8647 16.931
500 75 10000 570 709 1 2 43 214 0.896429 0.942302 1.10859 0.783927 0.889485 0.956295 20.8268 16.4688 63.7039 17.2259 22.6978 17.9729
500 100 10000 563 679 1 0 40 217 0.884555 0.932328 1.43728 0 0.845118 0.922692 20.2156 16.0904 59.4562 0 20.9345 20.0497
500 125 10000 483 626 3 1 25 197 0.897225 0.916679 1.13308 0.658926 0.827897 0.911848 21.6728 16.8543 51.1089 20.7853 36.6751 17.808
500 150 10000 379 576 0 1 29 145 0.924129 0.904038 0 0.822355 0.79708 0.955935 23.2864 17.8968 0 16.7045 25.6044 19.6383
500 175 10000 366 472 0 1 36 123 0.926054 0.924128 0 1.55433 0.895057 0.931692 21.7896 17.1397 0 46.4938 19.6299 18.9301
500 200 10000 279 376 2 1 23 103 0.885145 0.904559 0.338022 0.841582 0.874009 0.933541 20.4949 17.5988 121.783 96.9717 26.972 20.134
500 225 10000 210 325 1 1 24 71 0.959495 0.939088 0.83994 0.806636 0.884821 0.908183 21.4929 16.5462 15.203 105.381 19.599 21.8563
500 250 10000 151 246 1 0 28 68 0.969747 0.886023 0.492931 0 0.760244 0.893171 20.8512 20.2908 17.3955 0 24.3955 29.0719
500 300 10000 114 115 1 0 17 53 0.953129 0.900369 1.35935 0 0.919796 0.83119 22.3603 20.2758 19.0704 0 23.7988 17.9227
500 325 10000 111 83 0 0 22 27 0.945703 0.925685 0 0 0.818688 0.991213 20.1096 23.5071 0 0 22.305 19.893
500 350 10000 106 58 0 0 13 14 0.901886 0.959577 0 0 0.928872 1.04303 18.1234 20.4409 0 0 18.8489 32.4079
500 375 10000 87 31 0 0 20 11 1.01595 0.993257 0 0 0.963345 0.916697 19.1699 29.7485 0 0 16.8854 22.3473
500 425 10000 59 4 0 0 6 4 0.832597 0.99165 0 0 0.975277 0.957148 20.657 45.9616 0 0 29.6999 49.7325
500 450 10000 27 1 0 0 2 1 0.910986 2.34609 0 0 1.5853 0.955655 20.672 29.2684 0 0 22.9381 66.8676
525 50 10000 828 782 1 5 59 285 0.899345 0.925622 0.635259 1.11875 0.897345 0.908436 19.2635 15.8682 124.884 35.8236 23.8261 16.7012
525 75 10000 803 747 4 2 66 256 0.877033 0.92669 1.08638 0.845542 0.894555 0.923118 19.4746 15.6868 18.9011 72.4527 22.3627 16.2222
525 100 10000 708 742 1 0 51 256 0.894321 0.929938 0.723331 0 0.936226 0.896435 20.3986 16.1699 114.825 0 24.3615 20.5829
525 150 10000 538 622 2 2 53 188 0.921746 0.925338 0.84086 0.809985 0.90114 0.88197 22.3957 16.494 15.2034 49.5136 21.9447 17.6179
525 175 10000 450 527 1 0 41 169 0.909365 0.90455 0.706692 0 0.97736 0.917822 20.754 16.5248 16.0095 0 16.3307 18.6712
525 200 10000 393 432 1 1 18 123 0.870251 0.928191 0.680701 0.855853 0.762138 0.898264 24.3443 18.6646 23.2877 101.139 47.4254 18.9115
525 225 10000 333 401 2 1 25 100 0.912538 0.941175 0.768259 0.831639 0.967227 0.866713 19.307 17.0583 76.5386 15.2488 25.7927 21.5256
525 250 10000 249 303 2 1 33 81 0.920838 0.946838 0.618483 0.830356 0.869964 1.00081 22.8229 17.6517 16.2806 101.366 20.3327 23.0116
525 275 10000 218 212 0 0 21 62 0.880717 0.942778 0 0 0.869455 0.951736 20.0101 19.4675 0 0 22.0518 18.8944
525 300 10000 149 159 0 1 14 57 0.941933 0.966127 0 0.852828 0.941284 0.895808 19.7642 20.3524 0 126.258 22.0271 19.0143
525 325 10000 146 134 2 0 13 53 0.894326 0.894034 0.82965 0 1.04631 0.816637 18.724 19.5801 16.22 0 25.3397 19.3049
525 375 10000 132 58 0 0 18 16 0.950722 0.886496 0 0 0.850339 0.949997 18.478 28.8147 0 0 26.5256 22.047
525 425 10000 85 15 0 0 6 6 0.869823 0.962699 0 0 0.846729 0.685746 17.8979 35.5655 0 0 30.5235 33.606
525 450 10000 50 3 0 0 6 6 0.913907 1.0664 0 0 1.09847 0.726913 24.3023 69.423 0 0 32.365 36.927
525 475 10000 31 2 0 0 3 1 0.863467 1.27847 0 0 0.635511 1.04878 19.7563 24.7674 0 0 38.2947 48.9237
550 50 10000 1041 857 2 1 67 313 0.898963 0.908673 0.678988 0.827481 0.920305 0.917403 19.5104 16.0203 15.2707 15.4732 20.7027 16.6752
550 75 10000 956 801 2 2 64 295 0.901444 0.933455 0.681098 1.2748 0.896435 0.895966 19.3702 16.102 78.7031 16.1441 26.4456 17.4235
550 125 10000 878 713 1 4 51 246 0.887541 0.927145 2.01359 0.679066 0.883085 0.905308 20.246 16.1383 86.3014 18.0795 23.7694 16.2011
550 150 10000 753 646 2 2 47 200 0.907146 0.949357 1.06521 0.841206 0.915155 0.883263 21.6822 16.6277 79.0586 67.2156 18.8278 19.4143
550 175 10000 612 588 3 0 35 194 0.909527 0.945088 0.759248 0 0.944865 0.93899 21.0513 16.3794 39.6986 0 24.2814 16.0281
550 200 10000 548 525 0 0 27 168 0.892714 0.929219 0 0 1.11017 0.881443 20.1358 16.4609 0 0 24.8696 17.9505
550 225 10000 441 448 1 0 18 145 0.88644 0.911799 0.571117 0 0.860625 0.933501 21.9928 16.89 22.7383 0 26.242 18.834
550 250 10000 349 374 0 1 24 108 0.90554 0.947482 0 0.894814 1.00119 0.950425 19.5127 18.4857 0 101.184 21.5069 19.6593
550 275 10000 243 309 1 0 19 87 0.881889 0.911168 0.796665 0 0.845449 0.906925 22.0224 18.1749 163.1 0 44.727 22.9373
550 325 10000 177 157 1 0 23 40 0.95323 0.981779 0.808992 0 0.823137 0.948942 20.3682 18.6951 15.3649 0 20.3461 24.8441
550 350 10000 151 147 1 0 17 44 0.917769 0.925803 0.914365 0 0.883402 0.913033 18.5144 18.5236 14.8419 0 19.3422 17.8186
550 375 10000 133 80 0 0 18 31 0.893952 0.880287 0 0 0.942314 0.903906 19.4241 18.987 0 0 26.1952 26.6509
550 400 10000 115 54 1 0 16 20 0.981697 0.95419 0.851064 0 0.951849 0.880348 18.6201 18.2397 15.1535 0 26.0379 18.2037
550 450 10000 106 11 1 0 17 8 0.815945 1.04525 0.334397 0 1.02489 0.940821 18.2141 28.5436 17.1767 0 32.1809 30.0732
550 475 10000 47 3 1 0 6 3 0.881282 1.50648 0.71254 0 0.936157 0.85541 24.1881 35.6775 16.0243 0 38.4282 55.2592
550 500 10000 26 1 1 0 6 2 0.838666 1.4866 0.439013 0 0.581594 0.47709 31.9644 42.927 17.2828 0 34.1762 16.5889
575 50 10000 1223 833 2 2 82 322 0.897306 0.925896 1.86539 0.415541 0.892032 0.907406 18.6322 15.9901 31.947 24.2064 24.9351 17.2174
575 75 10000 1176 786 6 5 83 298 0.918897 0.905846 0.665106 0.809974 0.856547 0.878102 18.3531 16.092 35.1262 33.769 22.8379 16.7473
575 100 10000 1150 799 2 2 72 241 0.906703 0.918755 0.651719 0.818394 0.973559 0.932253 19.634 15.9635 16.9554 46.6196 19.6907 17.478
575 125 10000 1075 744 2 1 90 266 0.907217 0.933181 0.69301 1.5004 0.798911 0.918468 18.7382 16.2875 35.9973 49.077 20.6842 17.0635
575 150 10000 967 703 1 3 57 259 0.913976 0.913574 1.71299 0.851867 0.935554 0.889088 20.319 15.9641 72.0813 68.9114 18.2174 16.3503
575 200 10000 722 587 3 2 45 188 0.896154 0.932946 0.806932 0.816323 0.88591 0.896036 20.8191 16.4755 17.6943 73.4362 20.8088 17.3405
575 225 10000 565 555 4 3 38 165 0.891859 0.953858 0.820743 1.00431 1.01874 0.915199 20.5684 17.5331 33.2112 32.6478 27.6428 18.7302
575 250 10000 464 459 2 0 40 147 0.904844 0.913598 0.869609 0 0.925414 0.942389 21.166 17.4117 51.8714 0 24.907 19.5318
575 375 10000 172 120 0 0 17 30 0.886116 0.850631 0 0 1.03902 0.962528 20.1211 18.9309 0 0 19.1867 18.8382
575 400 10000 144 85 0 0 17 22 0.940228 0.909184 0 0 0.752654 0.89653 18.3362 21.2468 0 0 24.192 21.2233
575 450 10000 114 47 0 0 17 7 0.866081 0.915045 0 0 0.744909 0.97065 18.1967 29.6222 0 0 24.6448 41.3228
575 475 10000 74 16 1 0 10 7 0.991906 0.888978 0.54707 0 0.699763 1.18554 20.4538 27.4818 101.341 0 29.3372 15.8512
575 525 10000 29 5 0 0 1 0 0.772817 0.656566 0 0 0.48282 0 27.989 43.1106 0 0 17.0941 0
600 75 10000 1381 864 5 1 89 327 0.915441 0.90879 0.602499 0.658307 0.877096 0.903973 18.1456 16.001 43.3651 20.4682 23.7731 16.5432
600 100 10000 1372 824 5 3 72 283 0.903168 0.933716 0.705722 0.453996 0.965891 0.924836 17.7763 16.107 26.6852 73.1897 21.7172 18.1685
600 125 10000 1272 769 2 2 88 273 0.894313 0.948061 0.872749 0.836242 0.858339 0.921486 18.2818 16.2863 52.8404 15.8256 20.9323 16.6882
600 150 10000 1175 749 0 1 80 214 0.904451 0.942009 0 0 0.871486 0.920428 18.813 16.0457 0 7.86262e+07 23.384 16.5376
600 175 10000 1076 671 3 1 71 224 0.8894 0.925303 0.716748 1.83581 0.965146 0.904877 19.6567 15.9077 15.9374 31.0691 25.4103 17.3274
600 200 10000 917 676 3 1 62 215 0.906771 0.920435 0.560234 0.674288 0.909341 0.954715 19.6662 16.3245 114.056 121.719 24.7533 16.8897
600 225 10000 806 571 0 2 48 200 0.897786 0.918157 0 0.866951 0.888721 0.899836 20.5272 15.7761 0 98.2924 20.9403 17.5115
600 250 10000 641 539 2 0 54 156 0.919232 0.915478 0.793634 0 0.872352 0.938344 21.1067 16.2021 55.4449 0 18.6189 18.4697
600 275 10000 497 494 0 2 29 121 0.897909 0.917082 0 1.20169 0.780352 0.911412 21.9071 17.0304 0 74.3202 37.702 19.7054
600 300 10000 417 386 1 2 32 104 0.9106 0.909103 0.82611 0.873933 0.862613 0.900262 20.4304 19.2237 16.648 49.9768 23.9493 20.2497
600 325 10000 307 309 1 1 25 73 0.93467 0.89932 0.815652 0.924997 0.978446 0.862625 20.3557 16.9125 16.8008 14.6795 21.8674 21.6813
600 350 10000 229 248 0 1 18 67 0.950226 0.922989 0 0.804517 0.845632 0.849684 20.8973 16.8083 0 15.3848 29.232 23.6456
600 400 10000 175 117 1 1 19 46 0.95823 0.979882 1.3769 0.843549 0.894004 0.881845 19.1287 20.0708 17.9567 101.147 19.8697 22.2587
600 425 10000 166 87 0 1 17 29 0.92849 0.911269 0 0.818309 0.912067 0.947313 19.1527 20.7948 0 15.4094 32.3983 25.7893
600 450 10000 133 40 0 0 21 15 0.916869 0.89816 0 0 0.84752 0.910302 18.2515 26.1836 0 0 16.9829 22.6296
600 475 10000 126 28 0 0 10 13 0.872415 0.951083 0 0 0.872527 1.00415 20.3592 23.0221 0 0 24.4924 27.2984
600 525 10000 45 6 0 0 13 5 1.04306 0.97237 0 0 0.687677 0.631727 22.0464 33.6471 0 0 21.0174 26.639
600 550 10000 26 1 0 0 2 0 0.951503 1.42313 0 0 0.882633 0 21.0228 29.3311 0 0 69.5671 0
625 50 10000 1704 814 3 2 122 352 0.892754 0.921851 1.02666 0.726168 0.912284 0.902553 17.7732 16.3819 32.2608 17.3585 19.9538 17.1634
625 75 10000 1699 765 3 3 125 323 0.897968 0.945815 0.687378 0.779796 0.85495 0.920354 18.6852 16.2703 15.886 34.435 20.7095 16.9586
625 100 10000 1598 798 2 4 130 298 0.915158 0.924725 0.838042 0.738026 0.917553 0.899456 18.1298 15.8974 15.6959 45.2713 19.8965 18.4835
625 125 10000 1549 716 5 1 101 283 0.908174 0.943197 1.0994 2.1976 0.90812 0.87596 18.5351 16.0972 35.1796 37.6317 20.8258 16.7651
625 150 10000 1502 772 0 2 96 256 0.9173 0.933937 0 0.795937 0.951234 0.915147 18.0523 16.0564 0 55.4892 20.0346 17.8645
625 175 10000 1295 773 5 2 92 252 0.926568 0.917824 0.981015 0.431988 0.866114 0.922062 18.3 16.6401 23.7746 183.837 23.5316 16.3505
625 200 10000 1190 686 1 1 75 235 0.925019 0.931025 0.724362 1.68971 0.795586 0.921194 19.3324 16.2979 101.268 16.1883 19.5186 16.8269
625 225 10000 1005 694 2 3 55 193 0.912022 0.914874 0.590912 1.10554 0.903189 0.905908 19.4845 15.8324 206.877 30.9312 21.3806 18.7141
625 275 10000 714 542 4 0 52 173 0.899849 0.921813 0.921424 0 0.846413 0.905925 20.4293 17.2299 16.0721 0 22.315 17.9526
625 300 10000 537 443 1 1 46 116 0.89946 0.936149 0.815345 0.643045 0.882188 0.959023 21.139 17.6808 21.0527 16.2559 19.9604 19.1545
625 325 10000 438 407 2 3 32 113 0.916404 0.911247 0.742954 0.493398 0.842873 0.880097 20.4356 17.2459 16.4 118.468 20.5898 18.0089
625 350 10000 317 313 0 0 38 87 0.943079 0.943308 0 0 0.765648 0.931423 19.1685 18.1117 0 0 19.4106 19.0401
625 375 10000 261 244 0 2 28 45 0.921478 0.902871 0 0.404613 0.873537 1.07174 20.3622 18.7052 0 217.477 24.4444 19.1826
625 400 10000 202 178 1 0 25 42 0.905897 0.906312 0.658966 0 0.848837 1.02013 19.3242 17.485 16.2344 0 19.6192 19.1178
625 500 10000 119 36 1 0 12 9 0.881009 0.83994 0.73793 0 1.00111 0.816715 18.6695 22.353 16.2505 0 18.4132 28.3044
625 525 10000 99 22 0 0 11 9 0.874369 0.747896 0 0 0.786715 0.858637 20.0838 19.0311 0 0 31.8996 27.5178
625 575 10000 26 3 0 0 0 1 0.991387 0.85637 0 0 0 0.805514 26.5475 26.8743 0 0 0 57.0208
650 50 10000 1957 749 2 0 140 358 0.90682 0.930017 0.677003 0 0.89681 0.893377 17.7459 16.8947 17.1478 0 18.8483 16.5409
650 75 10000 1956 727 1 0 151 362 0.902523 0.933491 0.634045 0 0.898634 0.905322 17.4207 16.3433 22.1651 0 18.9128 17.0924
650 100 10000 1825 818 5 1 126 345 0.910393 0.910144 0.899789 0.78665 0.856821 0.919598 17.9006 16.1848 18.2766 106.444 19.8829 17.7262
650 125 10000 1800 797 3 2 124 357 0.910735 0.93075 1.02567 0.773377 0.865413 0.868296 18.0474 17.5613 38.1196 48.1527 17.8353 16.7044
650 150 10000 1725 731 2 2 116 282 0.902946 0.923265 0.855257 0.843462 0.910705 0.908561 17.8273 16.0639 15.9577 71.981 20.4658 16.6284
650 200 10000 1485 688 5 4 94 233 0.896711 0.933449 0.674638 0.635489 0.84358 0.925626 18.3614 16.0358 22.2571 16.3714 23.3217 17.6457
650 300 10000 686 518 1 1 45 135 0.915205 0.938728 0.885313 0 0.82976 0.882388 20.9952 16.2121 15.5792 9.71027e+07 19.6273 20.3229
650 325 10000 576 475 0 1 30 136 0.883752 0.930805 0 0.658566 0.899853 0.931889 20.3896 16.1605 0 16.2409 20.5954 18.4695
650 375 10000 355 295 1 1 28 78 0.897323 0.963688 0.620358 0.83403 0.945662 1.02956 18.9428 17.5728 33.6232 109.106 18.0721 21.4162
650 425 10000 205 161 3 0 20 42 0.947605 0.932775 0.82456 0 0.874307 1.07443 19.722 21.603 36.1531 0 23.9337 18.2108
650 500 10000 129 50 1 0 23 16 0.909493 0.875474 0.847695 0 0.840405 1.11554 18.5109 19.1691 15.1653 0 17.5309 27.0518
650 525 10000 120 30 0 0 16 10 0.935572 0.98636 0 0 0.798739 0.922642 18.1301 16.8381 0 0 36.3548 39.8852
650 550 10000 78 19 0 0 8 11 0.884861 0.813 0 0 1.24232 0.860019 20.1253 26.6569 0 0 19.9989 29.018
650 575 10000 50 11 0 0 2 6 0.884708 0.828421 0 0 2.50166 0.667237 21.4777 37.948 0 0 27.6946 30.2028
650 600 10000 25 1 0 0 3 3 1.02513 0.343107 0 0 1.11052 0.714859 21.2065 129.099 0 0 17.3425 80.3628
675 50 10000 2128 752 10 1 187 360 0.898207 0.909677 0.76711 1.70736 0.853787 0.885447 17.2403 16.4049 19.8418 49.0079 18.1754 16.9628
675 75 10000 2164 790 4 2 137 380 0.886726 0.903675 0.760713 0.77233 0.917853 0.884987 17.2205 16.3242 42.9749 49.9732 19.5462 16.8146
675 100 10000 2140 730 5 1 145 330 0.910152 0.922948 0.709148 0.826995 0.873452 0.913191 17.0459 16.4678 18.8718 153.861 19.5853 16.901
675 125 10000 1996 755 5 2 157 320 0.897362 0.929313 0.665931 0.821817 0.810368 0.903096 17.6117 16.428 35.5482 15.6429 19.2574 17.0528
675 200 10000 1693 686 2 2 101 240 0.90479 0.930364 1.74347 0.493102 0.821812 0.931568 17.9856 15.8971 16.6614 22.9925 23.182 16.3835
675 275 10000 1190 668 2 1 62 188 0.905295 0.929177 0.634936 1.46865 0.840059 0.933817 19.1513 16.9399 129.028 63.533 29.052 17.3877
675 300 10000 952 627 2 0 51 174 0.901738 0.931837 0.891124 0 0.851934 0.892887 19.8574 16.3479 54.3487 0 21.5292 17.5106
675 325 10000 786 552 0 0 49 147 0.926629 0.911933 0 0 0.96654 0.896796 19.9463 16.3505 0 0 21.3033 16.3225
675 400 10000 379 294 0 1 24 71 0.906414 0.923052 0 0.815444 1.12134 0.937885 19.5367 18.2542 0 16.8072 25.154 19.7167
675 425 10000 287 217 1 0 32 69 0.933917 0.923694 0.830914 0 0.951079 1.03803 21.5756 18.9775 16.5719 0 20.2689 27.0274
675 450 10000 233 149 1 1 19 43 0.844539 0.916075 0.769346 0.850821 0.880549 0.89477 20.4397 18.6375 15.5404 15.1567 25.0252 28.4943
675 500 10000 166 76 0 0 17 26 0.906123 0.961442 0 0 1.00264 0.851362 19.8362 23.0003 0 0 25.4564 27.704
675 525 10000 146 44 0 1 12 12 0.902929 0.902074 0 0.817595 0.978473 1.01402 18.8453 20.5785 0 15.3332 17.926 26.3422
675 550 10000 126 19 1 1 11 8 0.894721 1.00987 0.362139 0.484823 0.740307 1.066 18.8767 22.8789 101.367 17.3307 16.9908 42.6838
675 575 10000 124 16 1 0 10 5 0.866366 0.715557 1.27501 0 0.89817 1.15883 20.6194 26.4001 37.7137 0 30.4941 30.3703
675 600 10000 43 3 0 0 8 0 0.933296 1.03513 0 0 0.895452 0 22.523 48.4119 0 0 17.406 0
675 625 10000 28 1 1 0 0 0 0.988515 1.3572 0.439013 0 0 0 21.3367 43.2529 17.2828 0 0 0
700 100 10000 2387 704 5 1 170 326 0.901762 0.926173 0.886479 0.659153 0.865203 0.894351 17.1214 16.8427 23.2997 27.5971 21.8219 16.8896
700 150 10000 2220 777 4 2 154 296 0.888487 0.917371 0.799148 0.608111 0.844101 0.911577 17.3283 16.1511 16.1898 19.041 20.5139 16.7278
700 175 10000 2112 728 8 2 139 303 0.894989 0.952058 0.749044 0.413027 0.824163 0.884993 17.8487 16.9568 33.7633 15.2732 19.6501 16.595
700 250 10000 1665 712 1 1 104 234 0.8984 0.935332 0.834792 0.834609 0.841654 0.969674 17.7787 15.9671 16.5035 101.429 21.6936 16.7836
700 300 10000 1242 588 2 0 78 219 0.899437 0.951793 1.06882 0 0.876584 0.868134 19.3122 16.1881 48.8682 0 19.5219 18.518
700 375 10000 637 485 2 1 33 114 0.915454 0.940875 0.783547 0.634484 1.03995 0.869673 20.1488 17.5933 46.3277 21.0076 24.6826 26.4511
700 400 10000 498 383 2 0 44 99 0.886271 0.910778 0.646678 0 0.882599 0.860435 19.6074 18.2298 69.4347 0 24.8128 18.7765
700 425 10000 349 317 0 0 30 85 0.929447 0.953839 0 0 0.834724 0.883884 20.2692 19.8226 0 0 22.6619 20.0941
700 450 10000 266 232 2 0 12 59 0.919346 0.918817 1.50599 0 0.89204 0.869106 19.9925 19.9165 15.48 0 29.2982 23.7608
700 475 10000 206 180 1 1 21 38 0.939398 0.915269 0.724444 0.743263 0.924633 0.945618 18.5645 19.1105 15.9764 15.9027 26.7474 19.749
700 525 10000 165 67 1 0 15 21 0.929884 0.858236 0.742806 0 0.919012 0.999106 18.3404 22.7771 101.258 0 17.6596 23.8984
700 600 10000 92 12 0 0 6 2 0.930368 0.86801 0 0 1.07958 1.75629 19.7606 46.7237 0 0 30.321 50.1753
700 625 10000 68 6 0 0 5 2 0.867332 1.05987 0 0 1.28894 1.3287 19.9128 35.4401 0 0 19.3881 39.6768
700 650 10000 24 1 0 0 1 0 0.958202 0.922699 0 0 1.47492 0 22.6746 17.3143 0 0 44.4229 0
725 75 10000 2594 704 4 1 190 358 0.890044 0.905485 1.03873 0.483494 0.876432 0.888328 16.9114 16.8185 24.5164 17.5065 19.5962 17.7061
725 100 10000 2515 704 3 2 185 319 0.902533 0.92337 0.632418 0.624172 0.869717 0.89021 17.0967 16.639 15.7079 25.0236 18.7364 17.2717
725 125 10000 2473 734 11 2 178 344 0.907302 0.908879 0.924405 1.17243 0.912491 0.894869 17.0396 16.4335 21.1707 48.5722 18.5014 16.8723
725 150 10000 2482 715 7 1 171 328 0.908473 0.925158 0.818196 0.830026 0.826103 0.893513 17.0865 16.8696 16.596 15.2599 21.77 16.4309
725 200 10000 2215 722 8 0 160 297 0.898143 0.918724 0.756707 0 0.828984 0.904457 17.7946 16.5709 21.774 0 21.6183 16.646
725 225 10000 2134 715 11 0 128 265 0.886093 0.912931 0.984865 0 0.866966 0.870739 17.4908 15.9363 22.8528 0 20.6594 17.0409
725 250 10000 1876 701 4 1 108 231 0.918521 0.955335 0.803929 3.46007 0.896834 0.927628 17.8728 15.9976 17.2407 39.903 19.6297 16.7062
725 275 10000 1887 682 4 1 91 263 0.89624 0.935748 0.711 0.754633 0.851708 0.902634 17.7555 15.8069 29.9634 122.41 18.8812 18.0708
725 325 10000 1302 674 1 0 68 192 0.91126 0.948186 0.852741 0 0.855804 0.905286 19.3214 15.8482 101.141 0 23.0657 17.2577
725 350 10000 1086 587 6 2 51 199 0.910596 0.938805 0.698224 0.840798 0.920532 0.855087 19.2229 15.8795 28.9857 46.6864 19.7618 16.2767
725 375 10000 816 531 4 3 54 149 0.921425 0.938477 1.22438 0.813507 0.855394 0.864882 19.8489 17.5372 24.7058 17.2033 24.7767 17.0399
725 400 10000 625 468 1 0 38 123 0.927803 0.952569 0.84951 0 0.80882 0.952327 20.2487 18.433 15.1719 0 23.7849 17.2322
725 425 10000 500 399 2 1 29 106 0.913306 0.907291 0.859257 0.752497 0.809249 0.847456 19.5692 17.1145 51.554 111.79 22.301 19.3
725 450 10000 337 302 1 0 33 80 0.914316 0.912568 0.743469 0 0.872243 0.929587 19.8778 17.8204 126.205 0 20.4544 20.3269
725 475 10000 298 216 1 1 26 77 0.924166 0.950989 0.743015 0.849615 1.03165 0.898836 19.2012 20.5627 15.9066 15.1641 21.4892 20.6583
725 550 10000 161 75 1 1 26 15 0.918788 0.93151 0.801829 0.822355 0.865588 1.13723 19.9571 17.2011 15.3912 16.7787 21.3518 26.2583
725 575 10000 145 33 0 1 17 14 0.8769 1.04432 0 0.804072 0.842371 0.873925 18.1617 24.2788 0 101.177 23.292 21.4893
725 600 10000 115 22 1 0 9 5 0.989936 0.809616 0.815848 0 0.964202 0.875947 19.533 24.9668 18.6665 0 31.6999 41.1344
725 650 10000 47 8 0 0 1 2 0.996673 0.837728 0 0 1.91688 0.893175 27.1349 35.1715 0 0 15.982 94.1933
725 675 10000 22 1 0 0 5 0 1.00773 0.962936 0 0 0.635466 0 24.9508 17.717 0 0 17.8801 0
750 50 10000 2813 656 5 3 244 349 0.877536 0.918954 0.678717 0.689278 0.848923 0.868519 17.0195 17.2049 48.3797 50.2758 19.9171 17.1558
750 75 10000 2755 637 6 3 230 383 0.898372 0.914597 0.834576 1.04756 0.896177 0.839814 17.0327 17.0289 24.9276 40.406 18.925 16.8465
750 125 10000 2711 717 5 2 197 335 0.896991 0.918524 0.789546 0.76987 0.886751 0.905162 17.06 16.4965 30.8629 55.8875 21.5309 17.597
750 150 10000 2665 677 11 0 205 319 0.886762 0.924349 0.799373 0 0.851474 0.887149 17.2754 16.9467 16.8093 0 19.6751 17.0069
750 175 10000 2634 729 4 0 182 302 0.893541 0.927387 1.08336 0 0.862812 0.850103 17.081 16.75 21.1773 0 18.7141 16.6014
750 200 10000 2511 739 9 1 191 285 0.896139 0.891173 0.986609 1.70392 0.847253 0.90259 17.0573 16.1987 31.2796 15.6038 19.6488 16.9025
750 250 10000 2213 739 7 2 118 289 0.903302 0.934041 0.777231 1.62188 0.898206 0.895923 17.2899 16.1762 22.0313 37.2918 19.136 17.0265
750 275 10000 2133 650 7 1 123 251 0.89837 0.920945 0.855219 0.79078 0.913997 0.934389 17.832 16.2302 22.5775 100.652 18.6809 17.0807
750 325 10000 1639 629 4 0 90 235 0.907892 0.939725 0.959729 0 0.844787 0.979103 18.2153 16.1022 35.2355 0 18.7695 16.0087
750 350 10000 1421 659 1 4 79 169 0.905124 0.944486 1.91306 0.780419 0.866482 0.916631 18.4843 15.9976 19.3536 19.6133 22.1411 16.3662
750 375 10000 1146 592 2 3 56 205 0.894236 0.904528 1.32242 0.786702 0.866259 0.906197 19.7107 16.2544 44.8281 53.7096 19.2311 18.8379
750 400 10000 910 520 5 1 36 130 0.895648 0.942055 0.833582 1.70393 0.782932 0.897696 19.7113 16.1001 42.5573 70.3302 32.3497 18.3452
750 425 10000 649 472 2 0 40 128 0.911826 0.931188 0.830665 0 0.856089 0.862256 20.7671 15.9418 72.0913 0 20.7584 22.9031
750 475 10000 331 325 2 1 30 76 0.941316 0.941985 0.743798 0.835197 0.942947 0.87687 18.7565 16.432 52.3728 15.4218 19.9887 24.626
750 550 10000 209 102 0 0 21 29 0.944287 0.987355 0 0 0.892207 0.918779 18.3892 19.5458 0 0 28.2179 28.6781
750 575 10000 188 78 0 0 13 18 0.881073 0.950251 0 0 1.05249 0.791989 18.1531 23.2976 0 0 22.309 19.1355
750 625 10000 131 32 1 0 13 4 0.884374 0.865421 0.471876 0 0.78004 0.759199 17.848 16.87 17.3289 0 34.1293 70.6926
750 675 10000 66 5 1 0 6 0 0.824102 0.729987 0.712943 0 0.680102 0 20.6865 17.9447 16.0178 0 28.6325 0
750 700 10000 25 1 0 0 2 0 0.79599 0.438038 0 0 0.824128 0 22.3426 17.3046 0 0 31.187 0
775 75 10000 2971 638 8 0 257 373 0.885391 0.887744 0.668857 0 0.829408 0.861008 17.0545 17.0482 21.5654 0 18.9247 17.7828
775 100 10000 2884 612 7 1 253 342 0.889415 0.909016 0.840843 0.888504 0.850858 0.879646 17.1326 17.7085 32.4079 99.1701 19.0717 17.6348
775 125 10000 2966 632 6 1 230 350 0.887478 0.928924 0.831062 1.51408 0.846005 0.843904 17.0322 17.4417 22.3769 122.115 18.4592 17.3114
775 150 10000 2854 649 10 0 204 300 0.887543 0.899637 0.860276 0 0.837963 0.907829 17.0584 17.366 18.8664 0 19.6375 17.2327
775 200 10000 2714 669 1 0 202 279 0.891758 0.908576 0.823062 0 0.815899 0.893961 17.1201 16.6583 101.132 0 21.3952 18.0353
775 225 10000 2716 691 3 0 186 290 0.893429 0.918529 1.5298 0 0.854293 0.878511 17.1003 16.7054 24.4047 0 20.0504 16.5188
775 250 10000 2561 683 3 2 143 303 0.90866 0.90556 0.806968 0.864115 0.829663 0.916962 17.0925 16.4321 51.6674 69.6314 21.0885 18.4087
775 275 10000 2375 728 6 2 130 270 0.898854 0.899949 0.891393 1.07617 0.858362 0.912209 17.3132 16.2359 16.7901 36.5628 20.3141 16.38
775 300 10000 2121 675 9 1 151 272 0.90772 0.929601 1.02906 0.813576 0.885043 0.936005 17.4153 16.1288 18.3805 22.0999 19.2733 17.7268
775 400 10000 1204 625 2 3 64 141 0.912348 0.930331 0.654864 0.42742 0.822291 0.854631 19.2433 16.6547 41.3867 131.615 20.4032 22.651
775 450 10000 743 457 0 1 48 118 0.897226 0.929469 0 1.22173 0.967556 0.896238 19.7469 18.5727 0 76.774 24.7839 20.6373
775 475 10000 563 380 1 0 26 111 0.888139 0.957577 0.470565 0 0.837333 0.891451 20.9212 17.3977 17.3582 0 19.8006 19.2303
775 500 10000 399 294 1 0 20 81 0.963964 0.917179 0.75562 0 0.824803 0.958629 18.9099 18.6834 17.8247 0 17.0241 18.2172
775 525 10000 300 230 0 0 21 63 0.901463 0.924889 0 0 0.930493 0.884017 20.1205 17.0989 0 0 22.4097 22.5214
775 550 10000 268 135 0 0 24 37 0.929953 0.910836 0 0 0.902103 0.908983 17.3071 20.3232 0 0 20.736 24.1438
775 650 10000 108 24 0 0 13 8 0.946821 0.728658 0 0 0.991919 0.901346 17.542 41.9475 0 0 18.6622 29.6082
775 675 10000 114 16 0 0 8 6 0.871215 0.815087 0 0 0.869537 0.828178 19.213 34.7425 0 0 44.8831 44.4581
775 700 10000 49 6 0 0 3 0 0.807515 0.779638 0 0 1.2882 0 18.4775 23.6763 0 0 24.5545 0
775 725 10000 20 0 0 0 2 1 1.09279 0 0 0 0.480999 1.09039 22.0732 0 0 0 113.164 71.4584
800 75 10000 3160 604 5 2 297 338 0.885628 0.924425 0.897815 0.647139 0.833095 0.85331 16.9889 17.2939 16.8945 38.6346 19.5076 18.4093
800 100 10000 3139 640 10 3 237 346 0.88251 0.905456 1.03648 0.665555 0.864787 0.854663 16.9832 17.3893 19.7371 79.0456 20.0537 16.9547
800 200 10000 2885 627 9 0 194 316 0.889887 0.938045 0.779068 0 0.892267 0.899885 16.9566 16.4884 20.0121 0 21.2283 16.7807
800 225 10000 2808 679 6 2 208 308 0.899497 0.936153 0.959866 1.05212 0.84299 0.840516 16.7269 16.4943 33.4086 86.1472 17.952 17.1721
800 275 10000 2627 632 5 0 164 285 0.908048 0.903683 1.6142 0 0.838649 0.916053 17.1329 16.2883 29.5032 0 19.1539 16.8633
800 300 10000 2490 685 3 2 129 226 0.902242 0.905544 1.22387 1.50222 0.842114 0.925671 17.0384 16.415 49.6659 33.3435 21.0014 17.1041
800 325 10000 2247 692 6 2 129 259 0.902958 0.920942 0.785061 0.426396 0.858327 0.855632 17.4332 16.1259 22.4344 100.23 21.709 17.2478
800 400 10000 1542 636 3 3 84 198 0.895925 0.937639 1.16447 1.07602 0.861743 0.916884 18.6854 16.6511 16.4579 33.4439 17.3837 17.3578
800 425 10000 1246 585 5 0 64 166 0.897706 0.910364 0.942499 0 0.863025 0.881721 19.3951 15.7505 21.1614 0 19.8678 17.1929
800 500 10000 567 351 2 2 35 104 0.90486 0.958341 1.61128 0.81574 0.923493 0.915999 19.742 16.9654 40.3467 16.8011 20.5445 17.8078
800 600 10000 198 119 0 2 23 31 0.955826 0.900104 0 0.81857 0.892489 0.831133 18.432 20.3013 0 15.1593 26.7841 28.1529
800 625 10000 169 61 0 0 14 20 0.904999 0.997143 0 0 0.974644 0.856123 23.7462 23.5657 0 0 27.9251 20.9038
800 650 10000 159 33 1 0 12 11 0.912684 0.905752 0.802026 0 0.829744 0.892517 17.9015 25.3286 15.3886 0 28.0802 22.076
800 725 10000 46 8 0 0 4 1 0.865377 1.0192 0 0 1.09254 0.730283 21.9398 19.3126 0 0 26.0111 141.661
800 750 10000 18 3 0 0 3 0 0.964206 0.490891 0 0 0.676141 0 19.4987 46.6576 0 0 39.9437 0
825 50 10000 3366 549 4 1 305 356 0.887665 0.912392 0.876275 0.543607 0.851206 0.836567 17.0113 17.2393 21.7053 16.4907 19.7852 17.674
825 75 10000 3307 586 12 0 307 380 0.875885 0.901844 0.787885 0 0.838925 0.824744 16.9586 17.5012 16.6598 0 17.6613 18.1226
825 100 10000 3220 603 7 1 285 352 0.893663 0.892623 0.54889 0.360925 0.833821 0.85018 16.9767 18.298 42.3504 218.454 18.7587 17.7371
825 150 10000 3367 579 6 2 254 314 0.874085 0.900909 0.923281 0.351796 0.855423 0.888397 16.939 17.2936 27.8934 19.1494 19.1747 16.8766
825 175 10000 3319 606 6 2 262 289 0.895729 0.898156 0.732285 0.593133 0.874283 0.901532 16.7399 17.4646 24.0795 21.6786 19.247 16.9898
825 200 10000 3158 591 8 4 265 311 0.890823 0.929912 0.540773 0.815159 0.803249 0.860476 16.9032 16.6819 29.2424 32.7082 18.3986 16.9016
825 225 10000 3099 613 3 1 247 320 0.892566 0.897104 1.46916 2.57675 0.870493 0.875275 16.9635 17.0749 28.5348 76.7508 18.0999 17.7027
825 250 10000 2981 630 4 0 212 258 0.893854 0.910863 1.23677 0 0.856988 0.917123 16.9684 18.0923 16.6923 0 17.9593 16.8201
825 275 10000 2855 633 12 1 173 279 0.892076 0.923658 0.79364 1.95231 0.833165 0.903634 16.9343 16.4339 31.3505 18.6782 19.4014 17.091
825 300 10000 2634 643 8 1 152 258 0.904682 0.903441 0.57563 0.842196 0.904124 0.949561 17.0778 17.5866 31.6322 15.3682 19.7289 16.9037
825 325 10000 2488 683 10 1 149 253 0.91189 0.917851 0.704725 1.51531 0.864052 0.915558 17.0464 16.4217 20.8731 89.1759 18.9453 16.7155
825 350 10000 2343 665 3 3 124 243 0.913792 0.935646 0.518068 0.831279 0.869913 0.911624 17.4743 16.4744 60.9692 15.5423 20.8773 18.2943
825 375 10000 2076 702 10 1 112 226 0.910108 0.929036 0.863878 0.845531 0.867126 0.951151 17.6203 15.9746 22.131 353.346 20.9149 19.1943
825 425 10000 1541 585 5 4 57 201 0.901792 0.932948 0.703116 0.752423 0.829306 0.889306 18.6056 16.5539 29.1876 61.2309 22.9186 16.2881
825 450 10000 1283 521 5 2 70 157 0.908067 0.942542 0.978308 0.841127 0.824329 0.958202 18.6374 15.8404 40.9941 75.745 20.7953 18.1228
825 500 10000 736 444 1 0 44 120 0.909286 0.925393 0.6974 0 0.919086 0.883786 20.0828 17.4981 16.1776 0 22.2451 18.0389
825 525 10000 563 371 1 3 35 75 0.92057 0.909917 0.700106 0.574564 0.895821 1.03291 19.7757 17.1796 128.295 69.5049 20.3866 16.9887
825 550 10000 375 271 3 1 21 71 0.932263 0.903833 1.07773 0.89664 0.80963 0.89417 19.3895 17.7875 15.7027 14.837 29.57 23.8188
825 575 10000 317 213 1 0 16 54 0.912548 0.914273 0.367812 0 1.01677 0.814678 18.7741 16.9456 105.6 0 28.0606 33.3577
825 600 10000 240 148 2 0 20 30 0.935336 0.901409 0.73501 0 0.914738 0.971098 18.5205 21.5424 57.0558 0 17.4583 23.237
825 625 10000 214 106 1 2 16 27 0.911468 0.933467 0.437564 0.785989 0.963728 0.912761 17.6052 21.2676 17.3152 62.9353 24.9709 20.0336
825 700 10000 114 26 0 0 17 6 0.884457 0.832526 0 0 0.847579 1.01288 17.6813 35.9156 0 0 25.4533 28.9073
825 725 10000 68 12 0 0 6 0 1.00245 1.1264 0 0 1.21041 0 19.1937 17.1906 0 0 42.8575 0
825 750 10000 59 1 0 0 6 3 0.816696 1.64904 0 0 1.01544 1.01531 18.7492 108.762 0 0 23.6714 59.3329
850 50 10000 3530 543 4 0 327 350 0.870597 0.87018 0.893027 0 0.858637 0.839313 17.0709 17.2615 17.5541 0 18.7795 18.7676
850 100 10000 3424 551 12 1 335 353 0.893518 0.912734 0.77452 0.805371 0.84687 0.834154 16.8532 18.9694 16.9656 142.435 18.5375 18.4019
850 125 10000 3461 578 9 1 325 314 0.879749 0.896873 0.990749 1.55228 0.828157 0.883389 16.9121 17.0821 17.1206 16.314 18.8921 17.6149
850 225 10000 3275 576 7 2 231 322 0.891403 0.906363 0.787587 0.733023 0.836665 0.842082 16.9159 17.3494 16.6996 57.9712 21.3208 17.0861
850 250 10000 3206 616 7 0 243 285 0.896383 0.908162 0.804214 0 0.860294 0.884815 16.9597 16.3092 25.7734 0 18.8643 17.4176
850 275 10000 3117 643 8 3 217 269 0.883817 0.901165 0.788576 0.772843 0.857901 0.867228 16.8396 16.4021 21.9661 75.0614 19.4168 17.0732
850 300 10000 3012 579 5 2 168 240 0.8942 0.942223 0.747899 0.439682 0.896067 0.860272 16.9912 16.3778 28.0162 15.0563 19.5995 21.0658
850 400 10000 2153 697 5 0 102 205 0.899167 0.932471 0.691543 0 0.88973 0.86865 17.4421 15.9755 15.6644 0 19.5004 19.251
850 450 10000 1598 614 4 2 81 184 0.901019 0.914424 0.954014 0.765451 0.848244 0.917654 19.1362 16.0127 32.8053 16.8912 20.5494 18.1303
850 500 10000 954 477 1 1 57 160 0.9102 0.940568 2.03781 0.901926 0.849942 0.903698 21.0339 15.7885 16.8915 186.563 20.9494 18.5069
850 525 10000 777 466 3 1 50 121 0.895808 0.922468 0.855496 0.834352 0.776672 0.991559 18.9211 16.0631 66.5225 16.5167 25.578 17.3995
850 575 10000 425 279 0 1 26 57 0.910634 0.914072 0 0.860197 0.967614 1.09442 20.4797 17.3449 0 15.1121 19.4785 24.5165
850 625 10000 253 140 0 0 28 43 0.918886 0.941008 0 0 0.841269 0.816741 19.686 27.0524 0 0 20.985 20.3458
850 650 10000 231 97 1 0 14 16 0.888086 0.923695 0.620749 0 0.978037 0.949711 20.1699 17.1884 16.2766 0 17.0641 42.4687
850 725 10000 116 15 2 0 9 9 0.881455 1.0218 0.659359 0 1.16351 0.678192 19.2114 36.4542 15.8873 0 19.4724 34.228
850 750 10000 89 8 1 0 11 3 0.883664 0.991397 0.742431 0 0.989292 1.13591 20.4891 27.3014 15.9161 0 22.2588 37.8481
850 800 10000 17 0 0 0 4 1 1.02391 0 0 0 0.961441 0.438778 31.508 0 0 0 26.3105 142.474
875 50 10000 3628 519 2 1 377 350 0.872078 0.872415 1.43869 0.858558 0.811384 0.860372 17.0882 18.4642 17.9713 17.3473 18.6238 17.5568
875 125 10000 3606 510 3 1 325 333 0.872985 0.89804 1.21879 0.792184 0.863822 0.85947 16.9214 18.5779 16.557 17.2729 18.1457 17.6516
875 200 10000 3500 532 7 1 282 268 0.883531 0.912612 1.02619 0.698226 0.855169 0.844952 16.9182 16.9103 17.9068 16.0727 19.4325 19.859
875 250 10000 3465 607 8 1 276 279 0.884889 0.8872 0.700249 0.805137 0.84996 0.855547 16.9582 17.031 20.9741 101.43 17.8205 17.9541
875 275 10000 3304 571 6 1 236 275 0.89225 0.911499 1.06242 3.05992 0.841982 0.926327 16.9968 17.4032 22.4017 27.3879 18.5646 18.0489
875 300 10000 3148 617 10 4 234 270 0.89987 0.913219 0.883527 0.626778 0.842567 0.877709 17.0371 17.3211 21.0862 76.7462 19.2372 17.5196
875 375 10000 2639 654 7 1 147 238 0.894603 0.913439 0.924405 0.695717 0.929201 0.929759 17.1788 16.2171 24.9866 153.018 19.4334 17.0775
875 425 10000 2170 635 7 2 114 234 0.897853 0.943456 1.0999 0.830632 0.86658 0.873265 17.9049 16.4076 16.4081 15.1409 20.7282 16.4697
875 475 10000 1657 645 1 1 79 200 0.911389 0.923113 0.907332 0.759472 0.840194 0.925662 18.6248 15.868 15.2741 15.612 23.9852 17.2434
875 500 10000 1296 571 6 6 62 147 0.922413 0.935094 0.673411 0.868451 0.873739 0.967191 18.9986 17.3677 28.2093 15.2637 26.1773 19.8269
875 525 10000 1065 517 4 0 36 140 0.902631 0.938632 0.80861 0 0.993818 0.927241 19.6816 17.7887 39.0619 0 26.8358 17.3622
875 575 10000 597 334 1 1 34 89 0.901306 0.947208 1.70755 0.697464 0.878987 0.885035 19.3945 16.8409 15.4906 19.1235 34.3175 22.3784
875 600 10000 413 270 1 2 31 81 0.896776 0.939817 1.68135 0.733638 0.957485 0.821167 19.4114 17.128 15.2048 15.9455 17.0734 19.5342
875 650 10000 258 142 0 0 15 35 0.904371 0.936837 0 0 0.95159 0.871685 19.1066 21.1694 0 0 21.6848 24.4457
875 675 10000 212 109 1 1 18 25 0.920956 0.841312 0.49482 0.851042 1.07721 0.925127 18.4286 19.0835 101.633 15.1538 21.5144 20.4351
875 700 10000 182 56 0 0 12 20 0.872417 0.882494 0 0 1.03839 1.04954 19.8264 20.183 0 0 25.2087 23.8373
875 725 10000 149 41 1 0 13 16 0.893579 0.874038 0.732784 0 0.815695 0.866701 18.3068 17.6259 15.9468 0 28.1134 24.5219
875 750 10000 99 24 0 0 12 6 0.989454 0.851012 0 0 0.684875 0.753713 18.8909 34.9314 0 0 33.1056 52.1492
875 775 10000 79 13 0 0 5 5 0.994852 0.743906 0 0 1.02327 0.884734 20.4157 46.4133 0 0 18.2763 36.6839
875 800 10000 51 2 1 0 3 3 0.829113 0.73288 0.789693 0 0.818093 0.836 18.9793 32.0555 16.7701 0 39.2159 52.4081
875 825 10000 10 1 0 0 2 1 1.45816 0.643999 0 0 0.462745 0.494952 31.4788 103.513 0 0 107.156 37.3329
900 50 10000 3802 468 5 0 417 330 0.855831 0.909329 0.724355 0 0.830836 0.866432 17.1829 18.6146 20.3854 0 19.2444 18.2541
900 125 10000 3746 470 4 2 357 323 0.876851 0.903933 0.991242 0.862292 0.84146 0.892963 17.0432 18.0035 19.9786 66.4029 18.9235 17.9808
900 150 10000 3770 494 7 2 358 355 0.87101 0.927534 0.69179 1.03371 0.812422 0.801223 17.0053 18.0559 23.9909 68.6709 17.8876 18.0086
900 175 10000 3797 525 3 0 325 320 0.867549 0.905303 1.32413 0 0.839358 0.863401 16.9371 17.1889 26.7911 0 18.255 18.0881
900 200 10000 3724 531 5 2 309 308 0.87062 0.893039 1.14191 0.551152 0.871561 0.854677 16.8758 18.0382 25.0949 63.145 19.2228 17.7923
900 225 10000 3779 525 11 0 310 292 0.874089 0.91544 0.899033 0 0.851685 0.898221 16.8114 17.224 18.4856 0 18.3989 16.9312
900 250 10000 3593 572 7 5 283 326 0.884625 0.923992 0.807459 0.693997 0.860167 0.850977 16.8589 16.8393 22.7826 22.5055 18.2079 17.0425
900 275 10000 3631 543 5 0 270 269 0.88459 0.905359 0.981315 0 0.828946 0.905354 16.8416 16.9231 36.4505 0 18.2217 16.8705
900 300 10000 3433 568 11 1 235 270 0.885616 0.918429 0.767829 0.792138 0.841875 0.925381 16.8303 16.7181 16.7946 122.596 18.6364 17.968
900 325 10000 3263 598 5 2 211 268 0.89979 0.912036 0.927569 1.08728 0.859658 0.870277 16.7858 17.2524 16.5836 81.8254 19.218 17.6826
900 350 10000 3069 642 5 3 216 269 0.901615 0.917071 0.846243 0.756575 0.846262 0.874395 16.8818 17.0819 20.9763 38.3481 18.0656 16.6523
900 400 10000 2812 642 5 1 172 233 0.888494 0.9307 1.34769 0.840725 0.9042 0.90295 17.1576 16.4097 16.6176 101.148 19.7331 18.1274
900 425 10000 2547 636 2 3 158 263 0.906969 0.902346 1.17063 0.695108 0.829331 0.848692 17.2815 15.9323 52.8833 47.7919 18.3636 17.2743
900 450 10000 2251 657 4 4 108 235 0.896883 0.925894 0.595077 0.507465 0.873618 0.889692 17.6711 15.9082 34.2718 48.6355 19.073 16.4609
900 475 10000 1970 626 5 0 95 198 0.90512 0.918591 0.679293 0 0.861232 0.922023 17.9683 15.8706 37.2726 0 19.7622 17.9349
900 525 10000 1358 554 2 1 79 176 0.906265 0.921837 1.05249 0.480527 0.831773 0.859391 18.8029 16.7907 36.0492 17.4277 21.4387 18.0693
900 550 10000 1068 527 4 0 53 130 0.893574 0.909079 0.97581 0 0.929394 0.894009 19.8306 15.98 16.3189 0 24.0903 17.0259
900 575 10000 799 467 3 2 34 112 0.908657 0.935175 0.433962 0.872396 0.88636 0.90937 19.6547 18.0915 17.3267 15.4526 23.011 16.534
900 600 10000 570 356 3 3 28 81 0.88634 0.934009 0.745014 0.743945 0.819064 0.975102 20.0103 17.2461 31.9145 50.9596 34.6038 19.3209
900 625 10000 407 297 2 0 31 78 0.923936 0.949026 0.767276 0 0.844384 0.938066 20.2042 19.3245 16.3419 0 26.9896 19.5949
900 650 10000 333 195 0 0 24 44 0.913337 0.938017 0 0 0.917251 0.930304 18.5661 18.218 0 0 20.598 27.8315
900 675 10000 258 164 0 0 22 31 0.919264 0.917094 0 0 0.941192 0.909095 20.1872 19.8449 0 0 20.0237 38.1829
900 700 10000 213 114 3 1 15 32 0.927833 0.947831 0.779647 0.922103 0.989894 0.745232 18.3134 19.6365 38.4936 14.6934 27.1393 28.789
900 725 10000 167 56 0 0 15 21 0.884135 0.869571 0 0 0.940211 0.855412 18.8196 22.1631 0 0 20.0198 22.031
900 750 10000 149 27 2 0 7 9 0.880297 0.864524 0.740135 0 1.17185 0.953378 18.8829 28.8559 52.6145 0 25.178 19.8338
900 775 10000 133 16 0 0 9 8 0.871735 0.983411 0 0 1.0065 0.980656 21.4593 28.2378 0 0 23.0005 26.685
900 825 10000 46 7 0 0 2 0 0.961425 0.665896 0 0 1.86944 0 20.3863 43.8964 0 0 24.681 0
900 850 10000 15 1 0 0 1 0 0.869294 1.53576 0 0 0.340418 0 29.0268 58.8784 0 0 17.0809 0
925 50 10000 3872 435 6 2 408 354 0.861789 0.898064 0.673722 0.831851 0.849889 0.838135 17.2164 18.3907 16.1643 72.71 17.9872 18.6886
925 75 10000 3863 496 9 4 425 342 0.866715 0.874122 0.829449 0.809717 0.829496 0.815588 17.1647 17.7021 20.4422 33.3805 18.0655 19.2049
925 125 10000 4024 493 4 0 376 310 0.853179 0.860463 0.521626 0 0.840871 0.826573 17.1862 17.2993 33.2816 0 18.1197 17.6038
925 150 10000 3902 428 12 0 366 326 0.871774 0.910759 0.944571 0 0.856078 0.869566 16.9823 18.6762 17.7217 0 17.6309 17.5543
925 200 10000 3838 469 4 0 310 300 0.871295 0.919961 1.29656 0 0.900303 0.874396 16.8552 17.3386 18.4577 0 18.3312 17.9503
925 225 10000 3875 510 5 2 341 267 0.874153 0.9036 0.676961 0.430077 0.837951 0.884163 16.9107 17.4722 16.7901 210.822 17.6336 17.2686
925 300 10000 3619 548 8 1 254 274 0.880935 0.934391 0.828625 0.659153 0.898275 0.862191 16.7793 17.1803 29.1519 128.142 17.9924 17.3639
925 325 10000 3478 597 7 1 228 259 0.8881 0.902198 0.846485 0.901912 0.858422 0.893612 16.7144 16.9759 27.256 15.3379 18.7247 17.8277
925 350 10000 3413 565 10 1 226 248 0.886874 0.923086 0.772572 1.08327 0.844576 0.912017 16.8045 16.5441 22.5459 103.685 19.4967 16.6014
925 375 10000 3212 601 4 0 192 251 0.893498 0.926357 1.45723 0 0.853062 0.927585 16.811 16.4705 21.6544 0 18.6622 17.5375
925 425 10000 2806 671 4 0 160 233 0.900567 0.921239 1.05989 0 0.842982 0.890136 17.0823 16.3059 29.7372 0 17.9494 16.8571
925 450 10000 2509 663 6 3 112 244 0.901521 0.921245 0.820594 0.704638 0.845297 0.910714 17.1729 16.2323 16.4774 19.627 20.4489 18.8683
925 475 10000 2284 618 5 3 137 198 0.896104 0.931779 1.01962 0.804144 0.834417 0.952915 17.3541 16.2258 24.3191 40.8034 18.7403 17.1529
925 525 10000 1664 619 5 2 85 180 0.90843 0.926217 0.865156 0.296361 0.923465 0.887262 18.1977 16.3248 15.9287 148.152 22.4922 17.218
925 550 10000 1419 554 2 0 54 144 0.912462 0.930598 1.30369 0 0.909517 0.953716 19.2121 15.9502 35.3007 0 20.9057 17.031
925 575 10000 1098 517 5 2 45 135 0.906381 0.904826 0.775198 0.891036 1.01867 0.922509 20.3523 17.1188 33.1906 72.3232 21.7514 16.8866
925 600 10000 792 442 3 1 39 122 0.903096 0.933315 0.731533 1.62272 0.89002 0.915248 19.1585 16.887 34.3473 45.2554 20.6489 16.9544
925 625 10000 620 358 1 1 27 105 0.872422 0.910612 0.676966 0.868847 0.961762 0.888664 20.7287 17.1795 16.1241 101.498 32.4223 16.8821
925 700 10000 265 154 0 0 19 22 0.911999 0.914343 0 0 0.889258 0.926293 17.776 19.9197 0 0 19.1151 19.5485
925 725 10000 210 115 1 0 11 25 0.923851 0.917688 0.850152 0 1.04134 0.918003 19.0854 20.7418 15.1569 0 33.1064 26.6894
925 750 10000 171 56 1 0 20 18 0.9493 0.904035 0.707621 0 0.751876 1.03704 18.8996 22.1921 16.0202 0 23.7178 30.1866
925 825 10000 73 8 3 0 4 4 0.932562 0.816698 0.717537 0 1.12716 0.585214 17.6789 28.5503 26.2473 0 26.0416 16.1146
925 850 10000 51 11 0 0 6 2 0.834857 0.629183 0 0 0.868303 0.763398 19.7874 37.3522 0 0 24.4406 45.9398
925 875 10000 17 0 0 0 1 0 0.979815 0 0 0 0.43864 0 26.2039 0 0 0 17.2911 0
950 50 10000 3959 435 10 1 396 346 0.860382 0.874502 0.78041 1.52815 0.797967 0.786833 17.3333 18.1765 20.1399 16.4898 19.1845 18.3118
950 75 10000 4008 428 7 0 483 357 0.854513 0.87846 0.806522 0 0.799372 0.844693 17.2512 18.0815 19.6487 0 18.8072 19.2045
950 100 10000 4011 425 7 1 456 310 0.854672 0.864116 0.895744 0.693804 0.807444 0.812589 17.1816 18.3213 18.8504 19.1426 18.459 17.8497
950 225 10000 3963 491 3 2 358 306 0.882998 0.906824 1.0026 1.09154 0.800799 0.857785 16.9417 17.804 50.4985 53.2527 18.2114 17.468
950 275 10000 3808 498 6 0 324 284 0.888987 0.894124 0.75864 0 0.819461 0.89693 16.8326 16.9663 24.5676 0 17.9533 16.8083
950 300 10000 3772 517 13 1 262 253 0.882334 0.932165 0.852792 1.48123 0.850257 0.87744 16.7631 17.2321 18.6326 17.1723 19.3503 17.9025
950 325 10000 3696 562 6 1 274 276 0.885924 0.906549 0.876767 0.834119 0.858639 0.861609 16.7899 16.6767 19.5243 154.202 17.9255 17.0239
950 350 10000 3535 555 9 1 233 259 0.885915 0.926294 0.938879 0.941628 0.894734 0.938601 16.725 16.863 21.5892 14.7534 19.004 17.0035
950 425 10000 3128 597 15 2 200 247 0.895744 0.915396 0.7703 0.882568 0.797736 0.864391 17.0369 16.293 24.5046 53.9928 18.045 16.8411
950 475 10000 2703 591 3 0 134 210 0.902109 0.946904 0.872898 0 0.897657 0.926925 17.0457 16.3258 65.2926 0 21.2749 16.8853
950 500 10000 2352 623 4 2 137 213 0.904729 0.932245 0.795747 0.854275 0.81444 0.864284 17.348 16.7125 16.7372 72.2159 20.5465 16.559
950 525 10000 2082 626 3 1 95 218 0.89889 0.91703 0.737032 0.849172 0.86735 0.885716 17.7965 17.8476 46.4664 15.17 18.7221 17.6443
950 550 10000 1782 597 2 2 75 170 0.906228 0.920824 0.820174 0.75128 0.963126 0.8775 18.6505 16.1344 15.2458 19.3319 19.7965 16.8474
950 575 10000 1350 549 4 4 63 182 0.902961 0.933466 1.33079 0.814265 0.893249 0.863851 19.3011 16.0491 33.5097 16.0861 23.4937 17.341
950 625 10000 849 417 4 0 35 132 0.910031 0.947146 1.11224 0 0.853406 0.930046 20.0491 16.3654 15.2122 0 26.3775 19.1922
950 650 10000 576 358 2 1 30 89 0.908844 0.882155 1.24938 0.571596 0.975519 0.922592 19.5615 18.3209 37.1552 22.7113 32.016 22.7257
950 725 10000 249 137 0 0 19 28 0.927039 0.951079 0 0 0.990392 1.02349 18.3869 21.4838 0 0 25.1001 35.8171
950 750 10000 206 85 0 1 15 19 0.869384 0.96748 0 0.859427 0.879665 0.985661 18.6147 19.0296 0 15.1189 28.2587 22.0444
950 775 10000 175 66 1 1 18 13 0.890071 0.913747 0.438353 0.7427 0.819621 0.916662 19.6946 24.2512 20.3937 15.9117 17.2907 53.7776
950 825 10000 111 14 2 0 4 7 0.896861 1.07402 1.00076 0 1.54823 0.521693 18.2616 25.0916 16.066 0 38.7883 87.6928
975 50 10000 4137 398 6 2 454 328 0.847184 0.870619 0.68349 0.599064 0.805567 0.78588 17.3599 17.8227 23.9893 77.1829 18.4947 19.0111
975 75 10000 4097 408 9 2 461 306 0.847118 0.884841 0.838889 1.05461 0.784699 0.813482 17.2946 17.7535 20.4703 59.9364 18.541 19.4361
975 100 10000 4143 388 9 2 434 315 0.845531 0.91658 0.759226 0.408954 0.831033 0.836816 17.3038 18.4519 23.832 195.669 18.4481 18.5263
975 125 10000 4184 425 6 0 464 292 0.852331 0.879663 0.861148 0 0.826506 0.865761 17.2943 18.4738 16.8975 0 18.4222 17.943
975 150 10000 4176 429 12 1 434 285 0.857382 0.868208 0.708961 0.792307 0.792579 0.83247 17.17 18.1804 22.9162 101.464 18.3828 20.2224
975 200 10000 4207 438 8 1 352 318 0.854338 0.896807 0.846614 0.326578 0.841782 0.849772 17.0363 17.7755 19.4815 249.898 18.517 17.5882
975 250 10000 4083 476 9 2 346 251 0.872895 0.887235 0.822242 0.354506 0.806944 0.855085 16.9683 17.9481 17.7874 137.445 17.8285 17.7084
975 275 10000 4061 487 8 1 350 285 0.887359 0.874788 0.701063 0.491091 0.857578 0.836058 16.8482 17.2329 17.9044 17.4373 18.7922 17.4778
975 300 10000 3995 486 7 0 305 292 0.877824 0.908223 0.625279 0 0.826477 0.839134 16.8474 19.0877 22.8998 0 18.8963 17.5383
975 350 10000 3851 530 5 0 269 252 0.884838 0.926267 0.923152 0 0.836937 0.888337 16.8687 17.2881 20.2462 0 18.4727 17.1278
975 500 10000 2677 649 3 2 150 222 0.894287 0.918803 1.29541 0.792414 0.857934 0.905427 17.278 16.3424 26.2659 76.5409 18.8757 16.804
975 550 10000 2056 629 3 4 89 214 0.909919 0.926648 1.02329 0.812109 0.924273 0.888051 17.7094 16.0786 32.5224 15.8238 18.3596 16.9862
975 575 10000 1817 575 4 0 79 161 0.896602 0.948868 1.19621 0 0.87808 0.959283 18.338 15.6892 23.6094 0 19.6483 16.3242
975 600 10000 1447 566 0 1 58 161 0.905669 0.91445 0 0 0.899475 0.89915 18.8006 15.9688 0 8.59512e+07 19.6104 17.2141
975 625 10000 1124 503 3 3 45 129 0.908841 0.915587 0.88984 0.827405 0.920352 0.951109 19.5648 16.0939 65.2642 36.6694 21.0113 19.1829
975 650 10000 886 430 2 1 28 94 0.886455 0.912145 0.644253 0.811233 1.01367 0.897586 19.7842 17.5852 65.7922 16.8742 21.93 23.2536
975 675 10000 576 344 2 0 19 91 0.893681 0.93087 0.763817 0 0.944517 0.996033 23.1911 19.137 17.5173 0 23.0264 19.0075
975 725 10000 295 203 0 0 23 57 0.888941 0.93313 0 0 0.869744 0.946355 19.6669 21.0057 0 0 27.6676 21.0839
975 800 10000 137 58 0 0 11 17 0.918533 0.861097 0 0 0.877184 0.938343 18.5806 22.2998 0 0 23.6224 23.3987
975 825 10000 146 33 1 0 11 10 0.87343 0.912132 0.484049 0 0.878514 0.79626 21.0448 18.9373 142.481 0 19.7214 34.6945
975 850 10000 120 20 2 0 9 8 0.883434 0.934385 1.0315 0 0.900572 0.71673 18.9066 24.0733 30.422 0 24.3336 32.8738
975 875 10000 88 7 2 0 9 6 0.927769 1.0773 0.664633 0 0.819233 0.709248 17.1089 39.5888 16.1318 0 30.3547 28.9353
975 925 10000 12 0 1 0 1 0 1.41724 0 0.331464 0 0.439883 0 22.5929 0 17.2474 0 204.142 0
1000 50 10000 4109 404 7 0 482 320 0.848132 0.862858 0.818315 0 0.825769 0.824276 17.394 17.8656 17.5011 0 18.9736 19.1453
1000 75 10000 4179 381 5 1 477 332 0.851633 0.86949 1.46447 0.786263 0.828485 0.824227 17.3871 18.1407 20.7019 20.07 18.9638 19.2589
1000 100 10000 4218 376 6 0 484 355 0.849996 0.850127 0.919417 0 0.804747 0.802305 17.3058 18.9191 22.8179 0 18.707 18.191
1000 150 10000 4233 400 4 1 423 303 0.871417 0.868776 0.81543 0.830356 0.835608 0.824631 17.2709 18.415 24.3892 18.1311 18.4187 18.2532
1000 175 10000 4291 450 15 0 438 273 0.851363 0.857714 0.849462 0 0.805926 0.805514 17.2738 18.3597 17.3589 0 19.2053 17.5942
1000 200 10000 4268 454 8 1 442 269 0.863191 0.844085 0.701873 0.614148 0.825836 0.901103 17.1597 18.2746 20.1158 16.3439 18.4056 19.6254
1000 225 10000 4314 407 15 0 372 281 0.86731 0.885722 0.620482 0 0.847872 0.829328 17.0185 19.5339 20.6356 0 18.3402 18.215
1000 250 10000 4250 427 5 1 370 266 0.867087 0.8972 0.758592 0.81583 0.82596 0.854303 17.0514 17.8327 24.6622 15.3165 18.0398 18.8016
1000 275 10000 4267 444 3 0 355 309 0.86062 0.927291 1.19069 0 0.82969 0.837774 16.987 19.0624 16.943 0 18.2662 17.3996
1000 300 10000 4116 467 15 0 367 260 0.879875 0.890947 0.80403 0 0.812235 0.898462 16.9522 17.387 18.9958 0 18.0298 18.6741
1000 325 10000 4036 500 12 1 325 262 0.887504 0.913725 0.789888 0.748727 0.836781 0.84821 16.8573 17.5701 17.3076 143.306 18.4921 17.8143
1000 425 10000 3604 530 5 3 224 263 0.887146 0.943234 1.07206 0.83302 0.890176 0.889218 16.8341 17.3557 36.3905 35.9835 17.749 16.8365
1000 450 10000 3412 564 10 1 196 255 0.896004 0.933803 0.742539 1.32125 0.86676 0.88969 16.8449 17.3465 20.121 38.7558 18.1591 16.3658
1000 475 10000 3204 594 4 0 189 256 0.89415 0.90868 0.8018 0 0.863681 0.883038 16.8549 15.9834 28.9417 0 18.5616 16.5657
1000 500 10000 3053 607 6 1 130 206 0.890226 0.924077 0.784378 0.919526 0.886525 0.931282 16.9587 16.2621 16.9194 132.016 18.8913 17.8335
1000 550 10000 2459 585 4 2 128 226 0.906071 0.909076 0.778258 0.764238 0.850862 0.894095 17.131 15.9809 26.0164 77.1164 18.4739 16.7902
1000 675 10000 800 447 3 1 41 101 0.928608 0.926487 0.826554 0.818419 0.803779 0.85808 20.1275 16.2517 36.5593 16.9281 22.1331 22.4805
1000 725 10000 398 257 1 1 28 70 0.915382 0.947187 0.754701 0 0.90414 0.924206 19.9447 17.5058 101.582 1.1813e+08 20.6953 22.2183
1000 775 10000 241 141 0 1 18 31 0.927596 0.87854 0 0.706655 0.849181 0.859181 18.7619 23.0801 0 142.328 25.1964 33.7845
1000 800 10000 187 70 0 1 18 12 0.969209 0.922018 0 0.710739 0.877395 1.01487 18.8296 29.2187 0 16.0282 26.9765 33.9328
1000 825 10000 175 43 0 0 11 17 0.931742 0.870224 0 0 0.942364 0.800742 18.0378 27.9664 0 0 31.6003 43.2514
1000 875 10000 115 17 1 0 7 8 0.892976 0.867333 0.71254 0 1.11763 1.01152 20.0072 31.7081 16.0243 0 17.4155 24.2798
1000 950 10000 13 0 0 0 6 0 0.993711 0 0 0 0.523257 0 28.4003 0 0 0 23.1659 0
1025 50 10000 4266 346 15 1 511 298 0.840498 0.861083 0.719373 0.360237 0.818773 0.789788 17.5436 19.3345 18.6507 72.6378 19.0409 18.5475
1025 75 10000 4375 363 14 1 510 293 0.838452 0.826665 0.654945 0 0.801222 0.815521 17.4768 21.258 19.3737 8.51886e+07 19.1721 18.6415
1025 100 10000 4337 375 6 0 470 313 0.837593 0.855292 0.773298 0 0.805235 0.778518 17.4198 18.514 20.8379 0 18.8089 19.6981
1025 150 10000 4464 367 5 0 493 272 0.845437 0.880784 0.849929 0 0.79255 0.79541 17.3717 18.6058 17.8785 0 18.5022 19.9536
1025 200 10000 4411 394 6 1 445 286 0.852021 0.893839 0.858762 0.818204 0.789181 0.813287 17.2675 17.8188 17.8475 16.7636 18.5142 18.1671
1025 225 10000 4314 422 11 2 426 308 0.858614 0.878785 0.764446 0.55152 0.796099 0.819069 17.1449 19.3991 20.5343 20.8172 18.0643 17.8763
1025 250 10000 4371 415 12 2 382 284 0.86307 0.866225 0.809065 0.413055 0.848808 0.809066 17.1191 17.8752 18.5966 98.7884 18.1164 17.877
1025 300 10000 4292 453 9 0 358 278 0.867291 0.891573 0.731493 0 0.845735 0.871879 17.0085 18.2287 18.0442 0 18.1765 17.5512
1025 325 10000 4269 473 12 0 328 244 0.868485 0.900862 0.837673 0 0.879185 0.860872 16.9605 17.1403 17.8315 0 17.6298 17.4262
1025 375 10000 4066 483 7 0 298 254 0.882216 0.933887 0.862277 0 0.854077 0.861896 16.7676 17.0761 17.3293 0 17.8724 18.4223
1025 400 10000 3964 545 10 4 234 259 0.877703 0.88999 0.696495 0.8639 0.864459 0.915553 16.8455 17.1017 20.9027 18.1016 19.5129 17.1556
1025 450 10000 3572 526 15 0 237 248 0.890905 0.946407 0.833407 0 0.860616 0.84839 16.7501 18.7601 19.3203 0 19.0617 17.011
1025 500 10000 3252 604 5 2 147 259 0.894798 0.914335 0.661315 1.07736 0.929625 0.861265 16.8759 16.0926 17.4727 34.6889 18.9318 18.3929
1025 525 10000 3039 605 7 1 145 200 0.895179 0.910208 0.936278 0.856576 0.86195 0.851959 16.8633 16.1201 16.5572 127.059 18.6172 17.6095
1025 550 10000 2826 587 5 0 116 202 0.899797 0.923339 0.674515 0 0.874144 0.91854 17.2131 16.0205 16.9637 0 24.5178 16.6365
1025 575 10000 2532 610 6 0 115 190 0.889443 0.937022 1.06472 0 0.857864 0.912941 17.1055 15.8922 16.0534 0 19.5782 16.9661
1025 600 10000 2147 595 6 2 106 187 0.89818 0.935022 0.791091 0.593384 0.847266 0.926199 17.8593 16.0749 42.2046 75.7982 25.4038 17.3301
1025 700 10000 838 427 3 2 41 116 0.920779 0.936248 0.674793 1.11432 0.869813 0.874378 20.1872 17.0993 17.2067 34.0919 23.6592 20.9746
1025 725 10000 595 364 1 1 32 71 0.906771 0.90936 0.767522 0.805999 0.863894 0.978827 19.9315 19.0528 20.7322 16.9629 20.0582 18.9613
1025 775 10000 303 181 1 1 19 41 0.932792 0.951371 0.823024 0.84493 0.865781 0.9473 20.1049 20.4873 102.022 15.1931 24.7998 20.9518
1025 825 10000 208 98 1 0 15 19 0.897958 0.909693 0.706378 0 0.85175 0.991491 18.7765 24.0462 17.892 0 40.2075 23.0303
1025 875 10000 123 30 1 0 9 12 0.961277 0.876125 0.850866 0 1.08861 1.01216 19.629 18.617 15.1561 0 19.8273 23.2811
1025 900 10000 120 20 0 1 5 2 0.866075 0.853628 0 0.853547 0.866235 1.488 20.3483 21.1128 0 101.141 75.7703 84.6529
1050 75 10000 4440 376 8 0 522 326 0.832147 0.835585 0.994828 0 0.791238 0.788046 17.5461 19.4148 23.0788 0 18.8638 19.8503
1050 100 10000 4416 358 11 0 560 309 0.838933 0.832636 0.940502 0 0.789541 0.831342 17.4229 18.9537 19.3812 0 18.4476 18.408
1050 125 10000 4297 356 13 0 502 325 0.854447 0.849165 0.760155 0 0.800326 0.785386 17.4305 20.0294 17.4838 0 18.6407 18.6544
1050 150 10000 4403 375 8 2 505 288 0.843434 0.849225 0.746673 1.40954 0.816686 0.809472 17.4251 18.881 20.0895 45.7608 18.9772 18.1794
1050 225 10000 4451 385 13 0 451 269 0.856512 0.894663 0.907534 0 0.809978 0.843795 17.3137 18.5173 19.0782 0 18.1793 18.0565
1050 275 10000 4309 433 12 1 391 313 0.862338 0.872613 0.880806 0.792015 0.837939 0.867921 17.1079 17.9634 18.0674 101.466 18.6041 18.6294
1050 325 10000 4368 434 8 0 343 273 0.871466 0.845271 0.86797 0 0.861839 0.874293 17.0755 18.4224 23.0046 0 17.9183 18.0267
1050 350 10000 4259 436 9 3 351 245 0.874342 0.894073 1.11668 0.805191 0.836955 0.832959 16.9497 17.3627 22.0114 15.9975 19.0697 19.0939
1050 400 10000 4046 517 7 0 306 270 0.884195 0.886868 0.785536 0 0.801113 0.886955 16.9275 17.457 19.0462 0 18.4265 17.5019
1050 425 10000 3986 505 12 1 299 242 0.883355 0.893976 0.752639 0.794885 0.86518 0.900258 16.7989 17.2003 30.5002 15.421 17.6636 17.769
1050 450 10000 3798 504 11 1 228 256 0.898513 0.963224 0.953225 1.57835 0.887797 0.899442 16.7507 17.1319 18.8928 75.2282 19.4183 17.235
1050 475 10000 3711 554 3 3 183 224 0.892204 0.913221 1.00026 0.831897 0.884349 0.898863 16.6676 17.7567 20.6521 66.9966 18.9156 16.9996
1050 500 10000 3461 614 7 1 191 224 0.902994 0.92588 1.05474 0.859627 0.862203 0.887085 16.7258 16.3149 22.9112 15.9118 18.4307 17.0351
1050 550 10000 3133 613 4 1 151 225 0.897704 0.946542 0.75873 0.815454 0.840391 0.902969 16.9848 16.2223 17.2768 16.8069 18.0898 16.9776
1050 575 10000 2838 620 7 1 142 211 0.889391 0.933326 0.851242 0.813424 0.895893 0.904293 16.9752 16.2505 23.62 16.8508 19.6629 16.2893
1050 625 10000 2247 628 4 2 108 188 0.91806 0.934662 0.781831 0.83348 0.865363 0.878876 17.8027 15.8379 15.8066 74.8529 17.3689 16.8537
1050 650 10000 1910 538 4 1 91 192 0.901544 0.949046 0.750098 0 0.828574 0.904744 17.9451 15.9183 40.4372 9.15921e+07 21.0675 17.1817
1050 675 10000 1514 529 2 0 72 143 0.895205 0.918383 1.18057 0 0.898669 0.922301 18.4103 16.3777 55.2102 0 20.88 19.4564
1050 700 10000 1164 546 2 0 41 140 0.903134 0.901211 0.693073 0 0.827927 0.883654 20.1846 16.2138 16.1164 0 35.6584 17.1847
1050 750 10000 562 339 0 0 26 87 0.939172 0.939539 0 0 0.922166 0.929493 19.9952 17.5228 0 0 27.7746 22.4535
1050 800 10000 339 163 1 1 12 39 0.911167 0.974153 0.761309 0.873408 0.986872 0.878911 19.4568 22.1452 15.8165 14.9649 21.1281 25.6967
1050 850 10000 224 90 1 0 17 21 0.867122 0.907391 0.819152 0 0.838195 0.892814 18.2161 25.514 15.3173 0 23.22 18.5697
1050 875 10000 166 53 3 0 16 15 0.945885 0.932116 0.761195 0 0.920917 0.822051 18.2806 24.844 15.7428 0 20.647 16.8649
1050 925 10000 117 19 1 0 11 6 0.918221 0.79812 0.7427 0 0.744538 0.798958 20.6614 31.1622 15.9117 0 17.8808 19.3883
1050 950 10000 83 6 0 0 5 2 0.872874 0.734765 0 0 1.18511 1.10049 19.5557 61.4564 0 0 20.1077 43.9248
1050 975 10000 38 6 0 0 2 1 0.966679 0.740422 0 0 1.43707 0.494319 24.9911 22.1122 0 0 16.4954 17.364
1075 50 10000 4548 312 12 0 591 324 0.815677 0.848694 0.624231 0 0.75717 0.768605 17.7226 21.2956 21.4037 0 18.5704 19.1405
1075 100 10000 4491 346 7 0 548 266 0.832942 0.830762 0.608182 0 0.789429 0.770173 17.7053 18.1647 17.8293 0 18.7484 20.3356
1075 150 10000 4608 331 10 0 533 280 0.837671 0.851021 1.00402 0 0.78825 0.812042 17.5139 18.863 18.5419 0 18.3693 19.4926
1075 175 10000 4578 375 8 0 486 295 0.839384 0.858594 0.668853 0 0.810228 0.81372 17.5098 19.3127 36.1544 0 18.2653 18.2867
1075 200 10000 4531 363 9 0 509 282 0.848375 0.818525 1.04232 0 0.769788 0.812291 17.4395 18.8006 25.3879 0 18.764 18.6183
1075 225 10000 4604 363 6 0 481 294 0.840268 0.941334 0.653964 0 0.792332 0.773675 17.3133 18.5412 17.4637 0 18.1795 18.0754
1075 250 10000 4589 363 10 2 463 292 0.841496 0.895321 0.775318 0.753578 0.795336 0.826529 17.2743 18.4069 19.8151 22.1765 18.4956 20.0039
1075 300 10000 4488 407 9 1 428 265 0.860205 0.896289 1.02778 0.827882 0.826077 0.839939 17.1292 18.8951 16.9146 15.2596 18.1486 17.424
1075 375 10000 4411 434 8 1 357 248 0.871579 0.909369 0.831902 0.77505 0.823021 0.857583 16.9169 19.9844 19.7659 22.2128 18.1046 18.1784
1075 450 10000 4097 464 12 2 251 254 0.880616 0.910954 0.950789 0.807003 0.833271 0.84669 16.7637 17.0398 17.139 17.5567 17.851 17.2353
1075 475 10000 3823 523 3 2 265 260 0.892909 0.892453 0.88873 0.836159 0.877045 0.876614 16.6964 17.4567 30.6726 68.4749 19.0723 17.9627
1075 500 10000 3748 525 7 1 226 276 0.884603 0.917341 0.89618 0.911494 0.87753 0.861592 16.7402 16.656 25.787 101.082 17.8845 17.0058
1075 525 10000 3601 543 11 1 218 207 0.889932 0.94434 0.892135 0.746739 0.858502 0.915626 16.6363 17.3886 23.8521 21.0743 19.397 18.1355
1075 650 10000 2220 564 8 2 92 186 0.897237 0.942593 0.721458 0.657152 0.9082 0.899756 17.5249 15.8357 43.6889 26.0323 22.2291 17.8407
1075 675 10000 1832 584 5 0 74 165 0.902856 0.941148 0.716568 0 0.870299 0.937823 18.6375 15.7349 28.8943 0 20.0093 17.3912
1075 700 10000 1514 537 3 0 65 177 0.916915 0.927115 1.0623 0 0.809937 0.856181 18.6039 16.2647 27.8299 0 21.1084 17.261
1075 725 10000 1170 459 4 0 48 118 0.908967 0.91577 0.763869 0 0.86244 0.94438 19.0418 16.3002 17.6758 0 23.3143 18.2617
1075 775 10000 608 321 4 3 23 92 0.91464 0.952209 0.784079 0.828146 0.883145 0.907188 20.1586 17.0658 44.6628 49.8773 23.4128 18.2513
1075 800 10000 471 249 3 2 24 64 0.895676 0.968302 0.73095 0.792446 0.879659 0.899153 20.5335 18.9473 15.7796 17.3643 23.3383 17.9526
1075 850 10000 213 134 1 0 17 24 0.939124 0.901753 0.726781 0 0.904329 0.802878 18.3365 19.2958 15.9392 0 19.7972 29.4308
1075 875 10000 190 72 1 0 12 22 0.900949 0.88766 0.782049 0 0.932903 0.927267 19.4517 17.3883 15.6377 0 22.1008 26.5658
1075 925 10000 131 34 1 0 14 9 0.891094 0.819927 0.679875 0 0.776943 1.08517 19.6598 24.8516 101.289 0 21.9049 31.3612
1075 950 10000 91 18 0 0 8 1 0.872401 0.92028 0 0 0.765057 2.81677 20.0438 38.4974 0 0 25.2915 81.4482
1075 975 10000 66 3 0 0 4 0 0.925679 1.17827 0 0 0.952885 0 21.3019 71.5996 0 0 16.4945 0
1075 1025 10000 12 0 0 0 0 1 1.09881 0 0 0 0 0.447163 24.8488 0 0 0 0 17.1799
1100 100 10000 4606 310 11 0 536 272 0.818501 0.853018 0.935289 0 0.777195 0.823309 17.7252 19.7736 19.067 0 19.1685 20.3964
1100 125 10000 4669 286 13 1 541 264 0.827189 0.867157 0.710352 0.912028 0.806212 0.795437 17.743 18.9163 21.0849 64.0482 19.0907 21.3182
1100 150 10000 4583 345 8 0 595 284 0.833665 0.899638 0.862515 0 0.762014 0.810236 17.5326 18.6331 20.3462 0 18.3813 18.3881
1100 200 10000 4677 338 7 0 531 276 0.835231 0.866118 0.841468 0 0.784582 0.781976 17.4766 17.9351 16.6601 0 18.6789 19.0424
1100 225 10000 4639 342 11 0 498 252 0.838644 0.84914 0.718281 0 0.786318 0.797451 17.4253 20.3423 23.6073 0 18.5539 19.2937
1100 300 10000 4604 394 13 2 453 291 0.855807 0.871767 0.76416 1.16356 0.815105 0.860901 17.1725 18.994 25.2234 75.6736 18.1347 18.156
1100 375 10000 4459 421 9 0 396 267 0.857157 0.884795 0.805576 0 0.805522 0.843191 16.9732 17.5194 24.6513 0 18.2644 17.9169
1100 400 10000 4306 389 9 1 384 249 0.870242 0.942293 0.835937 0.818057 0.817028 0.81695 16.872 17.9002 16.771 143.138 18.1894 19.6335
1100 425 10000 4388 458 10 2 335 236 0.874089 0.882621 0.782179 0.396628 0.849748 0.85101 16.8687 17.967 19.9479 24.7627 19.8487 17.4702
1100 450 10000 4180 445 8 1 304 246 0.872759 0.906753 1.19297 0.811706 0.819102 0.874125 16.7916 17.8774 16.3383 16.8595 18.1362 18.0567
1100 475 10000 4062 453 9 1 287 261 0.889058 0.946108 0.753933 0.806622 0.840924 0.841913 16.9074 17.1119 17.3014 147.786 17.8019 17.3917
1100 525 10000 3769 527 6 1 213 242 0.890061 0.91605 1.07644 0.925578 0.880595 0.91183 16.7499 16.8573 18.2087 14.6763 19.155 18.358
1100 550 10000 3621 535 14 1 219 247 0.890996 0.915962 0.743303 2.35961 0.882709 0.890274 16.9363 16.4381 19.2212 41.0114 17.9204 17.5765
1100 600 10000 3291 569 11 3 180 214 0.893875 0.946721 0.773838 1.61425 0.839745 0.93366 16.8476 16.4033 18.2623 28.7449 17.6464 16.5837
1100 625 10000 2916 612 7 0 150 212 0.900299 0.949191 0.803029 0 0.907037 0.900141 17.007 15.8384 16.8905 0 17.6827 16.3564
1100 650 10000 2662 593 11 4 127 211 0.904504 0.926471 0.893582 0.714011 0.873731 0.895895 16.9438 16.0794 18.4292 40.9395 21.5621 17.6805
1100 675 10000 2244 589 5 1 93 173 0.902929 0.9378 0.766477 0.835516 0.838243 0.908657 17.3933 16.0433 16.3691 142.239 21.1387 18.5855
1100 700 10000 1958 578 7 1 86 155 0.905828 0.902419 0.796742 0.855474 0.90609 0.937709 17.7665 15.8098 22.2124 101.14 18.8631 16.4994
1100 725 10000 1566 502 2 2 50 154 0.904121 0.947681 0.747524 0.417578 0.97931 0.921684 18.368 15.9763 19.3077 45.5304 30.0632 19.8998
1100 750 10000 1176 462 6 2 60 124 0.899731 0.934157 0.511203 0.772704 0.975378 0.907931 19.2098 16.1962 23.1671 55.8685 20.8813 18.4018
1100 775 10000 834 400 1 5 40 96 0.900636 0.91847 0.728797 0.608028 0.837629 0.937682 20.8193 16.5988 69.8734 62.2389 21.4588 18.737
1100 850 10000 298 193 3 1 24 47 0.878257 0.898981 0.799619 0.794623 0.864338 0.94983 21.5904 20.465 15.2777 15.5243 20.8718 18.3847
1100 875 10000 230 121 2 1 16 27 0.935603 0.91158 0.569897 0.877289 0.959276 0.91318 19.2578 19.4007 18.9345 14.9567 20.0007 16.1652
1100 925 10000 152 48 0 0 15 13 0.916469 0.892365 0 0 0.842315 0.792673 19.6355 24.8346 0 0 22.01 44.4436
1100 950 10000 124 23 2 0 9 8 0.964063 1.05116 0.819269 0 1.00816 0.90814 17.7512 25.4145 53.3133 0 23.3287 19.9833
1100 975 10000 110 14 0 0 6 5 0.821342 0.661496 0 0 0.96154 0.779082 24.3852 20.3788 0 0 23.2617 31.6874
1100 1000 10000 75 6 2 0 2 3 0.893191 0.875049 0.794168 0 1.13933 1.04335 17.8853 25.1578 15.4172 0 58.7948 32.6021
1100 1050 10000 13 0 0 0 1 1 1.09428 0 0 0 1.09176 0.708419 23.3891 0 0 0 16.6277 101.334
1125 50 10000 4546 292 11 0 674 326 0.821893 0.85462 0.968393 0 0.740483 0.768855 17.8883 19.5078 25.5815 0 18.7425 19.1556
1125 100 10000 4705 294 11 1 619 278 0.816739 0.819586 0.817576 1.71606 0.759282 0.798343 17.844 19.9079 18.9593 15.9762 19.1193 18.7641
1125 150 10000 4678 296 11 0 553 251 0.82775 0.867141 0.736804 0 0.776605 0.811311 17.7856 19.8216 22.616 0 18.886 19.9388
1125 225 10000 4747 334 16 0 472 277 0.834669 0.839435 0.759625 0 0.796825 0.797883 17.5024 18.1503 18.2042 0 18.6121 18.5806
1125 250 10000 4739 334 10 1 525 271 0.842424 0.849662 1.07201 0.658307 0.792773 0.772556 17.4049 18.4588 18.6111 20.6013 18.6563 19.8887
1125 300 10000 4696 347 6 1 432 261 0.843926 0.8848 0.951421 0 0.82453 0.765759 17.2472 18.5739 16.7104 200.51 18.3089 18.3936
1125 350 10000 4631 369 17 0 411 268 0.857668 0.880427 0.817096 0 0.824014 0.846066 17.1804 18.809 19.0142 0 18.3102 18.957
1125 375 10000 4556 425 10 2 398 282 0.855986 0.88189 0.969892 0.812318 0.813814 0.835859 17.067 17.3223 20.7908 17.1572 18.0526 17.7519
1125 425 10000 4458 434 10 1 349 245 0.867878 0.895868 0.656407 1.56167 0.814812 0.876429 16.9704 16.9142 20.6568 68.9273 18.0621 17.753
1125 450 10000 4390 467 9 0 309 258 0.871921 0.897652 0.939826 0 0.872921 0.902497 16.9223 18.2789 19.2388 0 17.8886 17.817
1125 475 10000 4270 425 5 3 289 224 0.881726 0.916628 0.900185 0.698924 0.859191 0.935089 16.8103 18.1573 18.6982 34.8219 18.5683 17.7537
1125 500 10000 4176 448 10 1 276 277 0.884445 0.915565 0.62952 0.428214 0.840471 0.856812 16.7493 17.1559 17.6877 213.356 19.4333 16.9506
1125 525 10000 4065 509 9 2 236 214 0.878726 0.913893 0.840597 0.81456 0.82869 0.946208 16.7284 16.9533 18.3173 16.1776 21.1921 18.3275
1125 550 10000 3801 515 8 2 232 229 0.88595 0.942828 0.889194 0.845187 0.876283 0.918562 16.7397 16.3802 23.1511 15.7586 18.5487 16.587
1125 575 10000 3680 537 6 1 204 235 0.88823 0.943491 0.946941 0.84493 0.886713 0.911805 16.6459 16.5238 20.2568 15.1931 18.3623 16.4012
1125 600 10000 3500 558 5 1 181 214 0.898161 0.945179 0.940624 0.780912 0.850324 0.919954 17.074 16.4196 22.2714 25.6311 19.4303 17.167
1125 650 10000 2920 579 7 1 125 205 0.894054 0.938486 1.06705 0.827424 0.849433 0.905136 17.2856 16.0287 16.9412 139.947 19.7833 17.0878
1125 700 10000 2276 586 8 3 97 186 0.901084 0.932548 0.979537 0.796869 0.879844 0.916418 17.37 15.9264 19.9934 37.4338 20.6297 16.5551
1125 825 10000 647 301 1 0 29 71 0.910507 0.943085 0.859725 0 0.821725 0.890355 20.2282 16.1561 15.1149 0 28.4216 23.0458
1125 875 10000 343 182 0 0 19 40 0.859203 0.905755 0 0 1.05937 0.942276 18.1929 21.8822 0 0 21.3529 25.5059
1125 925 10000 179 85 1 1 9 25 0.916442 0.845943 0.635259 0.737621 0.850215 0.80219 21.3682 24.2634 20.97 101.236 23.8045 24.5918
1125 950 10000 139 54 1 0 17 18 0.967505 0.944076 0.73137 0 0.819889 0.975634 17.824 20.3296 15.9407 0 21.3994 44.2644
1125 975 10000 121 19 1 1 9 6 0.904759 0.803438 0.486586 0.93056 0.844523 0.890456 18.5652 33.9192 17.2916 14.6485 28.5503 24.8737
1125 1000 10000 103 17 0 0 9 4 0.893238 0.836614 0 0 1.06554 1.04427 20.6182 33.9565 0 0 30.2807 24.3918
1150 50 10000 4691 297 12 0 621 299 0.811377 0.780487 0.622061 0 0.762299 0.743264 17.9328 18.9074 22.1166 0 18.8209 21.1762
1150 75 10000 4794 279 5 0 628 303 0.806351 0.806876 1.24532 0 0.735189 0.791499 17.9645 21.4426 32.204 0 19.2533 19.0588
1150 100 10000 4642 280 9 1 631 303 0.816469 0.824814 0.803066 0.711132 0.739837 0.732202 17.9184 21.8977 19.832 16.022 19.1822 19.5861
1150 125 10000 4765 284 8 2 605 297 0.824382 0.850798 0.703718 0.720014 0.723751 0.736794 17.8388 18.4609 18.8242 57.3633 18.7281 20.0428
1150 150 10000 4756 296 9 2 586 260 0.825252 0.865323 0.885829 0.33459 0.75902 0.778327 17.7265 18.266 17.3125 20.1672 19.0138 18.9847
1150 200 10000 4920 262 8 1 532 270 0.808803 0.893735 0.761807 1.52512 0.809619 0.74906 17.7079 21.4775 21.4653 72.7533 18.9741 21.4169
1150 225 10000 4794 316 11 0 529 252 0.829982 0.834313 0.843475 0 0.791608 0.79248 17.6216 18.3914 24.4312 0 18.6785 18.858
1150 250 10000 4840 327 8 0 502 248 0.832511 0.881533 1.13666 0 0.797275 0.76799 17.5784 19.8018 21.154 0 18.5082 21.7724
1150 275 10000 4736 302 8 0 510 295 0.838477 0.900396 0.954714 0 0.819199 0.779037 17.4686 17.7204 21.1697 0 18.0297 18.8395
1150 300 10000 4886 365 8 2 502 251 0.835478 0.858612 0.789539 0.749009 0.798301 0.808658 17.3315 17.7292 22.1834 52.0565 18.8588 18.0227
1150 325 10000 4760 340 13 1 493 260 0.847561 0.885268 0.765376 0.905737 0.799239 0.812276 17.3784 18.86 17.5137 15.2963 18.051 19.0823
1150 350 10000 4699 356 11 4 461 283 0.845913 0.875855 0.657963 0.737735 0.80285 0.813185 17.2433 20.5623 22.6002 39.0441 18.1738 18.5846
1150 400 10000 4664 384 9 0 389 238 0.86529 0.884338 0.903337 0 0.825982 0.881984 17.0602 17.4151 17.2164 0 18.235 17.7289
1150 425 10000 4664 408 7 2 379 243 0.858488 0.89223 0.835056 0.862921 0.825223 0.838666 17.0296 17.5818 16.4595 54.8568 17.9909 17.6283
1150 450 10000 4503 440 13 0 392 263 0.862357 0.863974 0.929097 0 0.805398 0.812254 16.9421 17.4029 20.1148 0 18.1236 18.3391
1150 475 10000 4429 469 10 3 333 256 0.871224 0.882052 1.07869 0.874558 0.843498 0.854651 16.8669 18.1147 17.7382 68.9342 18.4602 17.3842
1150 600 10000 3683 522 5 0 197 227 0.889669 0.926631 1.01873 0 0.857932 0.904891 16.7167 16.5321 17.2545 0 20.5303 17.0719
1150 625 10000 3452 567 6 2 173 233 0.904562 0.964384 0.924116 0.894478 0.848735 0.882129 16.6654 16.401 16.9495 54.2291 20.1193 16.5758
1150 650 10000 3261 546 8 1 146 197 0.892953 0.949248 0.951497 0.855676 0.907947 0.905363 16.9498 16.8518 18.9504 142.229 20.2091 17.3347
1150 675 10000 3006 605 9 1 142 182 0.907934 0.942762 0.670807 0.729889 0.893442 0.905765 16.8501 16.3362 17.3739 101.266 17.7078 16.8568
1150 700 10000 2608 588 6 0 124 190 0.907926 0.922881 0.806983 0 0.890683 0.915437 17.2862 15.96 16.0651 0 20.702 16.6057
1150 725 10000 2298 624 4 0 91 171 0.909513 0.930683 0.845474 0 0.918951 0.952946 17.7038 17.8873 28.0701 0 21.6057 17.2536
1150 750 10000 2000 555 6 3 77 166 0.906157 0.912759 0.921099 0.504336 0.977527 0.921363 17.8248 16.0051 17.6633 84.8219 21.7 17.6014
1150 775 10000 1608 556 5 0 65 152 0.903047 0.915091 1.04024 0 0.843357 0.930018 18.6132 15.9005 22.7592 0 23.6688 18.4775
1150 825 10000 895 402 1 1 36 94 0.91059 0.946881 0.678441 1.51546 0.938034 0.878847 20.1816 17.1333 124.756 73.0965 26.7978 18.449
1150 850 10000 578 313 3 1 32 88 0.904005 0.903404 0.526424 0.804625 0.877197 0.964861 20.2906 19.2478 54.5561 105.197 21.9541 20.0324
1150 875 10000 391 241 5 1 19 52 0.935503 0.898685 0.785305 0.833674 0.926843 0.938586 21.586 17.9383 43.9543 101.153 25.2769 28.2775
1150 925 10000 224 99 1 1 17 29 0.916555 0.951054 1.6044 0.804072 0.980801 0.956026 21.468 21.2075 15.4405 101.177 24.0378 20.1611
1150 975 10000 142 28 1 0 5 17 0.925643 0.978492 0.814736 0 1.18473 0.749968 17.6895 20.4192 101.406 0 25.0804 27.8073
1150 1000 10000 134 20 1 0 13 10 0.844857 1.03041 0.752284 0 1.01069 1.08062 19.8063 24.7 15.7146 0 24.7759 30.0709
1150 1050 10000 70 3 0 0 5 1 0.917439 1.20028 0 0 0.809013 0 19.7013 34.9589 0 0 16.7667 1.78589e+08
1150 1100 10000 17 2 0 0 2 1 0.936778 0.318912 0 0 0.778683 0.552225 23.6852 55.8851 0 0 47.3259 128.55
1175 50 10000 4846 259 10 0 641 291 0.794646 0.797713 0.919293 0 0.761545 0.739991 18.0842 19.245 19.0649 0 19.0946 19.8061
1175 75 10000 4783 258 14 1 627 302 0.801169 0.822196 0.87102 0.76735 0.752922 0.751952 18.0494 19.1676 18.9904 20.7427 18.9884 19.4284
1175 100 10000 4876 254 16 2 643 273 0.806324 0.854019 0.829275 0 0.727926 0.76852 17.9952 19.5952 20.0434 1.20098e+08 19.1415 19.0389
1175 150 10000 4794 266 11 0 594 252 0.812876 0.817387 0.650947 0 0.747532 0.793769 17.9062 18.151 23.3295 0 18.9117 19.499
1175 175 10000 4904 274 8 1 627 278 0.80954 0.82376 0.843904 1.35372 0.75856 0.778358 17.8972 19.929 17.3111 54.3948 18.6838 19.8758
1175 200 10000 4833 315 8 0 545 250 0.824255 0.866233 0.81158 0 0.791218 0.82331 17.7345 18.6376 21.7569 0 18.5388 20.0448
1175 250 10000 4935 335 9 0 524 201 0.824055 0.818158 0.745846 0 0.800319 0.835663 17.623 18.4998 21.2456 0 18.8377 19.7951
1175 325 10000 4816 348 9 1 448 233 0.837843 0.863609 0.95263 0.811912 0.821411 0.869521 17.4015 17.6691 28.4206 16.8531 18.5027 19.4841
1175 400 10000 4745 386 12 0 434 250 0.853926 0.874641 0.803313 0 0.801362 0.846623 17.1901 20.6966 19.362 0 17.9542 18.7721
1175 450 10000 4650 370 14 1 367 268 0.860166 0.876583 0.729548 0 0.824463 0.838586 17.0113 17.7069 19.7762 4.68055e+07 18.5696 17.8846
1175 475 10000 4608 414 15 1 326 229 0.867249 0.911888 0.75074 0.80328 0.85314 0.831517 16.9791 17.3657 18.4128 15.4015 18.4162 17.9633
1175 500 10000 4441 478 9 0 312 232 0.875254 0.879911 0.874518 0 0.836701 0.862277 16.8748 17.3173 18.9517 0 17.9288 17.3774
1175 525 10000 4273 471 3 3 303 242 0.877546 0.933788 0.742937 0.96583 0.829029 0.862644 16.8429 17.9429 55.5744 20.083 17.3525 17.1183
1175 550 10000 4224 479 7 2 270 236 0.878224 0.912299 1.13153 0.809136 0.839746 0.901517 16.789 16.9429 18.8464 51.9434 18.6537 17.683
1175 575 10000 4043 476 14 4 247 219 0.883702 0.932539 0.97133 0.592671 0.867534 0.903165 16.7626 17.0063 21.6165 42.6101 18.7958 17.2963
1175 625 10000 3761 533 8 0 213 224 0.898135 0.897433 0.765861 0 0.831405 0.890041 16.7827 16.4011 17.1538 0 17.8383 16.8778
1175 675 10000 3230 578 6 0 154 212 0.899042 0.95275 0.94244 0 0.893418 0.900232 16.9301 16.4742 28.9306 0 19.2778 16.2429
1175 700 10000 3017 603 4 0 142 213 0.89111 0.919577 0.76096 0 0.875697 0.912019 17.032 16.0225 31.434 0 19.5691 16.2553
1175 800 10000 1529 527 1 0 69 139 0.903637 0.921464 2.08173 0 0.824369 0.972756 19.3046 15.9332 16.8233 0 21.1998 22.4097
1175 825 10000 1215 441 2 1 42 122 0.907339 0.94456 0.833874 0.834174 0.934537 0.910862 18.8 16.7045 17.0576 102.876 25.9352 16.7835
1175 850 10000 837 394 2 0 31 95 0.924955 0.935325 0.337077 0 0.969426 0.914883 20.1403 16.4111 258.348 0 20.3289 17.4006
1175 875 10000 604 338 0 1 19 93 0.901728 0.924001 0 0.730288 0.982036 0.968962 21.3584 18.1946 0 101.265 20.0393 18.6326
1175 925 10000 283 187 0 2 18 46 0.915819 0.926506 0 0.693603 0.93722 0.947887 19.4331 18.835 0 64.3746 21.495 20.7877
1175 950 10000 218 135 2 0 18 31 0.916855 0.918754 1.05777 0 0.958806 0.850155 18.5392 21.3939 16.0377 0 18.4663 36.1843
1175 975 10000 177 79 2 0 15 18 0.908906 0.937094 0.53327 0 0.766952 1.00801 17.8044 23.8809 21.0292 0 21.7735 28.2241
1175 1075 10000 67 8 0 0 3 3 0.863301 0.948062 0 0 0.985084 0.632252 22.4294 32.8304 0 0 27.0344 79.9613
1175 1125 10000 8 1 0 0 0 0 1.44273 1.42061 0 0 0 0 21.5828 41.4822 0 0 0 0
1200 150 10000 4873 240 8 0 660 231 0.808542 0.832238 0.85905 0 0.739052 0.77241 17.944 19.2856 17.5565 0 18.8265 20.0892
1200 200 10000 4978 282 12 1 629 262 0.812393 0.820783 0.73805 0.729779 0.738525 0.774961 17.9617 21.1688 19.3275 15.9663 18.6948 20.2821
1200 225 10000 4898 261 14 0 517 241 0.822538 0.859527 0.694841 0 0.803216 0.811682 17.7498 20.6447 19.3205 0 19.4147 21.0673
1200 275 10000 4943 313 8 0 520 263 0.833684 0.843365 0.927684 0 0.765089 0.785925 17.5157 18.7146 22.3671 0 18.7189 20.1891
1200 375 10000 4884 332 10 0 439 284 0.841992 0.881625 0.616265 0 0.821177 0.835865 17.3251 18.1295 26.5969 0 18.6471 19.474
1200 400 10000 4854 356 5 1 450 232 0.844619 0.8889 0.733503 0.794003 0.826416 0.809426 17.2688 18.663 19.6621 152.376 18.253 18.9402
1200 425 10000 4740 377 11 0 398 278 0.858775 0.907667 0.817357 0 0.79086 0.830551 17.1335 18.6233 19.5059 0 18.3483 18.0471
1200 450 10000 4770 345 9 0 420 227 0.861912 0.874835 1.03189 0 0.812549 0.809706 17.1222 20.4183 22.4242 0 18.6206 17.7238
1200 475 10000 4672 388 9 1 339 243 0.862314 0.861327 0.703918 1.66335 0.847585 0.854105 17.042 17.6582 17.3992 50.2431 18.0318 18.9968
1200 550 10000 4356 447 8 0 305 236 0.872983 0.885847 0.899 0 0.859985 0.875097 16.7668 18.3587 16.6889 0 18.2958 18.5978
1200 575 10000 4246 460 11 4 311 248 0.882128 0.867304 0.710457 0.807086 0.825177 0.856063 16.8348 16.4135 25.8832 32.4201 17.3952 16.8867
1200 600 10000 4112 494 16 1 235 206 0.895372 0.921878 0.700209 0.826392 0.85258 0.899749 16.7648 17.3879 21.5655 101.375 18.4106 17.3187
1200 650 10000 3844 535 4 1 208 221 0.894422 0.893613 1.0018 0.822355 0.88547 0.926857 16.7599 16.2743 26.1287 16.7045 17.3689 17.1999
1200 675 10000 3511 558 8 4 189 212 0.88844 0.919847 0.993404 0.615059 0.836564 0.906118 16.7555 17.078 20.1194 52.8696 17.6434 16.5826
1200 700 10000 3210 582 9 1 177 221 0.904791 0.912321 0.764968 0.828022 0.896876 0.898367 16.7034 15.963 20.6001 136.452 18.9523 18.0095
1200 725 10000 3052 580 8 3 145 187 0.906664 0.909868 0.790898 0.826017 0.861345 0.89033 16.9313 15.946 22.715 74.8859 21.861 17.7084
1200 750 10000 2749 566 5 3 120 183 0.901314 0.929364 1.00857 0.789388 0.846271 0.926022 17.1587 16.0229 23.923 52.5383 17.9801 16.2268
1200 800 10000 2003 610 6 0 82 171 0.897602 0.927386 0.763563 0 0.881276 0.880673 17.5678 18.0176 22.7723 0 20.8292 17.1583
1200 875 10000 859 431 1 2 33 102 0.89112 0.91319 0.782185 0.637512 0.872595 0.887355 20.1144 18.732 20.1842 65.1756 21.4627 22.664
1200 900 10000 634 297 2 1 27 78 0.891668 0.93951 1.13725 0.829093 0.871236 0.892658 19.6968 18.6724 38.9039 142.242 30.5846 20.9947
1200 925 10000 445 269 3 0 21 56 0.899174 0.926328 0.788604 0 0.897857 0.919572 19.709 19.1564 16.2197 0 25.9678 27.9773
1200 950 10000 273 176 0 0 14 34 0.92059 0.88452 0 0 0.959697 0.955166 18.2188 20.8187 0 0 28.9927 19.5625
1200 975 10000 240 138 0 1 10 31 0.935483 0.910725 0 0.814996 0.851798 0.86921 19.0774 19.57 0 109.389 27.657 24.4125
1200 1025 10000 162 42 0 0 5 13 0.929095 1.05389 0 0 0.968624 0.859298 18.9859 22.1104 0 0 49.1148 24.2246
1200 1100 10000 61 4 0 0 9 0 0.908943 0.640099 0 0 0.845331 0 20.7146 86.8782 0 0 17.9913 0
