125 75 10000 2 2 0 0 1 1 0.634471 0.565054 0 0 0.411181 0.275644 32.2007 32.6333 0 0 24.961 100.046
150 50 10000 1 1 0 0 3 2 1.31091 2.03559 0 0 0.391871 1.63055 24.6477 47.091 0 0 31.1315 26.8764
150 75 10000 5 3 0 0 5 4 0.691261 0.552285 0 0 0.247652 0.488307 37.4868 54.1336 0 0 53.9095 32.7934
150 100 10000 3 2 0 0 0 1 0.563363 0.442825 0 0 0 1.25874 20.7309 35.1324 0 0 0 39.1528
175 50 10000 4 7 0 0 1 4 0.542241 0.692124 0 0 0.645919 1.23137 41.378 37.3422 0 0 36.2125 56.6632
175 75 10000 3 5 0 0 3 2 0.942565 0.850015 0 0 0.484058 1.30748 30.3059 34.996 0 0 25.5645 31.3165
175 100 10000 3 4 0 0 2 5 1.04293 0.496311 0 0 0.516661 0.449536 25.7757 83.5668 0 0 69.2602 49.3755
175 125 10000 5 1 0 0 1 1 0.761664 0.192724 0 0 0.616324 0.370573 23.5377 28.0977 0 0 70.6252 25.1207
200 75 10000 6 10 0 0 1 4 0.420238 0.52103 0 0 1.21803 0.859715 47.3355 28.7956 0 0 32.6979 49.6966
200 100 10000 2 8 0 0 1 6 0.687096 0.755763 0 0 1.29549 0.663784 84.9204 55.1998 0 0 27.2188 45.9528
200 125 10000 3 1 0 0 4 0 0.96262 1.94996 0 0 0.239529 0 54.937 28.2611 0 0 39.4044 0
200 150 10000 3 0 0 0 2 0 1.07015 0 0 0 0.603494 0 29.5696 0 0 0 37.1391 0
225 75 10000 12 16 0 0 4 15 0.764691 0.809527 0 0 0.701266 0.724886 25.6334 26.4943 0 0 28.704 39.0863
225 100 10000 6 20 0 0 3 10 1.18555 0.578178 0 0 0.366961 0.610605 31.6817 27.6816 0 0 86.3681 33.2012
225 150 10000 7 4 0 0 3 3 0.718997 0.37291 0 0 0.511089 0.428549 32.5484 51.7808 0 0 28.6209 42.1687
225 175 10000 4 0 0 0 0 1 1.06844 0 0 0 0 0.543669 29.8317 0 0 0 0 36.8487
250 50 10000 6 35 0 0 3 16 1.09898 0.866016 0 0 0.691211 0.830835 26.9249 31.4232 0 0 64.1894 31.9934
250 75 10000 7 24 0 0 3 15 0.766052 0.806962 0 0 1.17451 0.908662 25.7589 29.5346 0 0 45.7269 23.1463
250 100 10000 11 15 0 0 0 10 0.602081 0.852149 0 0 0 0.861078 27.4889 35.1031 0 0 0 31.9362
250 125 10000 10 13 0 0 5 7 0.709974 0.721126 0 0 0.837895 1.01234 34.8195 39.8855 0 0 35.8996 25.2329
250 150 10000 6 6 0 0 4 4 1.02074 1.08006 0 0 0.783148 0.992366 33.8657 28.9666 0 0 41.5601 25.1041
250 175 10000 8 2 0 0 2 1 0.682035 0.913153 0 0 0.759441 0.786362 24.8031 64.0441 0 0 29.6866 41.769
250 200 10000 5 0 0 0 0 0 0.572972 0 0 0 0 0 32.1149 0 0 0 0 0
275 50 10000 13 58 0 0 3 32 0.818022 0.740623 0 0 0.76622 0.685353 28.2106 26.3564 0 0 34.5371 36.7294
275 75 10000 19 52 0 2 2 15 0.723401 0.7039 0 0.227605 1.18644 0.737475 30.9383 33.2804 0 110.023 31.1123 32.472
275 100 10000 10 22 0 0 8 20 0.724721 0.993854 0 0 0.433389 0.606391 36.3431 29.8339 0 0 35.2787 25.3672
275 125 10000 17 31 1 0 10 10 0.606194 0.662063 0.42531 0 0.733467 0.804572 28.8108 25.1663 21.2323 0 37.5056 34.0682
275 150 10000 25 20 1 0 4 10 0.604219 0.691467 0.371185 0 0.51401 0.662629 27.0693 26.1142 21.7781 0 38.8811 31.2383
275 175 10000 10 12 0 0 3 13 0.976338 0.820374 0 0 0.430128 0.464777 29.6265 27.9216 0 0 75.9026 33.8264
275 225 10000 5 1 0 0 1 0 0.870688 0.437758 0 0 0.242863 0 31.3223 31.197 0 0 22.3014 0
300 50 10000 21 100 0 0 3 25 0.750317 0.771386 0 0 0.435092 0.833693 29.1477 23.0377 0 0 40.5149 36.9927
300 75 10000 18 77 0 0 3 26 0.824109 0.690097 0 0 1.0357 0.788105 28.8861 26.6953 0 0 51.6281 28.2863
300 100 10000 26 54 0 0 5 20 0.647024 0.87133 0 0 0.698471 0.64847 27.4377 27.3335 0 0 28.7475 29.3865
300 125 10000 19 31 0 0 11 15 0.680278 0.758048 0 0 0.454414 0.939009 27.5799 29.5197 0 0 24.1309 27.4067
300 150 10000 15 20 0 0 5 15 0.8792 0.913348 0 0 0.426766 0.674308 31.3328 25.0275 0 0 58.9442 28.1942
300 175 10000 20 20 0 0 9 5 0.691752 0.726331 0 0 0.673955 1.60617 27.2002 27.6016 0 0 24.6981 31.7114
300 200 10000 12 7 0 0 5 1 0.952835 0.906672 0 0 0.820745 1.961 25.9318 36.1363 0 0 31.343 66.0096
300 225 10000 16 2 0 0 2 1 0.519784 1.03901 0 0 0.773894 1.067 34.9415 32.6765 0 0 44.0435 20.7721
300 250 10000 8 0 0 0 1 1 0.516793 0 0 0 0.700847 0.249015 31.2241 0 0 0 68.2655 24.8277
325 50 10000 27 118 0 0 6 40 0.884843 0.727551 0 0 1.08012 0.898498 26.4001 24.673 0 0 25.5305 28.3228
325 75 10000 33 87 0 1 4 31 0.631962 0.918101 0 0.366082 0.605554 0.810871 27.9385 27.6806 0 34.1401 23.6374 28.1379
325 100 10000 33 72 1 0 8 23 0.764364 0.893524 0.466381 0 0.715195 0.942512 28.1543 24.3503 20.8596 0 36.7431 34.4851
325 125 10000 22 61 0 1 8 16 0.861258 0.820584 0 0.233058 0.625813 0.800548 29.0263 27.2793 0 25.2063 45.3277 31.3194
325 150 10000 25 48 0 0 4 17 0.621899 0.763309 0 0 0.969961 0.748745 26.6664 28.8698 0 0 32.6366 26.0978
325 175 10000 19 29 0 0 5 9 0.793683 0.745272 0 0 0.787434 0.689729 24.9653 34.7879 0 0 21.4119 30.2103
325 200 10000 18 18 0 0 9 7 0.929821 0.691049 0 0 0.534601 0.871988 26.9806 32.61 0 0 33.121 36.0815
325 225 10000 17 11 0 0 2 2 0.753384 0.654389 0 0 2.07529 1.54473 27.6668 32.7768 0 0 28.629 34.1801
325 250 10000 15 5 0 0 1 0 0.73667 0.611157 0 0 1.61126 0 28.3789 33.3604 0 0 65.8585 0
325 275 10000 5 0 0 0 0 1 0.837983 0 0 0 0 0.160581 31.1835 0 0 0 0 143.425
350 50 10000 51 164 0 1 5 58 0.841324 0.82867 0 0.381071 0.565989 0.837658 29.615 25.9563 0 107.032 43.5187 25.3238
350 75 10000 46 131 0 0 8 49 0.680676 0.857603 0 0 1.00089 0.806589 30.7872 26.8798 0 0 35.0054 24.874
350 125 10000 33 87 0 0 14 28 0.78361 0.747401 0 0 0.700837 0.879325 30.0884 23.5276 0 0 26.6453 25.5003
350 150 10000 35 40 0 0 10 16 0.737891 0.892924 0 0 0.48778 1.02666 25.5296 27.3842 0 0 39.5084 29.4701
350 175 10000 25 49 0 0 11 17 0.993808 0.737589 0 0 0.669748 0.731241 26.5847 23.5305 0 0 31.614 31.0369
350 200 10000 46 30 0 0 5 7 0.639917 0.889021 0 0 0.946825 0.689487 25.4596 25.8163 0 0 23.2426 26.5208
350 225 10000 19 12 0 0 4 7 0.79846 0.91194 0 0 0.878236 0.676128 37.4294 39.069 0 0 31.2007 27.5292
350 250 10000 21 10 0 0 2 2 0.898155 0.724535 0 0 1.06573 0.994509 27.5697 23.7918 0 0 27.9288 33.8728
350 275 10000 13 2 0 0 2 2 0.718937 0.90526 0 0 0.778803 0.840976 28.9701 82.781 0 0 71.114 65.7248
350 300 10000 7 0 0 0 1 0 0.857943 0 0 0 0.705957 0 31.9684 0 0 0 27.337 0
375 50 10000 73 214 1 0 9 63 0.728397 0.822603 0.589556 0 0.690342 0.742824 29.2742 22.9169 76.4402 0 25.6163 26.1227
375 75 10000 60 195 0 0 7 53 0.697573 0.772118 0 0 0.673375 0.841454 30.1436 24.1339 0 0 33.0442 26.2196
375 100 10000 62 147 0 0 6 49 0.770453 0.800863 0 0 0.842386 0.874979 25.5552 26.2855 0 0 39.4221 31.6761
375 125 10000 44 114 0 0 7 45 0.723671 0.850114 0 0 0.72273 0.667896 29.377 25.5661 0 0 29.3941 28.7294
375 150 10000 43 102 0 0 7 33 0.847304 0.731348 0 0 0.76152 0.800159 25.8974 26.0198 0 0 28.5393 25.4328
375 175 10000 33 78 0 0 10 19 0.828891 0.736039 0 0 0.66802 0.739238 28.2945 24.3794 0 0 48.9092 28.4994
375 200 10000 32 42 0 0 3 17 0.831485 0.853149 0 0 1.17847 0.830815 28.1574 23.6905 0 0 62.9211 27.012
375 225 10000 29 28 1 0 8 7 0.758049 0.935868 0.544784 0 0.921682 1.1102 31.354 27.9471 33.7225 0 32.2179 37.3143
375 250 10000 28 17 0 0 6 8 0.942408 0.621171 0 0 0.886826 0.711609 25.21 34.3888 0 0 31.3945 29.4409
375 275 10000 30 4 0 0 3 4 0.73398 1.24085 0 0 0.662217 0.81989 26.6201 45.9946 0 0 27.1977 45.2333
375 300 10000 5 4 0 0 6 4 1.59956 0.650795 0 0 0.427816 0.404902 29.4527 29.9388 0 0 30.8615 36.2931
375 325 10000 4 0 0 0 2 1 0.954948 0 0 0 0.468477 0.78463 27.9294 0 0 0 33.2924 27.3131
400 50 10000 112 269 0 0 15 86 0.759735 0.79228 0 0 0.623266 0.805289 29.7066 22.7884 0 0 28.8777 27.1976
400 75 10000 76 231 1 0 11 86 0.835403 0.827619 0.241577 0 0.755968 0.755405 26.7385 25.3688 25.368 0 53.681 27.1411
400 100 10000 82 204 0 0 8 67 0.697638 0.781601 0 0 0.881633 0.679753 26.7443 25.0488 0 0 35.9915 27.1665
400 125 10000 94 199 2 0 5 54 0.632464 0.770747 0.376945 0 1.11996 0.73499 25.9073 24.694 25.8748 0 34.2711 28.8027
400 150 10000 66 140 0 0 7 45 0.714729 0.792974 0 0 0.890665 0.801844 28.4773 23.9926 0 0 28.825 23.2511
400 175 10000 50 101 0 0 5 29 0.750508 0.754807 0 0 0.929141 0.613707 25.364 25.1196 0 0 36.9584 25.7864
400 200 10000 39 59 0 0 10 26 0.7878 0.740544 0 0 0.556985 0.663452 29.2139 32.7104 0 0 26.6137 25.6531
400 225 10000 52 54 0 0 9 15 0.756045 0.7002 0 0 0.505942 0.6372 27.717 25.434 0 0 29.6716 35.2852
400 250 10000 50 32 0 0 3 14 0.57791 0.643372 0 0 1.11886 0.728369 26.0653 23.0966 0 0 27.7979 34.705
400 275 10000 29 14 0 0 8 4 0.725872 0.998622 0 0 0.560819 1.41816 29.9296 24.7305 0 0 26.5933 35.8119
400 300 10000 30 9 0 0 2 4 0.735405 0.670519 0 0 1.91656 0.836496 23.5999 25.3304 0 0 31.9744 32.6566
400 325 10000 11 1 0 0 4 0 0.806668 3.92042 0 0 0.506994 0 30.1987 29.121 0 0 25.9402 0
400 350 10000 9 0 0 0 1 0 0.334352 0 0 0 0.672871 0 32.1795 0 0 0 80.3965 0
425 50 10000 135 354 0 1 16 92 0.720148 0.772229 0 0.421102 0.736095 0.829309 31.3918 24.4882 0 104.193 27.9046 25.5674
425 75 10000 137 307 0 0 9 103 0.748765 0.821558 0 0 0.904597 0.674389 28.5022 24.4727 0 0 37.3454 27.5777
425 100 10000 99 282 0 0 14 72 0.778895 0.800589 0 0 0.920823 0.729378 28.0892 25.0398 0 0 29.7084 26.7376
425 125 10000 84 221 0 0 4 43 0.861781 0.792118 0 0 1.45376 0.973746 25.8766 24.7586 0 0 40.2841 29.1861
425 150 10000 62 178 0 0 11 42 0.930012 0.811173 0 0 1.04864 0.825544 31.3273 24.8826 0 0 27.3658 28.0461
425 200 10000 61 98 0 2 3 29 0.786223 0.745873 0 0.399451 1.62303 0.698891 27.0131 27.137 0 74.486 43.1099 28.7771
425 250 10000 37 38 0 0 6 15 0.857688 0.888145 0 0 1.06746 0.792582 31.637 26.4024 0 0 23.3272 33.0592
425 325 10000 26 6 0 0 5 4 0.893644 1.32404 0 0 0.594823 0.708744 26.7942 33.5462 0 0 26.1052 26.699
425 350 10000 18 1 0 0 1 0 0.611477 1.46276 0 0 1.86176 0 27.6288 27.1519 0 0 42.7631 0
425 375 10000 8 1 0 0 1 1 0.50814 0.280318 0 0 0.808964 0.378202 36.469 73.327 0 0 36.2759 25.0931
450 50 10000 205 380 0 0 19 128 0.76022 0.815287 0 0 0.801487 0.714232 28.5906 23.4693 0 0 25.8535 25.5108
450 75 10000 205 301 0 1 14 107 0.771546 0.82062 0 0.746876 0.701825 0.709498 27.6524 24.4607 0 70.938 41.8399 25.7545
450 100 10000 146 330 0 3 8 80 0.77082 0.792504 0 0.472674 1.137 0.895943 28.3045 23.8913 0 28.8533 39.5678 25.7793
450 150 10000 105 224 0 1 12 73 0.711344 0.843246 0 0.472482 0.793385 0.677128 27.8498 23.69 0 102.15 26.2388 26.2827
450 175 10000 114 191 0 0 12 42 0.767158 0.804045 0 0 0.530663 0.781997 28.1817 24.2015 0 0 41.7648 26.6834
450 225 10000 60 109 0 0 4 29 0.735065 0.826213 0 0 1.29952 0.825926 30.9895 24.4146 0 0 26.091 25.1449
450 250 10000 57 80 1 2 8 19 0.728085 0.669551 0.664525 0.411653 1.13896 0.914745 29.075 27.5465 36.5191 68.9671 30.1634 24.0788
450 275 10000 52 45 0 0 9 17 0.761559 0.857899 0 0 0.75996 0.68857 28.1761 30.7005 0 0 27.0535 27.8253
450 300 10000 53 36 0 0 8 14 0.871733 0.688946 0 0 0.680817 0.681638 23.1886 26.5283 0 0 27.6092 27.222
450 325 10000 38 16 0 0 3 6 0.854856 0.737564 0 0 1.13887 0.900946 26.0681 25.615 0 0 30.7615 31.5197
450 350 10000 32 8 0 0 5 4 0.617197 0.802443 0 0 0.617789 0.736652 26.5336 41.0504 0 0 35.8956 36.4596
450 375 10000 15 1 0 0 1 3 0.826581 2.20858 0 0 1.73923 0.266838 28.5932 29.7395 0 0 52.2555 47.1817
450 400 10000 6 0 0 0 0 0 1.09897 0 0 0 0 0 28.5261 0 0 0 0 0
475 50 10000 291 446 0 0 24 145 0.746585 0.795552 0 0 0.590742 0.787646 27.6922 23.4093 0 0 34.1828 23.5167
475 75 10000 273 471 0 1 20 128 0.716781 0.758861 0 0.462376 0.749013 0.818572 28.9018 23.9957 0 101.982 37.706 25.9917
475 100 10000 221 350 0 0 19 127 0.750069 0.80831 0 0 0.752786 0.77413 26.5327 23.8253 0 0 29.7948 24.7619
475 125 10000 204 315 0 1 21 111 0.7267 0.829395 0 0.177709 0.67445 0.698433 28.7615 23.1871 0 628.563 25.0895 24.7954
475 150 10000 172 307 2 2 16 82 0.736454 0.786721 0.841562 0.862918 0.693288 0.800488 26.8735 25.2455 35.1445 33.4041 32.5939 26.4579
475 175 10000 134 224 0 0 12 60 0.771364 0.786299 0 0 0.673956 0.878669 26.2537 24.5879 0 0 29.4013 27.5607
475 200 10000 95 186 0 2 13 53 0.776947 0.826459 0 0.572041 0.812325 0.76663 27.4293 23.4751 0 82.9523 25.368 25.7563
475 225 10000 86 138 0 1 10 37 0.883571 0.782636 0 0.675621 0.710304 0.704763 27.7613 24.9815 0 80.9639 33.6285 27.8326
475 325 10000 52 35 2 0 6 7 0.683367 0.654044 0.389445 0 0.804005 1.07175 26.9392 29.3375 55.8986 0 29.5008 39.2566
475 375 10000 34 5 0 0 5 3 0.755955 0.579303 0 0 0.515672 0.774764 26.5729 51.3685 0 0 32.9041 30.2546
475 400 10000 18 2 0 0 1 2 0.767553 0.771896 0 0 1.21949 0.417771 25.2978 77.1856 0 0 60.4488 40.7221
475 425 10000 3 0 0 0 0 0 1.36242 0 0 0 0 0 27.0556 0 0 0 0 0
500 50 10000 377 483 0 0 27 170 0.690691 0.802427 0 0 0.808224 0.779553 28.1579 22.6992 0 0 28.4796 24.1331
500 75 10000 342 473 0 0 31 133 0.739603 0.795216 0 0 0.564057 0.81716 27.607 23.5319 0 0 27.9972 24.9824
500 100 10000 326 441 0 0 21 148 0.753164 0.806388 0 0 0.738633 0.718711 27.0119 22.9579 0 0 28.0412 26.4057
500 125 10000 307 389 1 0 10 126 0.706711 0.822003 1.88965 0 0.955601 0.741478 27.6065 23.7127 50.3308 0 42.5717 24.4659
500 150 10000 235 376 0 1 19 88 0.722812 0.789285 0 0.403191 0.599925 0.859956 29.7043 24.2065 0 29.6172 30.8187 26.4849
500 175 10000 218 311 0 0 23 82 0.764533 0.788271 0 0 0.712066 0.727472 28.171 23.2898 0 0 25.8123 26.0789
500 200 10000 164 243 2 1 13 53 0.736539 0.774851 0.0939224 0.437798 0.73315 0.966352 26.5045 23.9014 213.262 89.2879 30.9863 26.4048
500 225 10000 133 205 0 1 11 43 0.731243 0.807723 0 0.381102 1.03005 0.722079 27.037 22.8044 0 117.808 24.2905 28.5687
500 250 10000 89 155 1 0 20 44 0.808422 0.728426 0.00177783 0 0.489856 0.693065 26.0134 27.377 23.8756 0 30.6525 33.5991
500 300 10000 61 67 0 0 6 26 0.840639 0.792836 0 0 1.19299 0.869609 26.8289 27.5135 0 0 29.3527 24.5827
500 325 10000 63 46 0 0 10 15 0.733737 0.814235 0 0 0.854675 0.793087 26.3942 31.469 0 0 30.174 25.5108
500 350 10000 48 35 0 0 5 9 0.808949 0.767247 0 0 0.985424 0.79785 25.4427 26.4473 0 0 27.805 39.1518
500 375 10000 34 19 0 0 11 7 1.01718 0.7126 0 0 0.769646 0.623017 25.8802 37.2883 0 0 23.7588 26.4793
500 425 10000 18 2 0 0 3 0 0.685446 0.613191 0 0 0.545035 0 28.3879 61.809 0 0 43.5449 0
500 450 10000 6 0 0 0 1 0 0.735519 0 0 0 0.372043 0 25.5251 0 0 0 24.9531 0
525 50 10000 509 521 0 3 27 178 0.725852 0.778572 0 0.895982 0.811355 0.76932 26.0588 23.0535 0 39.8741 32.672 24.5276
525 75 10000 500 507 1 0 44 176 0.718144 0.780442 1.90123 0 0.646703 0.72811 26.0652 22.7751 30.2696 0 28.4979 23.8814
525 100 10000 430 485 0 0 32 161 0.723951 0.80418 0 0 0.681674 0.749615 27.1713 23.1139 0 0 32.3461 26.0423
525 150 10000 340 394 1 0 34 128 0.743903 0.826897 0.876045 0 0.651814 0.689635 28.1622 22.8907 21.1745 0 29.884 24.3889
525 175 10000 278 336 0 0 27 112 0.744088 0.789945 0 0 0.739941 0.761478 26.5288 23.1406 0 0 22.4997 25.1513
525 200 10000 226 295 1 0 8 78 0.707527 0.750225 0.191483 0 0.749824 0.788184 30.6413 24.4111 95.0241 0 51.1007 25.6684
525 225 10000 196 254 1 0 10 61 0.765186 0.82252 0.63343 0 1.15718 0.77166 25.8817 23.542 89.707 0 30.8528 27.0706
525 250 10000 158 188 0 1 19 50 0.708118 0.832957 0 0.415056 0.71365 0.837773 28.8546 23.7366 0 104.192 27.6648 29.4513
525 275 10000 124 132 0 0 9 35 0.740175 0.777004 0 0 0.99255 0.875793 25.6455 26.289 0 0 30.3077 24.9419
525 300 10000 78 111 0 1 8 29 0.812934 0.751962 0 0.458455 0.746263 0.918251 25.7681 25.4288 0 88.7619 30.2951 25.5655
525 325 10000 76 83 1 0 9 38 0.769144 0.735344 0.835508 0 0.622536 0.52381 24.7869 25.7773 28.7208 0 29.831 25.7006
525 375 10000 67 29 0 0 9 7 0.786456 0.771442 0 0 0.70724 1.0475 24.8705 35.4613 0 0 32.8563 26.4475
525 425 10000 38 8 0 0 3 3 0.655707 0.742655 0 0 0.581089 0.501237 24.2313 37.7837 0 0 49.3684 50.1357
525 450 10000 15 0 0 0 3 0 0.758185 0 0 0 0.535721 0 29.2719 0 0 0 59.1196 0
525 475 10000 6 0 0 0 0 0 0.829395 0 0 0 0 0 27.8724 0 0 0 0 0
550 50 10000 662 538 1 1 38 190 0.710399 0.801194 0.664861 0.415248 0.739876 0.779442 26.3167 23.5993 18.4785 22.9085 28.6665 24.7984
550 75 10000 605 498 0 0 37 174 0.72698 0.847122 0 0 0.705381 0.802024 25.6868 23.1479 0 0 32.5033 25.5534
550 125 10000 550 434 1 3 32 151 0.718595 0.862832 0.825019 0.345091 0.634489 0.773255 26.8159 22.8909 90.5277 30.455 30.3049 23.7018
550 150 10000 461 451 2 2 27 124 0.737166 0.777503 0.410519 0.438937 0.766067 0.756906 28.0651 23.713 102.907 64.2846 25.4585 26.7277
550 175 10000 378 392 3 0 21 106 0.750836 0.806094 0.286319 0 0.761904 0.903674 27.1046 22.917 53.7356 0 29.6309 23.4706
550 200 10000 305 343 0 0 15 112 0.78999 0.80516 0 0 0.933952 0.697264 26.1567 22.6293 0 0 30.7238 24.959
550 225 10000 263 289 0 0 11 88 0.738109 0.784328 0 0 0.617877 0.798372 27.9114 23.7372 0 0 28.7611 24.7775
550 250 10000 195 237 0 1 14 71 0.808558 0.803095 0 0.574291 0.823841 0.78378 25.466 24.6446 0 102.747 28.0342 25.3552
550 275 10000 141 203 1 0 9 50 0.742408 0.755127 0.364996 0 0.84774 0.827261 27.3914 24.3185 242.906 0 41.7428 28.9175
550 325 10000 87 90 0 0 8 27 0.917826 0.86902 0 0 0.946234 0.751412 25.5835 24.7041 0 0 26.0062 31.1159
550 350 10000 89 81 1 0 11 30 0.731788 0.837042 0.623065 0 0.636658 0.671622 23.9157 25.2565 20.0428 0 25.0451 25.0869
550 375 10000 68 42 0 0 13 19 0.823441 0.845925 0 0 0.577832 0.726629 25.3037 24.7772 0 0 35.4169 34.0635
550 400 10000 44 27 1 0 5 10 1.01233 0.931916 0.455141 0 1.44056 0.853468 25.6593 24.1088 20.9766 0 27.3986 23.4182
550 450 10000 43 4 0 0 6 3 0.70692 1.0334 0 0 0.931964 1.01625 24.7546 29.2855 0 0 40.4659 30.8465
550 475 10000 11 1 1 0 2 1 0.883973 1.11335 0.214822 0 0.99573 0.613033 33.3691 44.0048 25.1982 0 36.806 48.9024
550 500 10000 3 0 0 0 0 0 1.10139 0 0 0 0 0 37.9795 0 0 0 0 0
575 50 10000 770 519 1 0 56 205 0.724724 0.819997 1.48809 0 0.569039 0.743135 25.4434 23.4149 39.5946 0 31.8388 24.8673
575 75 10000 749 508 3 4 47 195 0.724795 0.781422 0.621117 0.490868 0.723811 0.698265 25.6386 23.4573 46.4892 41.5588 30.0793 24.7586
575 100 10000 729 506 0 1 45 150 0.732054 0.807722 0 0.84565 0.704953 0.794635 26.2773 23.3983 0 32.8545 27.5488 25.1432
575 125 10000 673 503 1 0 54 167 0.740892 0.76619 0.390408 0 0.598411 0.765739 25.719 23.2216 35.9586 0 29.5096 25.0638
575 150 10000 612 440 0 3 40 163 0.739392 0.812617 0 0.45671 0.626271 0.735513 26.9781 23.1827 0 71.6723 26.389 23.9908
575 200 10000 442 388 2 1 27 117 0.73809 0.790835 0.570384 0.794136 0.655492 0.744567 27.3363 23.0605 34.1267 78.1661 28.6074 25.0357
575 225 10000 357 378 2 1 23 97 0.692115 0.787508 0.809222 1.20285 0.770479 0.848561 27.0496 24.0613 44.4409 46.0729 34.0184 24.7641
575 250 10000 264 322 2 0 31 93 0.784318 0.741056 0.511796 0 0.580022 0.80456 27.6572 23.701 51.4791 0 26.1782 26.5655
575 375 10000 93 78 0 0 10 17 0.758882 0.678343 0 0 0.697047 0.809997 25.1743 24.971 0 0 27.7541 27.7453
575 400 10000 67 47 0 0 5 9 0.881816 0.840371 0 0 1.16605 0.912612 24.6768 26.8521 0 0 26.9371 26.9822
575 450 10000 48 27 0 0 10 4 0.770663 0.701541 0 0 0.535599 0.697084 24.6466 37.6023 0 0 31.5242 51.8193
575 475 10000 30 7 0 0 6 3 0.779747 0.695099 0 0 0.521745 1.09376 26.9486 34.7932 0 0 33.0471 23.5055
575 525 10000 4 1 0 0 0 0 0.729146 0.698994 0 0 0 0 35.3946 47.362 0 0 0 0
600 75 10000 861 567 5 1 50 204 0.74988 0.769737 0.240946 0.1676 0.695248 0.744323 25.4643 23.7431 64.498 47.4036 29.7017 24.7824
600 100 10000 863 506 2 2 47 183 0.734102 0.847562 0.635735 0.285502 0.694374 0.749373 24.849 23.2602 31.399 53.7159 26.8582 26.1399
600 125 10000 789 482 2 1 58 190 0.729181 0.837388 0.513826 0.854189 0.569353 0.684221 25.4776 23.4488 58.1041 25.0922 28.2148 24.4888
600 150 10000 748 489 0 1 43 143 0.716136 0.810495 0 0 0.706504 0.716089 25.8486 23.38 0 3.49661e+07 31.7111 24.5996
600 175 10000 669 420 2 0 39 144 0.738469 0.824109 0.337012 0 0.806565 0.74038 26.1272 23.1242 24.4951 0 32.5321 25.3147
600 200 10000 588 448 3 0 39 143 0.729689 0.790137 0.290978 0 0.679642 0.769457 25.971 22.8626 123.202 0 31.9041 24.242
600 225 10000 508 360 0 0 33 118 0.727633 0.818114 0 0 0.558655 0.801733 26.7358 22.959 0 0 28.4921 25.765
600 250 10000 393 352 1 0 29 106 0.756953 0.78346 0.686971 0 0.754379 0.743556 27.3918 22.8492 68.3508 0 24.7073 24.8956
600 275 10000 326 336 0 1 13 73 0.679256 0.756701 0 1.20901 0.735179 0.788316 27.6188 23.1578 0 89.001 52.9383 27.1695
600 300 10000 233 236 0 2 22 63 0.792922 0.796428 0 0.526599 0.604831 0.806337 26.4128 26.0233 0 45.9088 27.4749 27.0854
600 325 10000 185 211 1 1 17 40 0.747213 0.731595 0.393338 0.651745 0.646447 0.794325 27.1139 23.2788 29.8584 18.5763 25.4779 28.7546
600 350 10000 144 150 0 0 12 41 0.756305 0.843663 0 0 0.583974 0.690695 26.1246 22.9249 0 0 36.6064 32.0281
600 400 10000 97 63 1 1 13 25 0.788611 0.920145 0.388616 0.441989 0.587544 0.800445 25.7088 26.1035 34.6654 102.205 23.9269 27.6894
600 425 10000 89 47 0 1 10 14 0.749211 0.810315 0 0.402021 0.680589 0.975734 25.8262 26.2614 0 22.1792 42.9089 32.6159
600 450 10000 59 22 0 0 12 8 0.859639 0.77601 0 0 0.533439 0.806763 24.3593 30.0385 0 0 24.5302 24.8392
600 475 10000 48 15 0 0 3 6 0.85048 0.713815 0 0 1.33271 0.855812 26.4503 32.0488 0 0 26.4737 32.87
600 525 10000 16 0 0 0 2 2 0.742338 0 0 0 0.917304 0.371096 30.5067 0 0 0 26.829 33.1374
600 550 10000 4 0 0 0 2 0 1.17806 0 0 0 0.0645025 0 28.3846 0 0 0 144.91 0
625 50 10000 1073 507 3 2 72 236 0.707352 0.804254 0.45158 0.274621 0.695547 0.679747 25.3744 24.5177 43.0771 28.1887 28.2398 25.5197
625 75 10000 1030 456 2 2 69 209 0.74199 0.863082 0.343328 0.539603 0.719624 0.732799 25.9326 24.3498 22.4313 37.6744 27.6276 25.9312
625 100 10000 981 539 1 1 76 189 0.754226 0.758746 0.87877 1.13461 0.688836 0.707632 25.3754 23.5655 23.7584 71.7833 28.939 26.4858
625 125 10000 944 456 1 1 73 173 0.746128 0.820277 2.46206 0.838759 0.592388 0.69672 25.8758 23.793 50.2981 37.0199 27.9371 26.0393
625 150 10000 923 491 0 2 53 168 0.759866 0.814 0 0.378254 0.767985 0.704936 25.3462 23.3017 0 66.5912 28.4902 25.762
625 175 10000 806 484 2 2 52 155 0.76432 0.832574 1.18741 0.243761 0.690834 0.785707 25.2081 23.7045 34.4433 117.912 31.2553 24.6598
625 200 10000 727 445 0 0 43 163 0.782898 0.798391 0 0 0.576537 0.707374 26.0412 23.6002 0 0 26.4349 23.9834
625 225 10000 620 449 0 3 31 115 0.750013 0.785861 0 0.574034 0.729123 0.803199 25.9647 22.8667 0 39.8639 28.2434 25.9071
625 275 10000 422 363 2 0 33 113 0.769272 0.774033 0.71112 0 0.638418 0.735595 26.8156 23.7242 24.365 0 28.1477 24.6841
625 300 10000 319 303 0 1 31 71 0.755485 0.751159 0 0.15582 0.618652 0.8289 27.6194 23.972 0 24.9733 26.9863 25.5448
625 325 10000 271 271 2 1 18 74 0.72765 0.754894 0.290445 0.562612 0.734872 0.722901 26.2675 23.6123 27.9262 182.967 28.2173 24.7137
625 350 10000 188 208 0 0 21 44 0.785646 0.788725 0 0 0.635226 0.960994 24.6848 23.8176 0 0 26.756 26.919
625 375 10000 152 148 0 2 18 25 0.760778 0.790836 0 0.191085 0.63585 1.00757 25.4545 24.4103 0 202.162 36.0678 25.5521
625 400 10000 122 118 0 0 13 27 0.709483 0.718031 0 0 0.75486 0.829361 25.0926 24.1322 0 0 26.4406 26.2089
625 500 10000 58 15 1 0 8 4 0.69486 0.871252 0.240515 0 0.611473 0.898279 25.3272 29.0121 26.8913 0 25.0587 36.1287
625 525 10000 41 10 0 0 1 3 0.704565 0.645795 0 0 2.33288 0.725199 26.4695 27.8346 0 0 42.1275 30.7318
625 575 10000 2 0 0 0 0 0 2.14287 0 0 0 0 0 34.6846 0 0 0 0 0
650 50 10000 1196 452 2 0 80 209 0.746744 0.827581 0.189404 0 0.709244 0.761682 25.5317 25.2192 48.2039 0 28.0228 25.6066
650 75 10000 1207 449 0 0 86 206 0.731098 0.809406 0 0 0.713506 0.795816 25.0626 24.4054 0 0 27.3989 26.0343
650 100 10000 1129 515 3 0 70 228 0.736915 0.776657 0.594745 0 0.68679 0.719999 25.6069 24.3476 34.9623 0 27.9418 26.159
650 125 10000 1086 509 1 2 82 213 0.764829 0.80943 1.32801 0.323105 0.593878 0.742403 25.4985 25.029 44.7026 39.2022 25.7867 24.856
650 150 10000 1088 463 2 1 73 185 0.728769 0.801804 0.491729 0.888543 0.678882 0.716104 25.1134 23.6878 25.1042 73.6091 28.2405 24.9488
650 200 10000 894 459 1 3 56 153 0.747049 0.788683 1.13005 0.467707 0.656837 0.740578 25.7841 23.3425 31.3036 26.2138 30.0041 26.4747
650 300 10000 443 319 1 1 25 83 0.719373 0.858093 0.549595 0 0.612734 0.770498 27.5153 23.0952 24.2244 2.70935e+07 28.1331 26.2597
650 325 10000 344 315 0 1 23 77 0.729697 0.787454 0 0.162867 0.614334 0.866856 26.899 22.6371 0 25.053 25.9172 24.7241
650 375 10000 221 191 1 0 17 58 0.708336 0.819967 0.14524 0 0.747942 0.72254 25.2441 24.4802 100.176 0 24.4685 27.4277
650 425 10000 124 107 2 0 14 29 0.734097 0.742724 0.611551 0 0.536131 0.763854 25.546 27.5867 39.0399 0 33.2513 25.1388
650 500 10000 67 30 1 0 9 9 0.720598 0.71349 0.449609 0 0.931545 0.869306 25.0231 23.9119 20.9908 0 23.8669 36.5203
650 525 10000 54 19 0 0 5 1 0.781144 0.754196 0 0 1.06583 3.79945 25.0711 24.3368 0 0 49.4621 45.7177
650 550 10000 23 6 0 0 3 6 0.97266 1.00837 0 0 1.16536 0.765714 26.7648 34.4811 0 0 23.4712 38.8528
650 575 10000 9 3 0 0 1 1 1.13297 0.964294 0 0 1.39264 1.06212 31.1608 36.947 0 0 56.7165 38.7818
650 600 10000 6 0 0 0 1 1 0.684742 0 0 0 0.525334 0.223221 26.1791 0 0 0 31.6406 138.561
675 50 10000 1313 468 5 1 114 213 0.721135 0.7804 0.66893 0.986907 0.59999 0.74095 25.2227 24.9549 31.5583 43.2089 27.2651 26.112
675 75 10000 1334 483 4 2 74 256 0.71688 0.788353 0.379263 0.311515 0.696312 0.669887 25.2788 24.282 52.6682 46.4538 29.825 25.7589
675 100 10000 1319 453 1 0 91 205 0.740297 0.797133 1.32584 0 0.592255 0.729709 24.9237 24.5695 33.9544 0 27.4361 25.766
675 125 10000 1219 481 2 1 91 186 0.735325 0.796033 0.479764 0.832504 0.602607 0.761375 25.2673 24.3803 50.866 24.0365 27.2713 25.822
675 200 10000 1045 458 0 1 51 151 0.731626 0.771462 0 0.169493 0.659695 0.767417 25.4909 23.6158 0 113.961 31.4858 24.2376
675 275 10000 729 420 0 0 36 108 0.748381 0.83462 0 0 0.614075 0.851068 25.8278 23.321 0 0 37.8548 24.4534
675 300 10000 600 385 1 0 33 115 0.722777 0.835144 1.12445 0 0.585606 0.704172 26.5528 23.1164 62.7107 0 27.8091 24.4873
675 325 10000 485 366 0 0 27 86 0.762324 0.778545 0 0 0.773575 0.796919 26.2519 23.0669 0 0 29.1433 23.746
675 400 10000 221 194 0 1 14 46 0.751046 0.751921 0 0.39286 0.922094 0.770774 25.9106 24.8575 0 29.8978 30.2039 25.9572
675 425 10000 164 136 1 0 16 43 0.814424 0.777328 0.416422 0 0.917048 0.812002 27.2438 25.6041 29.1794 0 28.4561 32.7587
675 450 10000 122 90 1 0 7 26 0.769827 0.783243 0.323781 0 1.05179 0.704302 25.909 24.4638 22.1084 0 30.4693 34.4351
675 500 10000 74 49 0 0 8 17 0.925954 0.707123 0 0 0.925778 0.64018 25.3137 29.7415 0 0 32.6781 33.7928
675 525 10000 73 28 0 1 8 7 0.746389 0.627634 0 0.393352 0.593296 0.856603 25.0411 26.6272 0 21.6584 23.9457 24.3054
675 550 10000 58 8 0 0 4 1 0.716321 0.97699 0 0 0.820187 2.90513 25.6218 27.6337 0 0 25.8289 51.8716
675 575 10000 43 5 1 0 4 3 0.817054 0.676974 0.437428 0 0.736958 0.583795 28.03 41.9411 21.7178 0 37.1812 57.265
675 600 10000 14 1 0 0 2 0 0.71271 0.743959 0 0 1.0941 0 31.4001 82.5297 0 0 23.199 0
675 625 10000 6 0 0 0 0 0 0.757501 0 0 0 0 0 30.8915 0 0 0 0 0
700 100 10000 1485 462 3 1 101 195 0.722359 0.753066 0.582334 0.168815 0.633222 0.729939 25.1964 25.0228 29.7788 114.373 31.0222 26.201
700 150 10000 1350 480 2 2 97 192 0.728694 0.802212 0.723054 0.176095 0.576524 0.721408 25.2431 24.0592 26.5378 41.6559 28.6504 25.4567
700 175 10000 1281 449 4 1 81 184 0.747702 0.849625 0.578033 0.41277 0.637257 0.738066 25.3994 24.4205 41.824 21.3996 27.7205 25.1025
700 250 10000 1039 437 1 1 62 145 0.733086 0.858728 0.42264 0.422185 0.598639 0.826494 24.9922 23.0622 28.9287 105.207 30.4968 24.8917
700 300 10000 760 402 1 0 48 130 0.754252 0.783269 0.728385 0 0.641661 0.770054 26.1536 23.0203 113.015 0 27.546 26.3292
700 375 10000 388 307 1 0 16 66 0.768433 0.845773 0.74708 0 1.0086 0.798536 25.9963 23.8923 36.7211 0 32.254 32.7163
700 400 10000 310 248 0 0 21 60 0.71613 0.78445 0 0 0.836629 0.764851 25.6192 24.3899 0 0 30.0346 26.0016
700 425 10000 202 195 0 0 18 47 0.786767 0.841973 0 0 0.706683 0.847463 26.1765 25.8629 0 0 29.1871 26.1186
700 450 10000 150 157 2 0 7 39 0.797044 0.73922 0.655037 0 0.719002 0.708775 25.6004 25.85 21.1018 0 35.7307 27.9522
700 475 10000 110 110 0 1 12 25 0.829118 0.8032 0 0.245521 0.800468 0.706043 24.3712 25.0958 0 25.0819 33.6202 26.0166
700 525 10000 87 43 0 0 11 12 0.783273 0.677951 0 0 0.553318 0.783174 25.3639 26.4048 0 0 24.2799 27.8436
700 600 10000 39 4 0 0 3 0 0.694059 1.00405 0 0 0.768877 0 25.978 67.1076 0 0 36.0448 0
700 625 10000 22 3 0 0 0 0 0.729349 0.824548 0 0 0 0 27.5434 42.9533 0 0 0 0
700 650 10000 4 0 0 0 0 0 1.15505 0 0 0 0 0 31.8716 0 0 0 0 0
725 75 10000 1559 450 1 0 116 219 0.719424 0.746119 1.31675 0 0.628093 0.682634 25.497 25.4923 33.8034 0 28.6196 26.9648
725 100 10000 1586 448 2 1 105 194 0.707424 0.775761 0.330206 0.297641 0.673055 0.703398 25.4003 25.3449 22.0201 59.3468 27.3539 27.4445
725 125 10000 1549 470 6 1 103 194 0.718408 0.756426 0.758915 1.04766 0.707089 0.777823 25.2001 24.8649 29.0917 56.1449 27.5101 26.2123
725 150 10000 1545 454 0 1 101 197 0.720841 0.778938 0 0.418471 0.615814 0.72257 25.1308 25.7341 0 21.3812 29.5614 25.4032
725 200 10000 1401 470 5 0 88 172 0.710743 0.762362 0.529915 0 0.646255 0.801609 25.426 24.3873 30.8344 0 28.9736 24.9414
725 225 10000 1321 455 5 0 83 177 0.724752 0.784309 0.839848 0 0.619713 0.66654 24.9616 23.7448 30.379 0 28.6939 24.3925
725 250 10000 1176 448 0 0 59 155 0.747219 0.840672 0 0 0.725669 0.7258 25.1931 23.196 0 0 27.5727 24.8153
725 275 10000 1145 445 2 1 57 164 0.743326 0.799274 0.470115 0.312206 0.607981 0.777186 25.0578 22.997 37.8091 202.047 26.5584 25.8165
725 325 10000 814 446 1 0 32 122 0.757648 0.80475 0.458222 0 0.819478 0.748507 25.7939 23.0305 102.182 0 31.0584 25.3064
725 350 10000 697 377 3 0 31 127 0.731552 0.820025 0.549091 0 0.726709 0.706666 25.6307 23.0293 29.0173 0 26.2049 24.1079
725 375 10000 501 362 3 1 27 96 0.774903 0.771562 0.830801 1.18881 0.745595 0.70754 26.0492 24.0315 34.7776 29.8538 31.6948 25.0876
725 400 10000 370 315 1 0 17 82 0.794052 0.791217 0.451822 0 0.818984 0.762969 26.5239 24.7083 21.0952 0 30.5556 24.2333
725 425 10000 289 248 1 1 14 65 0.77899 0.807184 0.969282 0.309684 0.730472 0.736238 26.373 24.0125 50.4753 137.995 26.4368 24.9187
725 450 10000 203 183 1 0 16 56 0.751334 0.791948 0.245912 0 0.895747 0.697096 25.727 24.7738 96.6525 0 27.2531 26.4253
725 475 10000 189 141 1 1 16 44 0.669727 0.793116 0.24504 0.452098 0.852055 0.824504 25.4988 25.3454 25.1164 21.0359 26.3105 28.0754
725 550 10000 90 40 0 1 15 9 0.717039 0.850379 0 0.403191 0.741344 0.875085 25.3022 23.4127 0 29.9984 25.1474 29.7901
725 575 10000 69 21 0 1 11 8 0.759512 0.761771 0 0.373593 0.564841 0.699798 24.6539 26.8029 0 102.348 26.9099 27.3323
725 600 10000 58 11 1 0 4 3 0.763357 0.632976 0.402079 0 0.627945 0.575706 25.5996 30.012 43.9109 0 43.371 44.1063
725 650 10000 15 3 0 0 1 0 0.763908 0.784596 0 0 0.607775 0 40.4078 32.7014 0 0 22.6471 0
725 675 10000 2 0 0 0 1 0 1.90104 0 0 0 0.418108 0 26.1201 0 0 0 32.2596 0
750 50 10000 1651 422 2 2 159 208 0.721171 0.725658 0.559033 0.290729 0.552149 0.677869 25.7819 26.0516 69.1229 64.9909 29.1454 27.7584
750 75 10000 1694 397 1 1 126 216 0.702418 0.758647 2.04355 1.4391 0.689711 0.704251 25.8249 25.4943 40.6921 47.2729 27.781 26.9478
750 125 10000 1697 467 2 2 109 205 0.695792 0.743331 0.883596 0.312032 0.676504 0.718107 25.5391 25.0828 36.3052 70.5765 30.5849 27.0768
750 150 10000 1618 413 8 0 100 187 0.708386 0.798923 0.480228 0 0.726182 0.737423 25.6409 25.5713 24.4832 0 28.9384 26.6531
750 175 10000 1606 473 1 0 103 197 0.72695 0.775873 1.71897 0 0.661804 0.625729 25.2221 25.2455 32.2385 0 28.5143 25.8099
750 200 10000 1586 454 5 0 112 178 0.71088 0.795418 0.873701 0 0.634891 0.718113 24.8389 24.0634 38.135 0 28.3345 25.7082
750 250 10000 1329 471 5 1 64 190 0.747958 0.814011 0.509278 1.61564 0.753251 0.706525 25.1336 23.507 32.6008 38.7926 26.6274 25.3513
750 275 10000 1306 387 5 0 82 150 0.73831 0.852565 0.392421 0 0.653803 0.801525 25.2073 23.6058 36.1997 0 26.3087 25.6193
750 325 10000 1021 416 2 0 49 161 0.746363 0.801775 0.808202 0 0.712416 0.761321 25.1551 23.4184 47.0743 0 26.715 23.7592
750 350 10000 871 438 1 2 46 95 0.749289 0.806153 0.589246 0.698557 0.691034 0.841198 25.4899 22.9054 31.6656 37.8005 28.9671 24.189
750 375 10000 708 394 0 2 36 131 0.735429 0.775833 0 0.535748 0.615173 0.747996 26.1907 23.0279 0 67.4341 25.7644 26.0346
750 400 10000 566 358 3 0 23 82 0.731088 0.771152 0.744058 0 0.585332 0.747952 26.5923 22.7332 45.5668 0 37.2229 25.5586
750 425 10000 410 305 2 0 24 81 0.724214 0.813694 0.417756 0 0.705398 0.689844 26.9886 22.3705 73.5781 0 25.8162 28.9532
750 475 10000 206 198 1 1 18 52 0.736901 0.829557 0.60085 0.426869 0.700426 0.637977 25.7534 23.0507 47.2197 22.7746 26.9783 32.5935
750 550 10000 122 68 0 0 11 22 0.740973 0.750221 0 0 0.800526 0.639934 25.272 25.9747 0 0 30.3042 32.3538
750 575 10000 103 42 0 0 5 8 0.727213 0.904278 0 0 1.30451 0.758932 23.8847 27.3 0 0 26.2358 25.1601
750 625 10000 65 11 0 0 6 2 0.682706 0.996147 0 0 0.674664 0.606539 25.394 27.1281 0 0 49.3235 55.4561
750 675 10000 14 2 0 0 3 0 0.937702 0.46848 0 0 0.310962 0 31.6151 30.1943 0 0 34.8329 0
750 700 10000 1 0 0 0 0 0 2.62024 0 0 0 0 0 29.4486 0 0 0 0 0
775 75 10000 1828 386 4 0 148 224 0.689103 0.753374 0.455699 0 0.593866 0.642381 26.2118 26.058 44.073 0 28.2907 28.1326
775 100 10000 1763 373 4 1 150 201 0.698983 0.761896 0.58995 0.558398 0.617653 0.691888 25.9491 26.38 37.3537 97.2633 28.0762 27.3243
775 125 10000 1785 403 3 0 130 208 0.711852 0.749135 0.688034 0 0.640948 0.678853 25.5583 25.8538 30.4308 0 29.2322 26.8543
775 150 10000 1740 396 2 0 116 202 0.700043 0.781279 1.51051 0 0.621143 0.664376 25.8105 25.1663 30.6129 0 28.1147 26.8791
775 200 10000 1711 404 1 0 102 157 0.697636 0.802941 0.421878 0 0.703252 0.778208 25.3174 24.6927 101.927 0 29.7151 26.3891
775 225 10000 1674 424 3 0 103 168 0.721878 0.817822 0.647477 0 0.673304 0.78103 25.1823 24.7185 36.1908 0 28.8865 25.5013
775 250 10000 1613 438 1 2 86 178 0.717102 0.769002 1.14328 0.496854 0.624167 0.790263 25.0989 24.3558 61.3084 64.6452 29.3034 26.6331
775 275 10000 1441 459 2 0 80 167 0.745413 0.768602 1.11131 0 0.621669 0.76421 24.9878 24.1848 29.1389 0 26.9722 24.5715
775 300 10000 1311 442 5 0 90 175 0.737906 0.800924 0.801109 0 0.66873 0.764184 24.91 23.6028 27.0942 0 27.6323 26.3268
775 400 10000 773 422 0 2 36 83 0.729888 0.776678 0 0.229094 0.674572 0.772712 25.7276 23.4711 0 236.587 27.2728 27.4617
775 450 10000 467 292 0 1 27 74 0.720918 0.809515 0 0.311563 0.852535 0.741073 26.3372 24.719 0 201.322 31.7114 26.8343
775 475 10000 326 247 1 0 16 69 0.771219 0.802685 0.00304943 0 0.582344 0.768127 26.6689 23.5419 17.4243 0 27.2229 25.4303
775 500 10000 227 192 1 0 13 60 0.844339 0.75471 0.313988 0 0.62142 0.6732 25.494 24.9181 32.5602 0 27.2687 24.9851
775 525 10000 184 142 0 0 15 47 0.713653 0.824096 0 0 0.676411 0.624494 26.1972 23.2923 0 0 28.2469 28.9617
775 550 10000 142 75 0 0 15 21 0.824745 0.828037 0 0 0.719251 0.769722 23.582 27.6218 0 0 26.8687 31.8991
775 650 10000 41 13 0 0 7 4 0.936735 0.52641 0 0 0.693727 0.672367 24.4114 51.3188 0 0 23.5464 39.5377
775 675 10000 42 3 0 0 4 4 0.760068 1.79522 0 0 0.447024 0.479065 27.0696 35.7585 0 0 60.9486 47.8594
775 700 10000 16 2 0 0 3 0 0.65977 0.571688 0 0 0.324804 0 26.8226 31.703 0 0 33.2304 0
775 725 10000 3 0 0 0 0 0 0.950006 0 0 0 0 0 29.6105 0 0 0 0 0
800 75 10000 1991 385 2 1 179 192 0.658963 0.740629 0.95295 0.390948 0.58324 0.660161 26.3565 26.5721 28.4546 32.9804 29.4203 28.7488
800 100 10000 1888 378 3 3 133 207 0.692321 0.776925 1.42766 0.292271 0.613873 0.643249 26.2105 26.5641 29.1507 91.5767 29.8177 27.2691
800 200 10000 1750 383 5 0 117 193 0.712886 0.812349 0.516585 0 0.61136 0.7126 25.4767 24.6542 31.2052 0 30.9113 26.0044
800 225 10000 1711 425 3 1 123 186 0.727937 0.805745 0.703375 0.772599 0.626315 0.67814 25.018 24.9926 42.5444 110.037 27.8723 25.731
800 275 10000 1648 411 1 0 95 181 0.727381 0.754064 3.95927 0 0.606309 0.750096 24.9725 24.2704 39.5265 0 27.6512 24.8886
800 300 10000 1569 447 1 2 84 146 0.730138 0.739554 1.29059 0.593382 0.579193 0.709518 24.9864 24.1194 62.1819 46.5098 29.849 26.158
800 325 10000 1428 455 2 1 83 158 0.71487 0.770431 1.08813 0.457564 0.596264 0.722824 25.162 23.8406 28.0862 99.1185 29.4471 25.6397
800 400 10000 954 419 2 2 46 121 0.736723 0.805465 0.611312 0.786198 0.727032 0.769531 25.6557 23.3951 27.588 30.3566 26.1507 24.8452
800 425 10000 767 371 3 0 37 98 0.739269 0.815234 0.541316 0 0.668218 0.760443 26.1437 22.6874 28.9384 0 28.8912 24.7277
800 500 10000 346 232 1 1 21 69 0.738992 0.819016 1.51417 0.787941 0.738603 0.734525 25.9649 22.8327 48.1232 29.8585 28.8538 25.6051
800 600 10000 106 65 0 1 15 17 0.84806 0.799478 0 0.864488 0.634294 0.719486 24.3281 26.8989 0 19.7285 32.5082 35.4467
800 625 10000 85 32 0 0 11 11 0.791738 0.89368 0 0 0.647478 0.714366 29.9829 30.226 0 0 28.655 24.6196
800 650 10000 71 17 0 0 5 5 0.847495 0.856686 0 0 0.850723 0.823357 24.1411 31.1311 0 0 30.1521 27.2067
800 725 10000 19 2 0 0 0 1 0.499377 0.897112 0 0 0 0.232122 26.8689 26.8877 0 0 0 175.548
800 750 10000 3 0 0 0 2 0 1.0584 0 0 0 0.288366 0 28.5588 0 0 0 35.3101 0
825 50 10000 2057 338 2 1 179 223 0.669293 0.740715 0.778234 0.105563 0.581508 0.592279 26.7024 26.407 28.1443 25.3203 30.2506 29.0035
825 75 10000 1978 363 8 0 182 215 0.680383 0.719775 0.427158 0 0.586072 0.627019 26.2488 26.9942 26.7184 0 27.8799 28.7612
825 100 10000 1981 367 2 0 184 226 0.68468 0.732188 0.555276 0 0.521905 0.60461 26.1772 27.0113 53.2406 0 29.1931 28.1481
825 150 10000 2023 378 3 1 147 178 0.688365 0.708613 0.862544 0.202561 0.616864 0.739006 26.0256 26.3232 39.8419 67.2404 29.1631 26.3239
825 175 10000 2022 374 3 0 157 162 0.703893 0.755133 0.472518 0 0.593312 0.766381 25.5472 26.1971 29.8338 0 29.5745 27.4016
825 200 10000 1933 377 5 3 165 198 0.705549 0.758175 0.321544 0.553964 0.54584 0.644678 25.6107 25.2112 39.4461 44.9876 27.8807 26.714
825 225 10000 1893 368 2 0 152 184 0.708422 0.775854 0.893826 0 0.60649 0.746724 25.6426 25.8064 26.2127 0 27.8698 26.8781
825 250 10000 1850 387 1 0 127 150 0.70379 0.795255 2.64424 0 0.616375 0.7809 25.3816 26.1105 28.0974 0 26.933 26.1918
825 275 10000 1789 397 4 1 93 162 0.706447 0.806253 1.10139 0.515248 0.65425 0.773865 25.1373 24.3099 38.9693 48.512 29.6894 25.5948
825 300 10000 1670 401 2 1 92 161 0.718765 0.788404 0.712758 0.439364 0.650326 0.760765 25.1174 25.1681 59.0076 22.5721 28.2023 25.7325
825 325 10000 1606 444 4 1 87 170 0.706638 0.772095 0.6379 0.627696 0.664091 0.682587 24.8662 23.9241 33.1118 125.568 27.3473 25.7339
825 350 10000 1471 426 1 2 73 145 0.736715 0.808762 0.768938 0.646612 0.651125 0.779062 25.1361 23.906 83.4818 22.893 28.3394 26.3317
825 375 10000 1304 456 4 0 68 158 0.739543 0.790303 0.831011 0 0.67418 0.705196 25.1968 23.7173 29.772 0 28.6563 25.8292
825 425 10000 960 376 3 3 36 117 0.733867 0.816008 0.400606 0.436148 0.569769 0.817279 25.53 23.3818 46.3828 85.65 29.39 23.9509
825 450 10000 781 345 4 2 40 100 0.764375 0.797628 0.614498 0.438773 0.655494 0.787236 25.4263 22.7475 46.3673 88.8792 28.2265 25.4155
825 500 10000 441 312 0 0 26 74 0.762175 0.742743 0 0 0.73857 0.744486 26.3424 23.9858 0 0 29.49 24.4082
825 525 10000 350 239 1 2 25 47 0.73392 0.777678 0.20628 0.471991 0.64666 0.900687 26.1404 23.2898 246.092 66.2913 25.0869 23.3919
825 550 10000 220 162 3 0 9 43 0.783879 0.826365 0.505155 0 0.865728 0.807563 25.489 23.4731 25.1451 0 37.3863 29.885
825 575 10000 176 140 0 0 13 35 0.794863 0.77322 0 0 0.70775 0.709624 25.4258 23.5883 0 0 28.7323 37.5052
825 600 10000 139 92 1 0 11 20 0.772553 0.763352 0.54413 0 0.82246 0.738022 24.5197 27.1302 75.9547 0 25.0629 29.8221
825 625 10000 111 65 0 1 8 19 0.802515 0.750196 0 0.741817 0.838147 0.691969 24.0858 27.3724 0 84.5652 28.1513 24.2296
825 700 10000 50 14 0 0 9 4 0.746436 0.778184 0 0 0.679326 0.698008 24.4103 34.7953 0 0 26.6066 25.011
825 725 10000 28 3 0 0 4 0 0.766472 1.43298 0 0 0.517095 0 25.9973 25.137 0 0 46.2124 0
825 750 10000 22 1 0 0 4 2 0.531294 0.199151 0 0 0.457767 0.659297 25.1212 298.759 0 0 33.1112 64.8342
850 50 10000 2107 334 2 0 174 224 0.662693 0.677349 0.615009 0 0.620582 0.565206 26.8925 27.0999 30.9164 0 29.1427 30.7322
850 100 10000 2079 341 6 0 190 236 0.686264 0.73129 0.572731 0 0.595956 0.520632 26.4947 28.1501 28.4583 0 28.9927 30.0117
850 125 10000 2104 335 6 1 168 191 0.674203 0.764579 0.625429 0.732144 0.641128 0.652937 26.417 26.2941 28.7757 27.7249 30.3543 28.8741
850 225 10000 1999 368 3 1 121 192 0.703424 0.735755 0.782447 0.549802 0.650578 0.678881 25.713 25.7393 27.6848 77.5642 30.8244 27.0147
850 250 10000 1998 364 2 0 141 174 0.700456 0.814343 1.0071 0 0.626726 0.692489 25.4943 24.5483 37.3865 0 28.5814 27.0882
850 275 10000 1866 412 2 3 126 157 0.710555 0.742538 1.19674 0.342335 0.631279 0.727425 25.4307 25.0501 35.1568 78.1126 28.8453 26.0269
850 300 10000 1897 366 3 1 107 148 0.69319 0.807034 0.489228 0.502164 0.614631 0.673571 25.451 24.2774 41.2808 20.1296 29.0636 28.6539
850 400 10000 1314 432 2 0 60 140 0.737789 0.83869 1.0048 0 0.702528 0.689968 24.9317 23.4299 23.8209 0 27.279 25.5701
850 450 10000 993 406 2 0 44 125 0.736084 0.768207 0.838643 0 0.695654 0.712327 26.0627 23.1787 37.6824 0 27.9354 25.4773
850 500 10000 589 313 0 1 35 99 0.744412 0.801669 0 0.590921 0.600096 0.765209 27.1025 22.3783 0 149.281 30.2489 25.8692
850 525 10000 460 295 3 1 25 74 0.778857 0.817177 0.478135 0.421546 0.787167 0.843205 25.2895 22.4912 63.2137 29.0136 32.8397 24.1523
850 575 10000 261 165 0 1 13 39 0.744588 0.842005 0 0.472167 0.885569 0.81055 26.0535 23.4582 0 20.8589 27.7103 29.8781
850 625 10000 123 87 0 0 17 23 0.898018 0.805641 0 0 0.634241 0.791656 25.4447 31.3125 0 0 25.8715 25.5938
850 650 10000 126 60 0 0 7 11 0.761265 0.773145 0 0 0.925915 0.66823 25.8906 22.4213 0 0 23.4875 44.9996
850 725 10000 46 9 0 0 6 4 0.804736 0.760712 0 0 0.63086 0.653887 26.438 39.4399 0 0 27.8934 42.3997
850 750 10000 35 0 0 0 3 1 0.774407 0 0 0 1.12553 1.25526 27.1487 0 0 0 32.125 51.96
850 800 10000 4 0 0 0 2 0 0.6384 0 0 0 0.574978 0 53.243 0 0 0 40.3944 0
875 50 10000 2146 313 1 1 229 199 0.659939 0.676018 0.990133 0.495983 0.531496 0.631687 27.2823 28.6273 33.6652 31.5848 29.4874 29.0379
875 125 10000 2157 322 1 0 196 201 0.670912 0.703265 1.40121 0 0.57429 0.627862 26.6412 27.7979 27.6362 0 29.003 28.8043
875 200 10000 2122 311 5 1 175 164 0.674914 0.804397 0.72325 0.203193 0.566336 0.631612 26.3061 26.1648 23.817 25.2925 29.8232 30.0588
875 250 10000 2100 377 3 0 164 175 0.697344 0.72893 0.579946 0 0.601709 0.62923 25.7646 25.9072 32.3047 0 27.7821 28.681
875 275 10000 2019 342 3 0 145 180 0.706998 0.791654 0.748537 0 0.547731 0.699238 25.7585 25.8167 32.6582 0 28.0879 26.8356
875 300 10000 1888 389 6 3 144 177 0.726343 0.771903 0.560771 0.453709 0.599436 0.680393 25.6113 25.4519 32.4577 75.6952 28.8291 26.4259
875 375 10000 1654 429 2 0 69 153 0.712109 0.769511 1.32075 0 0.848198 0.752159 25.1677 24.3016 25.1216 0 28.1814 25.3271
875 425 10000 1327 409 5 2 62 154 0.738751 0.8212 0.678805 0.444036 0.672547 0.689463 25.4734 23.8077 27.2428 19.819 29.4944 24.8147
875 475 10000 1004 407 1 0 51 127 0.759171 0.811176 0.603605 0 0.596845 0.7594 25.9727 23.2596 23.0143 0 31.6888 24.4885
875 500 10000 763 380 1 4 32 99 0.788191 0.796035 1.21189 0.754904 0.778033 0.759272 26.1238 23.9464 54.4264 21.8354 33.3145 25.5518
875 525 10000 676 313 1 0 20 95 0.720736 0.863005 1.5125 0 0.84915 0.730138 26.3102 24.1645 44.2452 0 31.8553 25.2295
875 575 10000 352 219 1 0 21 42 0.767198 0.812178 0.935894 0 0.74098 0.971646 26.049 23.2886 22.9656 0 36.3361 27.8159
875 600 10000 251 165 1 0 14 48 0.733135 0.840246 0.872692 0 1.00538 0.734321 25.4461 24.0502 21.1553 0 24.2666 25.019
875 650 10000 131 85 0 0 5 21 0.841797 0.837687 0 0 1.34096 0.76527 25.5849 27.1518 0 0 25.9592 29.0298
875 675 10000 130 76 0 1 11 19 0.712232 0.629464 0 0.455083 0.761698 0.599456 24.4743 26.0223 0 20.9788 27.48 28.6073
875 700 10000 96 35 0 0 6 13 0.713311 0.688018 0 0 0.910154 0.727719 26.1823 25.5024 0 0 29.8995 27.6723
875 725 10000 75 23 1 0 6 7 0.706996 0.751947 0.236193 0 0.714899 0.97221 25.1999 24.2592 25.0771 0 32.6714 29.0479
875 750 10000 50 11 0 0 6 2 0.692213 0.796025 0 0 0.451996 0.801775 26.3181 34.541 0 0 34.6972 62.7577
875 775 10000 24 4 0 0 2 1 0.973122 0.93418 0 0 0.69558 1.15093 29.7111 53.9881 0 0 23.1453 38.7522
875 800 10000 22 0 0 0 1 1 0.447933 0 0 0 0.191159 0.583031 27.4312 0 0 0 182.66 42.468
875 825 10000 0 0 0 0 0 0 0 0 0 0 0 0 0 0 0 0 0 0
900 50 10000 2208 282 2 0 235 187 0.650112 0.718781 0.723506 0 0.561877 0.620777 27.5709 28.8511 32.0234 0 30.019 30.2646
900 125 10000 2231 257 2 2 202 201 0.668294 0.798635 0.758763 0.504417 0.5803 0.630605 27.0449 28.0057 30.3578 67.2087 30.0276 29.6613
900 150 10000 2238 293 3 0 202 204 0.664636 0.768462 0.585649 0 0.583445 0.626915 26.9433 27.2251 34.4547 0 28.6611 29.178
900 175 10000 2316 292 1 0 201 186 0.647154 0.811704 1.29261 0 0.561888 0.656927 26.6615 26.5461 44.055 0 28.4126 28.7156
900 200 10000 2247 325 3 0 174 176 0.667979 0.72954 0.727511 0 0.619695 0.66958 26.568 26.9618 38.3138 0 29.1977 28.3185
900 225 10000 2280 306 9 0 167 173 0.678025 0.784838 0.495389 0 0.640651 0.716162 26.1962 26.3137 27.0868 0 28.8404 26.9026
900 250 10000 2188 365 4 2 165 192 0.689655 0.747195 0.524613 0.649154 0.634605 0.673108 26.0971 25.7637 38.8182 32.9043 28.2484 27.4761
900 275 10000 2194 337 4 0 160 166 0.695235 0.75219 0.465277 0 0.57071 0.706726 25.9498 25.7941 44.9405 0 28.3989 26.7358
900 300 10000 2115 361 6 1 140 172 0.696356 0.758497 0.589592 0.361611 0.591748 0.70829 25.5416 25.2569 29.5952 81.8211 27.5718 27.7115
900 325 10000 2040 365 4 1 127 163 0.700045 0.779611 0.362849 0.782774 0.616599 0.699944 25.3298 25.7175 26.1194 103.693 28.5266 26.5912
900 350 10000 1871 413 3 1 128 167 0.725629 0.761857 0.52165 0.929855 0.61509 0.702362 25.2893 24.9656 26.1314 48.4659 27.4629 25.6749
900 400 10000 1723 415 2 0 113 143 0.722831 0.781948 1.31062 0 0.616983 0.745663 25.0178 24.0882 27.1592 0 27.3486 26.808
900 425 10000 1586 401 2 2 100 176 0.735632 0.779288 0.519349 0.336428 0.563255 0.666887 25.0476 23.7534 63.0456 51.9062 26.8651 25.5364
900 450 10000 1404 414 2 2 72 148 0.72706 0.815196 0.572589 0.37044 0.575827 0.745916 25.0907 23.426 36.0858 51.5563 27.9473 24.2111
900 475 10000 1269 429 2 0 59 133 0.726859 0.751677 0.598469 0 0.658767 0.736557 25.0223 23.1691 48.9355 0 28.0053 25.9051
900 525 10000 870 359 1 0 41 111 0.721522 0.810477 0.721773 0 0.71229 0.727131 25.6026 23.2153 40.4295 0 30.3936 24.5778
900 550 10000 639 345 3 0 33 82 0.751191 0.785712 0.587703 0 0.690345 0.765966 26.3047 22.8635 26.1621 0 31.2381 24.1786
900 575 10000 475 300 2 2 25 82 0.779066 0.819054 0.220192 0.523749 0.592122 0.688556 26.2332 24.4501 28.487 22.2868 30.0518 23.5609
900 600 10000 342 230 2 3 13 55 0.735308 0.804689 0.451865 0.294351 0.719371 0.750644 25.771 23.322 30.0954 57.8086 45.6775 26.5241
900 625 10000 234 180 2 0 14 51 0.807642 0.862619 0.311104 0 0.944617 0.772919 26.1421 25.7865 27.8694 0 29.0702 24.8299
900 650 10000 206 115 0 0 17 21 0.724934 0.87898 0 0 0.589978 0.939164 24.8756 23.9844 0 0 27.3588 35.5584
900 675 10000 159 103 0 0 13 17 0.707701 0.794507 0 0 0.753745 0.82369 25.7884 25.0099 0 0 26.313 44.6988
900 700 10000 115 62 1 0 9 19 0.766073 0.883481 1.10884 0 0.744207 0.608226 25.0733 25.8944 42.8451 0 29.0178 38.9727
900 725 10000 88 30 0 0 7 9 0.731907 0.80733 0 0 0.943169 0.932764 25.4069 28.7113 0 0 25.4472 27.4125
900 750 10000 74 12 1 0 3 5 0.72716 0.872509 0.484246 0 1.04578 0.770346 25.8729 40.3165 56.2574 0 30.3226 24.7141
900 775 10000 58 9 0 0 3 5 0.705815 0.841255 0 0 1.02461 0.716618 27.5204 30.2991 0 0 27.7102 29.9283
900 825 10000 15 2 0 0 0 0 0.729719 0.590748 0 0 0 0 29.4656 61.2741 0 0 0 0
900 850 10000 3 0 0 0 0 0 0.661161 0 0 0 0 0 45.3693 0 0 0 0 0
925 50 10000 2260 243 3 2 220 212 0.642499 0.743709 0.393752 0.442875 0.596316 0.5701 27.9522 28.9396 24.249 77.3333 29.9852 31.1566
925 75 10000 2311 293 4 1 233 199 0.637888 0.67777 0.554763 1.57245 0.589136 0.556593 27.6332 28.0994 37.1262 32.3341 29.3204 31.9423
925 125 10000 2394 303 1 0 223 180 0.633979 0.68006 0.44877 0 0.548257 0.622326 27.5479 26.967 75.6038 0 29.5887 29.5822
925 150 10000 2354 252 8 0 204 176 0.64633 0.747684 0.465124 0 0.610733 0.708149 26.9813 28.4567 31.7569 0 28.9349 28.748
925 200 10000 2328 281 3 0 171 190 0.657606 0.770589 0.686076 0 0.643961 0.607163 26.5104 26.5684 33.4717 0 28.9505 29.311
925 225 10000 2291 316 4 0 187 164 0.68134 0.730973 0.341477 0 0.595542 0.661625 26.6515 26.7768 25.4077 0 28.1076 28.0141
925 300 10000 2207 308 7 0 137 169 0.692147 0.857726 0.391322 0 0.699512 0.666499 25.6696 25.7785 33.5601 0 28.7442 26.9923
925 325 10000 2124 392 3 1 139 171 0.70151 0.717589 0.776504 0.591079 0.617186 0.665261 25.5514 25.6993 43.0734 23.2156 27.9154 26.9712
925 350 10000 2062 359 7 0 123 145 0.711585 0.764703 0.453124 0 0.645518 0.7828 25.4702 25.0755 26.8256 0 29.3347 25.7448
925 375 10000 1958 400 3 0 113 161 0.718283 0.750345 0.795975 0 0.658545 0.712029 25.174 24.3273 30.9814 0 27.3318 26.4038
925 425 10000 1716 427 1 0 97 139 0.737153 0.797231 1.55546 0 0.601856 0.768651 25.0267 23.8691 37.525 0 26.8771 24.6764
925 450 10000 1538 436 4 0 61 156 0.738683 0.771863 0.62619 0 0.676083 0.748803 24.8938 23.7599 27.3338 0 28.6358 26.0992
925 475 10000 1438 397 2 2 83 124 0.723692 0.815738 1.42405 0.614194 0.617687 0.785339 24.9384 23.6818 34.3321 54.3353 27.9805 24.843
925 525 10000 1053 418 2 0 49 124 0.736471 0.776951 0.80755 0 0.749706 0.672454 25.0822 23.2006 23.744 0 30.7506 24.801
925 550 10000 916 360 2 0 34 84 0.72665 0.808999 0.762519 0 0.684956 0.857197 25.7782 22.6802 35.5256 0 27.3222 25.0214
925 575 10000 655 340 3 1 25 80 0.773131 0.765908 0.616659 1.12127 0.772522 0.815208 26.6047 23.87 36.7291 74.5094 27.8552 25.0972
925 600 10000 472 285 2 0 28 79 0.771144 0.806586 0.415355 0 0.563815 0.739004 25.6583 23.2703 33.1565 0 27.2246 24.1756
925 625 10000 361 231 0 0 14 66 0.771588 0.775495 0 0 0.872123 0.777452 26.3475 23.3299 0 0 32.5882 23.3224
925 700 10000 146 92 0 0 17 18 0.768587 0.819423 0 0 0.492433 0.574365 24.8772 25.7742 0 0 25.1213 25.5225
925 725 10000 106 65 0 0 7 17 0.826575 0.817456 0 0 0.688271 0.694759 25.0843 26.8412 0 0 38.7266 30.3562
925 750 10000 101 36 1 0 11 8 0.735712 0.657371 0.212235 0 0.627391 1.05044 24.2859 29.379 25.0284 0 31.0434 34.0593
925 825 10000 31 4 0 0 2 2 0.696628 0.58454 0 0 0.536525 0.300101 25.3177 31.9412 0 0 39.1657 22.733
925 850 10000 13 5 0 0 3 2 0.840165 0.344734 0 0 0.379622 0.304458 29.0771 54.4714 0 0 45.4527 34.4647
925 875 10000 5 0 0 0 0 0 0.632445 0 0 0 0 0 34.421 0 0 0 0 0
950 50 10000 2301 259 3 0 225 199 0.631023 0.660859 0.930169 0 0.523315 0.545205 28.2758 28.9722 27.3483 0 31.328 31.4637
950 75 10000 2343 256 2 0 278 198 0.629013 0.6821 1.25735 0 0.500006 0.627224 28.0417 27.8092 24.872 0 30.9841 31.5551
950 100 10000 2351 258 2 0 258 179 0.633238 0.652663 1.16604 0 0.529083 0.573188 27.7144 29.0798 33.5799 0 30.8984 30.1741
950 225 10000 2373 278 1 1 211 187 0.668541 0.780155 1.1571 0.880925 0.510312 0.63004 26.9328 27.4926 51.5348 72.632 29.9431 28.5002
950 275 10000 2299 295 2 0 175 169 0.681154 0.755203 0.645412 0 0.600282 0.70331 26.4455 25.8865 41.0056 0 28.6022 26.3906
950 300 10000 2302 326 7 1 157 142 0.678266 0.762264 0.53245 0.602088 0.58297 0.740997 26.0949 25.8913 31.1184 27.1326 29.3662 27.5622
950 325 10000 2208 355 3 0 171 176 0.70147 0.75188 0.611949 0 0.58632 0.638604 26.0713 25.4619 27.295 0 27.8279 27.3052
950 350 10000 2127 335 4 1 132 154 0.703594 0.805527 0.78444 0.7266 0.637834 0.778516 25.7197 25.2737 30.7517 19.363 29.5706 26.5741
950 425 10000 1882 376 8 1 123 144 0.738734 0.781245 0.61215 1.07772 0.553782 0.741062 25.1831 24.6633 32.1627 61.3831 28.085 25.9892
950 475 10000 1692 366 1 0 82 134 0.72758 0.848359 1.56529 0 0.647561 0.744229 24.8295 24.0339 59.014 0 30.1269 24.8692
950 500 10000 1472 400 2 1 71 144 0.733532 0.803841 0.745132 0.921792 0.654931 0.639529 24.8061 23.9607 28.9267 73.4921 31.6488 25.3019
950 525 10000 1267 408 1 1 60 137 0.75103 0.794861 0.794521 0.450931 0.635545 0.757393 25.1222 24.3459 58.7155 21.0812 27.0841 25.3955
950 550 10000 1117 399 2 2 47 100 0.740452 0.784163 0.417472 0.313802 0.758226 0.781091 25.5985 23.3471 20.5672 32.5704 25.7869 24.6359
950 575 10000 862 373 2 2 41 122 0.728996 0.766395 1.05584 0.832384 0.635825 0.680891 25.8381 23.2231 47.3836 24.0462 31.0708 24.4331
950 625 10000 528 258 4 0 21 80 0.741771 0.861915 0.702981 0 0.524217 0.823596 26.3653 23.0077 21.8993 0 35.8006 25.7769
950 650 10000 347 228 2 0 23 59 0.758878 0.750806 0.650575 0 0.567982 0.7486 26.0375 25.3452 40.724 0 38.2341 30.0822
950 725 10000 136 88 0 0 8 16 0.808108 0.80264 0 0 1.13344 0.873481 24.627 26.0924 0 0 30.1664 43.8325
950 750 10000 101 53 0 1 10 12 0.807178 0.801657 0 0.470328 0.689993 0.70307 25.1168 24.7784 0 20.9012 27.2964 28.6886
950 775 10000 87 45 0 0 7 7 0.795162 0.666623 0 0 0.834594 0.850991 25.4077 29.4936 0 0 23.7835 58.7238
950 825 10000 53 7 1 0 1 4 0.690638 0.936791 0.566767 0 1.63723 0.31209 24.8156 34.4545 23.2522 0 67.1567 111.899
975 50 10000 2358 251 2 1 243 181 0.62335 0.611936 0.571005 0.432558 0.537589 0.52976 28.3512 28.2104 33.0106 123.329 30.8433 32.0905
975 75 10000 2369 263 6 1 261 169 0.618816 0.635964 0.504411 0.74943 0.49356 0.588146 28.414 28.6738 34.2098 90.2424 30.0629 31.6667
975 100 10000 2360 226 5 2 225 192 0.631434 0.725495 0.409127 0.198402 0.595691 0.573101 28.1879 29.6575 33.577 144.239 30.7371 30.0263
975 125 10000 2431 257 2 0 257 171 0.629527 0.695186 0.931597 0 0.561755 0.625132 28.2532 28.8102 30.3686 0 29.8096 30.1157
975 150 10000 2421 262 4 1 232 160 0.646002 0.66147 0.63531 0.361961 0.553292 0.61467 27.7617 28.4544 40.8912 104.654 30.3015 31.5199
975 200 10000 2403 269 5 1 195 185 0.661181 0.690144 0.310305 0.00125825 0.603967 0.614023 27.4486 28.2206 31.9525 31063.9 29.3944 29.0293
975 250 10000 2436 269 5 1 204 153 0.663756 0.761126 0.472022 0.210292 0.525234 0.620969 26.907 27.4177 32.2781 130.573 29.5534 29.152
975 275 10000 2461 289 6 0 208 173 0.677167 0.745264 0.434838 0 0.5765 0.624344 26.6904 26.5001 28.8263 0 29.3358 28.6718
975 300 10000 2406 294 3 0 177 178 0.675768 0.753712 0.376615 0 0.564848 0.655379 26.1976 27.7423 39.6182 0 28.9525 27.5547
975 350 10000 2397 341 2 0 147 147 0.674457 0.751563 0.537298 0 0.596976 0.724833 25.9752 25.913 37.3379 0 28.3517 27.176
975 500 10000 1701 421 1 1 98 141 0.708013 0.787814 1.71898 0.790308 0.600874 0.730428 24.9964 23.9971 33.6138 91.5352 27.2447 25.2489
975 550 10000 1284 426 1 3 48 135 0.745263 0.76767 1.34303 0.53931 0.761225 0.753956 25.076 23.3974 43.6146 24.1252 26.8637 25.1439
975 575 10000 1144 374 3 0 48 97 0.732066 0.829284 0.744755 0 0.639049 0.845915 25.2632 22.5715 30.829 0 26.2798 24.1227
975 600 10000 895 368 0 0 29 96 0.743363 0.797791 0 0 0.846608 0.787148 26.0281 23.186 0 0 26.9308 24.8093
975 625 10000 686 329 3 2 23 82 0.759567 0.789714 0.351284 0.622469 0.862902 0.807897 26.0773 22.9526 88.1401 40.2668 26.7812 25.6695
975 650 10000 569 274 1 0 17 66 0.712358 0.793258 0.463262 0 0.864835 0.700271 25.9982 24.2312 91.2392 0 28.448 28.5283
975 675 10000 360 213 1 0 12 60 0.725707 0.840655 0.686091 0 0.779964 0.807728 29.1139 24.8031 29.4068 0 29.0235 25.391
975 725 10000 173 131 0 0 8 39 0.747818 0.775701 0 0 1.28247 0.748642 25.332 26.9076 0 0 33.0789 25.2035
975 800 10000 73 32 0 0 7 9 0.758793 0.825782 0 0 0.562308 0.767596 25.3387 25.4324 0 0 31.9133 30.1167
975 825 10000 63 23 0 0 6 6 0.781969 0.600504 0 0 0.634533 0.605357 28.6074 26.2981 0 0 31.3152 46.498
975 850 10000 56 10 0 0 7 3 0.668467 0.823481 0 0 0.428919 0.520308 26.4859 28.1767 0 0 23.1097 71.7381
975 875 10000 35 4 0 0 6 5 0.794071 0.777959 0 0 0.389532 0.382295 23.783 42.8581 0 0 37.4078 34.748
975 925 10000 3 0 0 0 0 0 0.626502 0 0 0 0 0 36.6529 0 0 0 0 0
1000 50 10000 2340 235 3 0 263 171 0.615252 0.629931 0.698564 0 0.533095 0.566689 28.6638 28.4041 29.6907 0 31.9649 32.677
1000 75 10000 2397 208 2 0 241 193 0.617417 0.719258 1.01854 0 0.592816 0.551882 28.6642 28.7368 27.2226 0 31.3424 31.2943
1000 100 10000 2437 232 2 0 279 199 0.619029 0.607752 0.485768 0 0.501082 0.573968 28.2115 30.0731 52.9152 0 31.1974 30.4172
1000 150 10000 2457 253 1 1 228 187 0.644028 0.641325 0.624756 0.415056 0.549801 0.551463 28.1375 28.4607 27.4365 46.3147 30.7427 31.0586
1000 175 10000 2447 263 11 0 249 151 0.638189 0.673421 0.49199 0 0.534685 0.578391 28.0604 28.6722 28.9685 0 30.2695 30.1291
1000 200 10000 2498 275 3 1 253 162 0.643338 0.664123 0.714158 0.139583 0.521517 0.644924 27.8775 28.0215 25.9822 25.3093 30.6233 31.5188
1000 225 10000 2573 226 8 0 204 154 0.642473 0.765945 0.308609 0 0.584285 0.658147 27.3867 29.9784 38.3546 0 29.1759 29.6199
1000 250 10000 2521 269 1 1 226 147 0.648155 0.697819 1.14508 0.397341 0.527691 0.649454 27.2502 27.0243 34.4066 21.527 29.1048 30.8971
1000 275 10000 2487 277 2 0 198 189 0.661852 0.735571 0.659286 0 0.584149 0.616884 27.1537 28.1655 29.6342 0 28.9098 28.1946
1000 300 10000 2502 284 8 0 208 154 0.666807 0.733812 0.468617 0 0.554193 0.692203 26.6619 26.7747 32.5564 0 28.3524 28.7645
1000 325 10000 2411 306 7 1 183 169 0.685995 0.767157 0.476791 0.314549 0.619003 0.610619 26.5599 26.6826 27.2424 140.106 29.1941 28.1215
1000 425 10000 2183 359 2 1 137 155 0.704025 0.747872 1.17533 1.34028 0.616236 0.71284 25.7628 25.3793 40.4143 38.2227 27.6654 26.8842
1000 450 10000 2067 331 4 0 120 165 0.715314 0.845645 0.604544 0 0.594863 0.699109 25.5897 25.6178 37.1938 0 27.4855 25.3874
1000 475 10000 1943 386 3 0 123 170 0.730497 0.765323 0.49088 0 0.588162 0.691485 25.1135 23.7148 35.8338 0 27.3867 25.0941
1000 500 10000 1887 398 4 1 82 138 0.710549 0.767814 0.404028 0.636606 0.654845 0.726739 25.1329 24.0093 28.9448 114.928 26.9373 25.41
1000 550 10000 1589 389 3 2 80 131 0.706258 0.758553 0.429337 0.296608 0.597169 0.802449 24.8855 23.6798 29.7538 98.782 27.4518 24.5332
1000 675 10000 497 301 2 1 22 70 0.758557 0.775699 0.616506 0.397986 0.675367 0.65265 26.6332 22.6387 41.2227 30.9529 29.2803 28.8609
1000 725 10000 249 142 0 1 16 48 0.738999 0.947671 0 0 0.703614 0.724687 25.8246 23.8872 0 6.12092e+07 27.2602 26.3947
1000 775 10000 127 89 0 0 8 17 0.842732 0.724853 0 0 0.939006 0.843305 25.0038 29.068 0 0 31.0179 37.8074
1000 800 10000 91 35 0 0 12 9 0.905418 0.922039 0 0 0.62518 0.671264 24.9386 36.9798 0 0 32.3015 39.4854
1000 825 10000 98 26 0 0 5 6 0.720288 0.713365 0 0 0.861943 1.0589 24.4472 33.7528 0 0 41.8545 55.9834
1000 875 10000 47 8 0 0 4 3 0.80832 0.736996 0 0 0.855817 1.02011 25.5917 37.8639 0 0 22.4887 27.9705
1000 950 10000 1 0 0 0 0 0 1.23839 0 0 0 0 0 40.6001 0 0 0 0 0
1025 50 10000 2409 207 7 0 264 169 0.59793 0.606018 0.423236 0 0.54001 0.535091 29.0695 30.4269 34.7899 0 32.455 31.8182
1025 75 10000 2499 210 6 1 269 159 0.594463 0.611081 0.403249 0 0.525569 0.559304 28.9027 31.82 34.9361 4.85319e+07 32.2858 32.3086
1025 100 10000 2443 215 1 0 254 171 0.615532 0.667743 1.09729 0 0.502387 0.532699 28.7577 28.8692 38.7917 0 30.5751 32.8411
1025 150 10000 2634 215 1 0 266 145 0.594879 0.684084 1.09876 0 0.538027 0.574831 28.5968 28.6863 29.6675 0 30.228 33.1733
1025 200 10000 2524 223 5 1 243 169 0.636095 0.725922 0.413556 0.397489 0.533369 0.555921 28.1033 28.6674 30.5205 29.7545 30.2423 30.2091
1025 225 10000 2568 244 4 1 242 166 0.621483 0.698596 0.564443 0.246141 0.518619 0.669867 27.8847 29.7734 33.2933 25.5459 30.2198 29.2283
1025 250 10000 2594 259 4 0 202 173 0.635394 0.673043 0.839115 0 0.61232 0.583228 27.5964 27.872 35.0398 0 29.5538 29.2279
1025 300 10000 2520 273 4 0 207 152 0.661557 0.712029 0.689988 0 0.555917 0.723964 27.2265 28.12 29.0759 0 29.7835 28.2152
1025 325 10000 2534 310 7 0 184 131 0.662417 0.684966 0.534948 0 0.634087 0.741452 26.9729 26.6249 32.4926 0 28.4069 27.6437
1025 375 10000 2452 303 1 0 179 168 0.680597 0.756132 1.9917 0 0.584002 0.602035 26.2029 26.5779 31.6595 0 28.8688 28.9348
1025 400 10000 2426 347 5 3 131 175 0.672205 0.722646 0.548617 0.379758 0.642362 0.644846 26.1872 26.2039 31.2893 34.3193 28.574 27.3803
1025 450 10000 2176 349 10 0 133 158 0.702134 0.760835 0.527836 0 0.637909 0.649284 25.5963 26.9286 31.0621 0 28.7132 26.4237
1025 500 10000 1980 389 4 1 93 175 0.721611 0.782018 0.31395 0.87833 0.667333 0.649456 25.2746 23.8996 24.9911 24.7142 27.4658 27.096
1025 525 10000 1912 391 5 1 83 115 0.710532 0.770118 0.490885 0.465356 0.656313 0.743469 25.0594 24.1001 27.8686 108.378 27.0846 26.2177
1025 550 10000 1742 373 1 0 67 136 0.737893 0.797744 1.28341 0 0.6671 0.717976 24.9476 23.7549 28.9021 0 32.3915 25.3042
1025 575 10000 1585 387 2 0 71 123 0.717898 0.82114 1.23466 0 0.599732 0.770205 24.7659 23.5204 24.4712 0 28.3991 24.4424
1025 600 10000 1345 392 4 0 65 130 0.731474 0.800548 0.558779 0 0.631464 0.725396 25.182 23.219 48.5815 0 31.6716 24.9045
1025 700 10000 504 296 1 0 24 63 0.781659 0.764005 0.732611 0 0.685637 0.884593 26.2049 23.3985 30.6801 0 29.8461 25.186
1025 725 10000 373 253 1 1 17 44 0.735256 0.7343 0.329403 0.379701 0.759271 0.828192 25.8129 25.0832 42.9951 30.3624 27.3449 26.7493
1025 775 10000 190 112 1 1 13 24 0.739042 0.849259 0.402123 0.44324 0.615509 0.775322 25.4346 26.4055 110.592 21.1797 27.3855 27.1873
1025 825 10000 119 62 1 0 8 8 0.738294 0.744108 0.210144 0 0.761958 1.11891 24.0588 28.2853 35.3129 0 46.5738 26.243
1025 875 10000 62 13 0 0 4 8 0.776286 0.883733 0 0 0.913958 0.671847 25.631 24.0165 0 0 30.6767 27.4583
1025 900 10000 46 13 0 1 3 1 0.847648 0.582224 0 0.458811 0.541984 1.17692 26.9432 25.9042 0 102.182 57.1176 121.54
1050 75 10000 2424 205 4 0 306 177 0.616988 0.641509 0.588343 0 0.46626 0.544253 29.14 30.6774 42.0354 0 31.8077 32.5347
1050 100 10000 2570 191 8 0 322 168 0.589913 0.670473 0.507051 0 0.471654 0.589855 28.8754 29.7475 33.8506 0 31.3991 31.326
1050 125 10000 2510 216 2 0 265 183 0.600995 0.613957 1.7873 0 0.510187 0.536075 28.9473 30.7035 28.6657 0 31.4858 31.311
1050 150 10000 2520 223 8 1 276 182 0.60263 0.617318 0.232656 1.22084 0.518326 0.50535 28.8716 30.0207 34.4122 58.959 31.5039 30.5615
1050 225 10000 2576 208 7 0 262 143 0.627288 0.762371 0.665407 0 0.517715 0.654465 28.3197 28.8765 29.455 0 30.5755 30.1098
1050 275 10000 2518 262 3 1 220 185 0.642156 0.682736 1.13497 0.361356 0.578305 0.624974 27.6879 28.0825 31.4862 104.669 30.3236 30.0921
1050 325 10000 2576 268 2 0 190 172 0.661585 0.654852 1.02372 0 0.585648 0.595684 27.3289 27.9809 45.6053 0 29.095 29.6384
1050 350 10000 2575 263 4 3 204 141 0.654523 0.742965 0.982104 0.39295 0.559678 0.635449 26.839 26.8787 28.2303 23.3958 30.111 30.993
1050 400 10000 2428 322 2 0 172 158 0.686994 0.711878 1.23528 0 0.567625 0.710325 26.5004 26.754 27.0434 0 28.6198 27.8468
1050 425 10000 2412 303 10 1 176 140 0.68156 0.742041 0.341362 0.36232 0.608099 0.722231 26.183 26.439 42.3714 21.8557 27.8291 28.0261
1050 450 10000 2372 319 9 1 133 155 0.690827 0.80041 0.417637 0.715027 0.636756 0.695536 25.8115 25.7058 31.4402 85.0018 28.3161 27.2689
1050 475 10000 2267 359 2 1 109 143 0.707483 0.74319 0.601317 1.26493 0.64604 0.699475 25.4989 25.5915 42.7829 53.0555 28.6723 25.9522
1050 500 10000 2135 393 4 1 109 137 0.719359 0.778808 0.71667 0.501468 0.647881 0.727108 25.1691 24.648 34.6417 25.0914 28.0846 25.6147
1050 550 10000 1928 398 3 0 84 139 0.731276 0.8147 0.434636 0 0.632141 0.743265 25.0748 24.0279 30.7223 0 26.8625 25.863
1050 575 10000 1711 418 3 1 80 136 0.744685 0.761198 0.582285 0.389242 0.702511 0.742455 24.8056 24.0309 50.353 30.1016 27.7275 24.7714
1050 625 10000 1406 400 1 2 70 123 0.754783 0.821031 1.38284 0.42663 0.640714 0.731356 25.1612 23.0358 24.2158 82.5948 25.0204 24.2589
1050 650 10000 1214 351 2 1 45 118 0.730178 0.815813 0.631252 0 0.812892 0.778643 24.9789 22.9522 46.7408 6.26678e+07 28.9519 24.5053
1050 675 10000 925 338 0 0 40 86 0.752108 0.818531 0 0 0.727678 0.833318 25.2767 23.081 0 0 29.7151 26.3568
1050 700 10000 736 376 2 0 27 94 0.738454 0.749875 0.195145 0 0.510827 0.68539 26.1089 22.7065 25.3716 0 47.4616 24.9948
1050 750 10000 358 218 0 0 14 56 0.770739 0.802929 0 0 0.839222 0.794285 26.1937 23.603 0 0 34.0104 27.2554
1050 800 10000 206 105 0 1 9 29 0.717289 0.833071 0 0.506707 0.61826 0.632452 25.4675 27.4011 0 19.8029 27.3321 30.1655
1050 850 10000 110 43 1 0 4 12 0.81644 1.02016 0.396598 0 1.73026 0.772203 23.4815 29.6643 21.559 0 26.8242 25.9938
1050 875 10000 85 32 1 0 6 9 0.855889 0.773946 0.891875 0 1.08607 0.648739 23.7653 30.2385 23.3428 0 29.4356 22.9894
1050 925 10000 54 11 1 0 4 5 0.722528 0.544716 0.244431 0 0.927757 0.302014 28.2044 38.8618 25.1601 0 21.6804 45.3556
1050 950 10000 28 1 0 0 3 1 0.819866 1.69413 0 0 0.763492 0.927167 27.5583 46.3256 0 0 27.0275 69.5183
1050 975 10000 8 3 0 0 1 1 1.04843 0.496343 0 0 0.5811 0.00312185 30.8006 26.0301 0 0 24.8306 17.4142
1075 50 10000 2522 183 11 0 314 182 0.573533 0.602388 0.225441 0 0.484997 0.481849 29.9166 32.8795 32.8981 0 31.7358 32.3361
1075 100 10000 2485 195 4 0 306 154 0.591527 0.622096 0.461771 0 0.476793 0.487263 29.7101 30.1564 27.3434 0 31.5537 34.1719
1075 150 10000 2625 187 6 0 281 156 0.597644 0.664387 0.646661 0 0.506564 0.546969 29.1262 29.8246 30.1014 0 31.4193 32.643
1075 175 10000 2650 220 5 0 251 168 0.590253 0.658694 0.378621 0 0.555618 0.562306 29.0935 29.9131 55.9621 0 31.2649 30.9048
1075 200 10000 2590 226 5 0 263 152 0.608126 0.564045 0.594348 0 0.511026 0.592764 28.8566 29.8574 39.3094 0 31.9076 30.4347
1075 225 10000 2620 224 3 0 263 164 0.616585 0.705562 0.243584 0 0.502049 0.554652 28.5497 28.9217 32.0153 0 30.3315 29.9843
1075 250 10000 2633 206 4 0 280 169 0.619859 0.7222 0.711173 0 0.467175 0.580499 28.3225 29.0513 31.0272 0 30.9277 32.669
1075 300 10000 2590 240 5 1 237 155 0.645443 0.695167 0.690081 0.416205 0.557079 0.623084 27.9677 28.7559 28.8573 21.3241 30.236 28.4596
1075 375 10000 2627 264 3 1 195 148 0.665863 0.741948 0.680782 0.333229 0.586933 0.652692 26.9017 29.4129 33.503 70.6808 28.9374 28.3187
1075 450 10000 2461 296 8 1 145 153 0.690115 0.727479 0.512258 0.765118 0.584163 0.652759 26.093 25.8381 29.7343 36.2898 28.4169 26.8267
1075 475 10000 2345 317 1 2 164 168 0.688524 0.769338 0.950996 0.454051 0.595231 0.627779 25.97 26.3252 22.9913 63.0429 28.9104 27.7907
1075 500 10000 2311 320 5 0 131 167 0.690922 0.804483 0.598016 0 0.639644 0.694593 25.5759 24.8503 35.5655 0 27.626 26.2832
1075 525 10000 2207 349 7 1 122 126 0.70884 0.786832 0.620874 0.3174 0.653777 0.75294 25.1977 25.1481 33.8741 40.9951 28.5403 26.6946
1075 650 10000 1399 369 6 1 56 119 0.720585 0.807576 0.421232 0.410755 0.6775 0.760756 25.0427 22.9064 51.7937 55.4159 30.2445 24.7756
1075 675 10000 1143 372 2 0 43 102 0.737824 0.836623 0.649699 0 0.683655 0.827625 25.5806 22.7074 44.3215 0 27.513 24.512
1075 700 10000 932 356 3 0 38 111 0.777373 0.789078 0.484104 0 0.649215 0.732654 25.23 23.0066 28.888 0 27.8376 24.2095
1075 725 10000 730 303 2 0 31 79 0.742891 0.783392 0.66673 0 0.587453 0.732199 25.878 23.0319 28.0951 0 32.0045 25.8389
1075 775 10000 378 201 2 2 12 55 0.745956 0.85542 0.716112 0.624167 0.849081 0.772118 26.5197 23.2489 66.3704 53.3742 29.1354 24.8715
1075 800 10000 289 178 0 0 10 37 0.730974 0.76245 0 0 0.83636 0.81239 26.2444 24.4892 0 0 34.4251 25.4707
1075 850 10000 113 91 1 0 10 14 0.834341 0.702104 0.231174 0 0.833762 0.695753 24.5934 23.9609 24.8835 0 26.1843 31.4016
1075 875 10000 105 45 0 0 5 13 0.730598 0.731886 0 0 0.868323 0.798029 24.8118 24.0114 0 0 29.4679 33.9876
1075 925 10000 63 16 0 0 5 6 0.787181 0.83839 0 0 0.958482 0.812048 25.5453 28.3505 0 0 25.7352 34.4896
1075 950 10000 38 6 0 0 2 0 0.722395 1.11441 0 0 0.990963 0 27.9031 45.1458 0 0 37.4558 0
1075 975 10000 27 2 0 0 1 0 0.707042 0.592407 0 0 1.58637 0 28.3132 86.1624 0 0 27.7333 0
1075 1025 10000 4 0 0 0 0 0 0.517385 0 0 0 0 0 30.9131 0 0 0 0 0
1100 100 10000 2566 168 7 0 298 149 0.576908 0.643636 0.537401 0 0.470445 0.545212 29.6691 32.0226 26.981 0 31.7003 34.8186
1100 125 10000 2629 135 6 1 297 157 0.579572 0.779297 0.438343 0.617104 0.493205 0.476701 29.8352 30.7782 34.6518 26.8897 32.4061 34.9904
1100 150 10000 2619 210 5 0 328 161 0.5816 0.638139 0.465063 0 0.468054 0.537433 29.21 29.8693 34.7511 0 31.5717 31.5837
1100 200 10000 2633 191 5 0 285 160 0.604518 0.689956 0.459197 0 0.498556 0.526503 29.0862 28.6814 27.1195 0 32.0095 32.1697
1100 225 10000 2658 197 4 0 267 154 0.602157 0.662181 0.51356 0 0.502599 0.518935 28.8958 30.2778 38.6137 0 31.7365 31.9233
1100 300 10000 2649 229 5 2 240 168 0.632303 0.718601 0.624348 0.499109 0.579564 0.631619 28.0112 28.3706 39.1685 81.3548 29.2321 29.599
1100 375 10000 2605 256 4 0 234 164 0.656785 0.693706 0.743686 0 0.54796 0.618669 27.1844 27.5197 39.5289 0 28.5777 28.4751
1100 400 10000 2553 233 6 1 212 142 0.661194 0.772985 0.573757 0.397147 0.589075 0.613904 26.9663 27.4843 25.0019 146.694 28.6958 30.4104
1100 425 10000 2622 287 7 0 175 138 0.664965 0.697788 0.396099 0 0.635222 0.659508 26.9091 27.13 32.8418 0 30.6222 27.9577
1100 450 10000 2509 276 3 1 164 143 0.67475 0.750216 1.20481 0.388135 0.614898 0.703076 26.4665 26.527 26.0985 29.9987 28.8431 27.9832
1100 475 10000 2427 291 6 0 172 157 0.700795 0.761155 0.356281 0 0.576555 0.657103 26.239 26.0477 29.4532 0 27.7708 27.8728
1100 525 10000 2253 328 6 1 121 153 0.716373 0.771655 0.448056 0.653062 0.655559 0.709954 25.7688 25.4937 25.9342 18.5546 28.6109 27.7607
1100 550 10000 2258 320 5 1 120 151 0.695361 0.817412 0.866875 1.02828 0.690066 0.715491 25.5124 25.0073 31.9344 61.6794 27.6866 26.8498
1100 600 10000 2022 367 3 3 105 143 0.725304 0.796364 1.02938 0.77296 0.626903 0.721855 25.0276 24.5757 34.6844 35.0768 26.7517 25.0231
1100 625 10000 1754 406 1 0 94 124 0.747543 0.807349 2.01646 0 0.673605 0.828584 24.9464 23.0033 28.5588 0 26.3044 23.9623
1100 650 10000 1700 396 7 3 69 127 0.725594 0.776556 0.607044 0.334978 0.715731 0.783445 24.5381 23.5581 26.7468 55.236 28.7134 24.926
1100 675 10000 1421 383 1 1 53 108 0.737646 0.823578 1.58264 0.427661 0.63982 0.757509 24.8479 23.254 28.9241 143.01 31.7005 25.9456
1100 700 10000 1229 354 5 1 50 100 0.740696 0.830996 0.542767 0.462655 0.739901 0.788287 25.1339 22.7956 30.7745 102.182 25.8712 24.3428
1100 725 10000 949 315 1 1 28 100 0.765559 0.856144 0.557048 0.424184 0.845881 0.746923 25.4626 22.7788 47.981 21.3306 37.6266 27.2448
1100 750 10000 762 304 3 1 38 81 0.714279 0.799082 0.24919 0.637084 0.731646 0.731442 25.9146 23.1136 47.7734 69.8189 26.7271 24.5052
1100 775 10000 508 252 1 5 22 58 0.752505 0.808105 0.229384 0.240413 0.731374 0.835196 26.6898 23.1525 25.4735 78.1949 26.0555 26.0669
1100 850 10000 157 123 1 1 14 24 0.81709 0.780872 1.18729 0.361767 0.760775 0.952591 27.3721 25.6329 20.5522 22.4999 28.9198 24.9419
1100 875 10000 129 67 0 0 10 16 0.799453 0.86123 0 0 0.723098 0.804474 25.422 24.836 0 0 25.6238 22.5389
1100 925 10000 74 27 0 0 8 8 0.812309 0.791379 0 0 0.736914 0.601406 25.1104 28.6504 0 0 30.0561 56.1511
1100 950 10000 52 13 1 0 3 5 0.925395 0.90024 0.801393 0 1.0433 0.695361 24.7567 27.6802 57.789 0 31.5066 28.6352
1100 975 10000 57 9 0 0 3 4 0.57752 0.438795 0 0 0.667754 0.409261 31.7092 27.0082 0 0 28.1244 34.2475
1100 1000 10000 26 5 2 0 0 1 0.679783 0.415327 0.362007 0 0 0.835601 26.685 31.0178 21.8065 0 0 35.711
1100 1050 10000 2 0 0 0 0 1 0.791761 0 0 0 0 0.213596 56.3643 0 0 0 0 103.645
1125 50 10000 2560 152 7 0 356 168 0.555741 0.660703 0.470579 0 0.445698 0.522339 30.2747 31.543 42.1726 0 32.2671 33.1243
1125 100 10000 2652 166 7 0 328 150 0.549167 0.573765 0.412044 0 0.471758 0.528855 30.2747 32.2687 34.5511 0 32.6452 31.9514
1125 150 10000 2581 174 5 0 296 149 0.582724 0.636907 0.44532 0 0.48218 0.50222 29.9139 29.5429 42.4585 0 32.8102 33.1029
1125 225 10000 2662 207 11 0 251 151 0.597508 0.576172 0.443919 0 0.516294 0.5484 29.2737 29.4907 28.995 0 32.2037 32.3887
1125 250 10000 2769 203 7 0 295 154 0.591357 0.621746 0.572398 0 0.507327 0.502194 29.0392 29.3618 31.0731 0 30.6073 33.5493
1125 300 10000 2662 200 4 0 239 139 0.626171 0.708899 0.424603 0 0.555361 0.587973 28.3106 28.7109 28.2896 0 30.4815 31.0962
1125 350 10000 2675 229 7 0 231 152 0.63997 0.66086 0.651853 0 0.545654 0.647303 28.015 28.8219 34.9615 0 30.3716 29.804
1125 375 10000 2655 246 3 1 235 173 0.639355 0.737948 1.30611 0.796933 0.533651 0.574727 27.5667 27.2969 32.9455 29.2082 28.7413 29.6086
1125 425 10000 2659 267 4 0 197 162 0.649991 0.731846 0.670934 0 0.549712 0.610562 27.1426 25.9741 30.7145 0 28.6846 28.7189
1125 450 10000 2588 289 7 0 174 157 0.673071 0.720973 0.571479 0 0.628028 0.692733 26.8698 27.3309 27.7692 0 28.1419 27.9666
1125 475 10000 2591 270 2 2 180 145 0.671242 0.723824 0.725121 0.348549 0.555137 0.701413 26.4967 27.2596 33.9088 46.7952 28.1441 27.4314
1125 500 10000 2544 260 2 1 174 155 0.680818 0.805035 0.773607 0 0.54414 0.72694 26.2187 25.9349 33.3574 5.51707e+07 28.3796 26.4689
1125 525 10000 2394 306 5 0 141 132 0.70877 0.796193 0.511667 0 0.584543 0.742261 25.8518 25.5596 34.0624 0 31.507 27.0823
1125 550 10000 2342 335 4 1 141 143 0.693331 0.775773 0.831078 0.888713 0.631112 0.724842 25.6474 24.9371 31.4112 24.5668 28.1415 25.6077
1125 575 10000 2233 321 3 0 127 135 0.707982 0.851394 0.93592 0 0.615824 0.807038 25.3816 25.0114 24.2297 0 27.4824 25.0777
1125 600 10000 2179 357 4 1 106 141 0.71094 0.804122 0.535773 0.343674 0.627134 0.696285 25.3391 24.4973 31.2037 66.4407 28.4003 25.9227
1125 650 10000 1812 364 3 0 80 130 0.725844 0.828342 1.01643 0 0.556907 0.749471 25.1897 23.5605 29.7813 0 29.4427 25.2709
1125 700 10000 1417 392 6 2 52 121 0.733223 0.79126 0.585665 0.547719 0.725865 0.733243 24.822 23.04 31.0774 45.2393 29.9123 24.3173
1125 825 10000 395 201 0 0 14 52 0.749475 0.785845 0 0 0.751033 0.669528 26.554 22.8203 0 0 34.6957 28.3543
1125 875 10000 191 115 0 0 12 27 0.756057 0.777083 0 0 0.8406 0.741748 24.318 27.0324 0 0 25.1126 31.7778
1125 925 10000 103 50 0 0 7 12 0.740005 0.734944 0 0 0.504296 0.844152 26.9802 28.6436 0 0 23.5221 27.8242
1125 950 10000 75 30 0 0 10 12 0.769836 0.891227 0 0 0.722618 0.73754 23.9026 25.592 0 0 27.9213 50.9904
1125 975 10000 64 9 0 1 6 3 0.724991 0.741177 0 0.66773 0.549414 0.771254 24.0745 34.5826 0 18.4113 34.4845 28.116
1125 1000 10000 58 9 0 0 4 3 0.618027 0.616723 0 0 0.798328 0.45273 26.4807 37.9108 0 0 41.112 29.4101
1150 50 10000 2616 171 8 0 319 180 0.537675 0.511253 0.2887 0 0.457187 0.398249 30.6631 31.8946 30.8308 0 32.7246 35.5646
1150 75 10000 2629 163 1 0 339 167 0.54829 0.539306 1.99963 0 0.417937 0.491111 30.5173 33.7379 42.7294 0 33.9418 33.2527
1150 100 10000 2581 172 3 1 355 158 0.54123 0.553267 0.873967 0.213928 0.425695 0.464557 30.5979 32.392 32.9345 25.1135 32.7535 34.3235
1150 125 10000 2676 174 4 1 325 168 0.558266 0.581393 0.387805 0.534506 0.435918 0.472197 30.1965 30.7129 33.1042 73.3933 32.3804 33.6306
1150 150 10000 2697 174 5 0 322 154 0.557224 0.631773 0.582108 0 0.445437 0.429898 30.0052 28.9757 29.6029 0 33.252 33.2403
1150 200 10000 2814 151 4 0 283 159 0.54767 0.657646 0.706305 0 0.522229 0.479007 29.9209 31.9457 28.5258 0 31.8911 35.7348
1150 225 10000 2697 179 6 0 282 139 0.585298 0.655656 0.559885 0 0.500205 0.518113 29.6329 28.878 38.3968 0 32.1792 31.6344
1150 250 10000 2721 202 3 0 260 149 0.592974 0.632408 1.11425 0 0.533802 0.485514 29.4201 30.8458 29.92 0 31.6982 34.8855
1150 275 10000 2741 170 4 0 273 171 0.582696 0.723616 0.55638 0 0.562735 0.50304 29.1109 29.1096 34.3186 0 30.352 31.8833
1150 300 10000 2825 217 4 2 279 145 0.600068 0.663887 0.582207 0.28096 0.523249 0.576995 28.7221 28.4282 43.1352 58.2509 30.5716 29.1605
1150 325 10000 2738 217 7 1 280 152 0.61466 0.645566 0.498585 0.600291 0.526557 0.556865 28.7503 29.0147 32.1 23.0972 29.617 31.7756
1150 350 10000 2768 207 5 1 239 173 0.607154 0.698552 0.442239 1.14668 0.564676 0.533326 28.0645 30.4846 34.1601 48.9635 30.5244 32.1238
1150 400 10000 2728 226 7 0 215 144 0.649275 0.721022 0.468367 0 0.57032 0.615135 27.588 27.0386 28.6832 0 29.0932 29.3357
1150 425 10000 2777 257 4 2 200 154 0.630778 0.684293 0.478413 0.50209 0.578612 0.575465 27.5128 27.3206 26.5277 64.5908 30.2482 28.905
1150 450 10000 2693 262 7 0 220 161 0.647429 0.71557 0.526845 0 0.554495 0.583905 27.0689 26.6282 36.3886 0 29.1724 29.2264
1150 475 10000 2571 287 7 1 184 165 0.6819 0.732196 0.694612 1.58711 0.58772 0.60668 26.6814 26.7555 30.0184 71.7 29.6166 27.5788
1150 600 10000 2228 349 2 0 114 142 0.719504 0.732254 0.971972 0 0.631811 0.698902 25.3115 24.7704 26.6037 0 31.6006 26.712
1150 625 10000 2104 358 2 2 104 148 0.741488 0.825713 0.977507 0.569163 0.587753 0.698393 25.0123 24.8261 29.2474 62.3316 28.8254 25.2788
1150 650 10000 1982 354 4 0 89 125 0.730601 0.808966 0.786095 0 0.634566 0.721473 25.1702 24.4831 30.3459 0 29.8736 25.7473
1150 675 10000 1856 376 4 0 81 111 0.74472 0.845712 0.511593 0 0.66783 0.760072 24.8459 24.0211 27.5024 0 28.1699 24.9084
1150 700 10000 1619 395 4 0 74 125 0.738177 0.770966 0.563737 0 0.656964 0.753506 24.8872 23.4744 26.0776 0 28.41 24.1266
1150 725 10000 1435 409 2 0 54 96 0.739385 0.802561 0.521791 0 0.682663 0.905566 25.188 24.7002 40.9211 0 29.1238 25.1171
1150 750 10000 1228 367 2 0 50 102 0.759599 0.778967 1.23732 0 0.707715 0.802166 24.9285 23.027 32.7129 0 27.3627 24.3686
1150 775 10000 1014 369 2 0 36 98 0.735305 0.78064 1.15484 0 0.685059 0.765142 25.4932 22.4704 29.397 0 31.6695 25.5611
1150 825 10000 524 259 0 0 23 59 0.795969 0.834259 0 0 0.693813 0.752514 26.4998 23.0471 0 0 33.4981 24.7891
1150 850 10000 337 206 1 1 25 61 0.800128 0.756599 0.228536 0.377728 0.566451 0.743469 26.218 25.6484 185.616 115.617 27.5475 27.3152
1150 875 10000 234 167 1 1 14 30 0.789998 0.72552 1.68947 0.425571 0.699272 0.8651 27.69 23.9267 51.8608 102.227 28.5453 32.5523
1150 925 10000 129 60 1 1 9 17 0.768268 0.825385 0.724677 0.373592 0.914975 0.838511 26.5402 25.5374 22.1659 102.348 30.546 26.0556
1150 975 10000 67 13 0 0 2 10 0.827233 1.02438 0 0 1.13375 0.554315 24.3162 27.4071 0 0 35.5616 34.2624
1150 1000 10000 72 9 1 0 8 4 0.629388 1.07624 0.267721 0 0.70338 1.13782 25.717 24.0992 23.4146 0 27.7948 34.2305
1150 1050 10000 31 1 0 0 1 1 0.682616 0.997304 0 0 1.19961 0 27.1807 54.3043 0 0 26.3717 8.40992e+07
1150 1100 10000 1 0 0 0 1 1 2.35325 0 0 0 0.199515 0.113876 32.9388 0 0 0 102.956 102.968
1175 50 10000 2707 138 7 0 327 154 0.518033 0.59953 0.40273 0 0.45829 0.450455 30.9991 31.0198 35.9161 0 32.9912 33.7984
1175 75 10000 2657 143 10 1 333 154 0.530049 0.600315 0.331162 0.329079 0.45099 0.49737 30.8119 31.0538 39.128 43.0424 33.124 34.8649
1175 100 10000 2667 133 10 0 337 149 0.545237 0.643451 0.382425 0 0.432628 0.473506 30.6016 30.7128 36.3565 0 32.6976 32.7878
1175 150 10000 2626 146 6 0 325 148 0.560001 0.603649 0.373522 0 0.441293 0.460791 30.469 29.973 34.0713 0 32.5034 33.7885
1175 175 10000 2734 140 4 0 332 180 0.546814 0.646359 0.558925 0 0.470226 0.441063 30.645 31.9541 27.3802 0 32.1313 34.0381
1175 200 10000 2725 186 4 0 296 137 0.564826 0.640026 0.522382 0 0.483078 0.526142 29.7894 28.5949 32.7061 0 31.527 35.1591
1175 250 10000 2751 204 4 0 298 117 0.577599 0.574915 0.634076 0 0.467948 0.545192 29.6595 30.0225 29.5126 0 32.1411 33.3178
1175 325 10000 2711 191 5 0 248 142 0.607016 0.686947 0.604153 0 0.512983 0.557328 28.8877 28.5854 45.9661 0 30.7654 32.3609
1175 400 10000 2830 224 5 0 262 155 0.607532 0.69969 0.68922 0 0.48977 0.570915 28.1086 30.9575 29.143 0 29.9798 30.0562
1175 450 10000 2770 219 8 0 212 161 0.635928 0.732703 0.372554 0 0.566264 0.615757 27.4468 27.3513 32.2993 0 29.6491 29.2562
1175 475 10000 2779 258 5 1 194 147 0.638099 0.740855 0.864385 0.371856 0.55302 0.603751 27.2396 26.5172 28.3057 21.8748 29.3409 28.3807
1175 500 10000 2614 297 3 0 188 137 0.679189 0.704306 0.751676 0 0.559363 0.655984 26.8964 26.7524 34.6999 0 28.9553 28.1784
1175 525 10000 2563 294 2 2 171 153 0.675685 0.769693 0.51325 0.523931 0.571526 0.628514 26.5831 26.7428 63.334 44.9948 28.1596 26.8421
1175 550 10000 2554 299 3 2 157 136 0.677843 0.763258 0.915104 0.383004 0.581813 0.719072 26.2229 25.5223 30.2175 57.6072 28.9536 28.3237
1175 575 10000 2460 290 9 3 143 141 0.687843 0.805253 0.599696 0.348293 0.596055 0.689493 25.9594 25.5086 34.6069 36.2925 28.8351 27.2051
1175 625 10000 2301 337 1 0 133 151 0.715822 0.7513 2.32411 0 0.578058 0.671744 25.3985 25.0837 27.4891 0 27.0362 26.4014
1175 675 10000 2021 359 2 0 87 136 0.712814 0.848345 1.08733 0 0.696422 0.730303 25.2075 24.3143 34.4857 0 27.4635 24.3285
1175 700 10000 1845 408 2 0 81 137 0.727881 0.760437 0.654054 0 0.66614 0.748157 25.0037 23.4358 40.4366 0 28.4446 24.4325
1175 800 10000 953 345 1 0 43 87 0.749575 0.805773 0.812556 0 0.613884 0.841168 26.0083 22.5743 29.5242 0 29.8023 29.1177
1175 825 10000 764 287 2 1 28 70 0.749252 0.817437 0.447137 0.421102 0.694199 0.823806 25.5006 23.1603 30.5354 110.25 31.6329 25.3873
1175 850 10000 527 249 2 0 15 69 0.740622 0.826977 0.0884551 0 0.920669 0.676172 26.7588 23.0203 485.405 0 29.0385 24.7071
1175 875 10000 392 227 0 0 15 64 0.709486 0.770195 0 0 0.694781 0.766189 27.145 24.2914 0 0 25.3704 24.649
1175 925 10000 160 113 0 1 10 32 0.8086 0.83905 0 0.465464 0.839092 0.746934 25.3095 24.5734 0 104.859 28.5254 26.0327
1175 950 10000 120 76 2 0 10 16 0.795854 0.853229 0.315511 0 0.748618 0.865972 23.6997 27.8252 25.2038 0 23.3024 41.9018
1175 975 10000 102 53 1 0 7 11 0.743266 0.73011 0.210148 0 0.642548 0.84956 23.6614 27.1621 25.3041 0 30.8966 34.8236
1175 1075 10000 24 3 0 0 0 1 0.740395 0.808983 0 0 0 0.654265 30.6616 29.3148 0 0 0 101.131
1175 1125 10000 0 0 0 0 0 0 0 0 0 0 0 0 0 0 0 0 0 0
1200 150 10000 2677 130 2 0 352 123 0.541118 0.645326 1.12003 0 0.427609 0.485451 30.6396 29.2764 31.934 0 32.3154 35.5148
1200 200 10000 2729 164 6 0 316 136 0.556784 0.599871 0.599312 0 0.478544 0.523514 30.7565 31.5492 29.2726 0 32.2739 35.3325
1200 225 10000 2723 149 8 0 273 134 0.562734 0.603006 0.228048 0 0.502481 0.511963 30.0244 32.8774 37.4624 0 32.9204 33.9254
1200 275 10000 2818 179 4 0 296 147 0.580902 0.635601 0.612374 0 0.449699 0.511225 29.2896 30.1424 39.3929 0 31.4833 32.4935
1200 375 10000 2864 179 4 0 223 161 0.596517 0.738975 0.401088 0 0.561991 0.614084 28.6447 28.2292 47.3442 0 31.5585 31.1518
1200 400 10000 2761 214 2 1 260 133 0.620179 0.694069 0.335476 0.360462 0.535338 0.569782 28.4361 28.4376 29.3655 116.228 30.875 30.5883
1200 425 10000 2713 227 3 0 228 165 0.641227 0.707117 1.18732 0 0.521123 0.587486 27.9405 29.157 33.3116 0 29.3963 28.9064
1200 450 10000 2751 205 5 0 214 122 0.645071 0.703184 0.673388 0 0.603346 0.665848 27.8881 29.8361 31.9568 0 30.0362 28.517
1200 475 10000 2805 234 5 1 200 148 0.631195 0.699817 0.437479 0.887517 0.557889 0.613276 27.4606 27.0555 31.4817 49.6622 29.0051 29.8173
1200 550 10000 2561 267 6 0 176 140 0.683369 0.756807 0.479165 0 0.599761 0.697329 26.5213 26.9437 27.0697 0 29.0878 28.2132
1200 575 10000 2595 276 7 2 164 139 0.666621 0.731342 0.392937 0.798288 0.662098 0.714071 26.5252 24.9462 41.0685 45.2794 27.5275 26.9102
1200 600 10000 2463 303 7 1 133 136 0.710003 0.798175 0.628747 0.40926 0.620806 0.672274 26.1091 25.7692 32.1402 104.234 28.1836 26.7967
1200 650 10000 2332 348 1 1 120 142 0.717823 0.734997 1.87603 0.403191 0.686798 0.728601 25.526 24.5697 34.4519 29.6172 26.8835 25.5264
1200 675 10000 2125 356 5 2 116 135 0.717492 0.778861 0.637102 0.605285 0.58796 0.722154 25.2318 24.9119 27.2369 68.2057 27.6208 25.3641
1200 700 10000 1995 377 3 0 103 144 0.727147 0.765382 0.819191 0 0.692306 0.711252 24.8656 23.898 35.7814 0 28.4201 26.3084
1200 725 10000 1924 381 5 2 88 111 0.721051 0.770323 0.449822 0.619956 0.625723 0.75335 24.9152 23.4426 35.5717 74.5871 30.9944 25.2214
1200 750 10000 1711 368 4 1 71 118 0.729583 0.796516 0.678485 1.12389 0.632346 0.748082 24.9284 23.6041 33.3496 60.7304 27.2628 24.066
1200 800 10000 1267 381 3 0 40 102 0.732121 0.842152 0.678316 0 0.835903 0.78845 24.746 24.2929 28.2917 0 28.3977 24.5935
1200 875 10000 527 270 1 1 13 68 0.739063 0.817588 0.346216 0.444649 0.997464 0.697832 26.0822 24.7282 41.9451 101.878 28.4849 28.3208
1200 900 10000 396 198 1 1 16 59 0.714403 0.800072 0.861907 0.418194 0.623734 0.63181 26.0264 24.381 51.2177 143.017 44.4892 27.2769
1200 925 10000 265 170 1 0 12 35 0.763555 0.811491 1.07883 0 0.797947 0.772086 25.8522 25.0353 24.6588 0 31.2009 34.2597
1200 950 10000 165 118 0 0 8 19 0.755472 0.718032 0 0 0.807481 0.866207 24.2582 25.7145 0 0 40.915 26.964
1200 975 10000 143 90 0 1 6 20 0.737857 0.746325 0 0.391836 0.699467 0.724669 24.8428 25.6205 0 134.637 33.5656 28.2661
1200 1025 10000 93 25 0 0 4 7 0.727213 0.872391 0 0 0.609375 0.644068 24.6384 28.9853 0 0 33.4273 37.6734
1200 1100 10000 21 2 0 0 4 0 0.787594 0.429973 0 0 0.494563 0 26.9919 78.2531 0 0 27.9343 0
