125 75 10000 15 17 0 0 4 3 0.942546 0.812951 0 0 1.15887 0.827171 25.6762 28.9918 0 0 46.205 38.0564
150 50 10000 23 21 0 0 12 9 0.840046 0.968382 0 0 0.786109 1.2128 20.9423 28.3898 0 0 29.4485 14.4129
150 75 10000 23 15 0 0 18 10 0.855764 1.07327 0 0 0.753805 0.96262 21.9967 15.5248 0 0 19.4718 20.8568
150 100 10000 23 6 0 0 8 13 0.963426 1.06683 0 0 1.10361 0.680352 14.8435 44.1859 0 0 23.5423 28.8283
175 50 10000 31 30 0 0 13 20 0.973011 0.922194 0 0 0.947862 1.10072 15.2711 26.9298 0 0 17.076 24.5219
175 75 10000 43 31 0 0 13 12 0.748384 0.994309 0 0 0.811177 0.785712 17.8861 24.026 0 0 24.9366 23.6262
175 100 10000 39 26 0 0 18 11 0.914834 0.811888 0 0 0.938493 0.938897 16.8582 24.0191 0 0 13.0652 28.1325
175 125 10000 34 15 0 1 5 6 0.81884 0.744418 0 0.326131 1.36476 0.724529 17.8065 20.8249 0 100.76 23.7121 39.6171
200 75 10000 52 44 0 0 21 12 0.900545 0.895478 0 0 0.984057 1.05928 19.4733 12.3176 0 0 18.1967 47.5172
200 100 10000 42 52 0 0 17 20 1.01905 0.855783 0 0 0.897945 0.862091 21.4778 19.0738 0 0 15.2637 24.6109
200 125 10000 48 24 1 0 15 7 0.885405 0.73838 0.679555 0 0.837369 1.16394 18.4034 33.8811 12.1079 0 21.1866 34.5306
200 150 10000 37 9 0 0 8 1 0.881079 0.955242 0 0 1.00585 1.99093 15.8647 31.375 0 0 45.9472 59.97
225 75 10000 85 98 1 0 21 36 0.925565 0.862723 0.690132 0 1.05149 0.879836 16.2914 13.7399 10.906 0 20.4707 19.9897
225 100 10000 84 69 0 0 20 26 0.869612 0.923118 0 0 0.944519 0.767072 14.5421 21.9825 0 0 23.5509 12.0711
225 150 10000 64 27 1 0 15 11 0.812719 0.709427 0.684881 0 0.883439 0.623314 12.8832 31.3175 10.9388 0 17.1194 22.707
225 175 10000 45 12 0 0 17 7 1.01105 0.980433 0 0 0.749744 0.672017 18.1059 14.3873 0 0 29.3619 12.5031
250 50 10000 115 182 0 0 25 47 0.896124 0.89336 0 0 0.947625 0.903836 17.9047 13.3124 0 0 16.9176 17.8449
250 75 10000 99 124 0 0 38 43 0.918013 0.939584 0 0 0.890305 0.90861 20.6809 18.2025 0 0 19.5032 14.2035
250 100 10000 111 81 0 0 23 30 0.869929 1.06499 0 0 0.95537 0.96693 16.9901 15.6565 0 0 21.2478 15.2001
250 125 10000 97 72 1 0 27 28 0.917026 0.82912 0.679875 0 0.942339 0.914479 18.6671 27.1512 11.398 0 18.5154 12.1279
250 150 10000 85 61 0 1 22 15 0.89644 0.935032 0 0.730048 0.818688 0.97979 14.554 14.8113 0 15.1716 16.7838 23.2501
250 175 10000 71 32 0 0 13 4 0.833704 0.833466 0 0 0.940788 1.44883 13.4618 21.3176 0 0 32.931 42.1359
250 200 10000 47 12 0 0 5 3 0.797501 1.25782 0 0 0.955274 0.849205 15.0302 20.5294 0 0 36.1642 12.7741
275 50 10000 189 229 1 1 28 65 0.93503 0.923457 1.30336 0.726909 0.866782 0.896581 16.1664 20.4688 71.8507 107.78 26.1433 16.807
275 75 10000 173 219 0 2 32 46 0.928704 0.90741 0 0.425957 0.920223 0.942017 17.3178 17.1521 0 127.968 22.0256 20.1392
275 100 10000 170 159 0 1 37 43 0.889702 0.892587 0 0.471971 0.888273 0.851026 15.5241 15.9841 0 100.784 16.0822 20.4218
275 125 10000 153 136 1 1 31 26 0.888636 0.896544 0.833569 0.686275 0.990327 0.910846 17.0791 16.7618 9.09359 107.767 12.9915 34.0846
275 150 10000 128 97 1 2 27 34 0.947934 0.804481 0.80163 1.03072 0.950979 0.794417 13.9287 13.479 50.7661 43.1336 17.2304 12.4097
275 175 10000 104 62 1 0 23 24 0.860905 0.906415 0.680348 0 0.946615 1.03413 20.5152 15.038 10.4692 0 23.3371 17.3087
275 225 10000 58 8 0 0 11 3 0.79561 0.853838 0 0 0.603316 0.932852 16.3429 33.1236 0 0 41.8509 41.1449
300 50 10000 303 378 0 0 33 81 0.929352 0.940504 0 0 0.956497 0.816862 18.8975 14.2298 0 0 19.576 24.6654
300 75 10000 271 311 0 0 41 64 0.886477 0.908494 0 0 0.927557 0.91885 15.9227 14.9112 0 0 18.4403 15.8178
300 100 10000 234 267 3 0 28 43 0.900736 0.886792 0.842083 0 0.949689 0.957633 14.8923 16.1118 12.2181 0 21.0348 20.9689
300 125 10000 185 165 0 1 44 48 0.89973 0.897692 0 0.677462 0.806667 0.961076 14.9956 18.7504 0 140.271 19.1371 16.3304
300 150 10000 183 124 0 0 43 48 0.94773 0.903497 0 0 0.851728 0.784236 14.7601 18.0846 0 0 18.7258 14.1109
300 175 10000 133 110 0 0 34 28 0.858838 0.854092 0 0 0.946688 0.986541 18.7637 14.5543 0 0 18.0501 14.8584
300 200 10000 112 72 1 0 20 13 0.891179 0.918726 0.746735 0 1.02934 1.24471 15.6596 14.1538 10.6209 0 20.9533 35.7624
300 225 10000 96 33 0 1 12 6 0.932912 0.921383 0 0.677005 1.0019 1.20294 17.1993 14.5894 0 100.562 32.78 17.916
300 250 10000 48 13 0 0 11 7 0.968586 0.849287 0 0 0.739169 0.736572 16.5474 19.2924 0 0 16.2983 22.8628
325 50 10000 464 509 0 0 67 111 0.918219 0.905323 0 0 0.932122 0.908083 17.3004 12.8932 0 0 19.8053 18.669
325 75 10000 392 458 0 2 66 83 0.915729 0.921711 0 1.13201 0.811732 0.983283 18.183 13.5333 0 11.0774 20.0918 13.8514
325 100 10000 359 387 2 0 62 71 0.920592 0.903319 1.1881 0 0.904153 0.935827 15.7668 13.7068 11.8281 0 13.1802 18.9372
325 125 10000 290 296 1 1 45 54 0.887046 0.887335 0.82581 0.731093 0.915251 0.903488 14.6724 13.5087 10.0135 10.713 16.3911 17.9035
325 150 10000 217 215 2 0 46 55 0.887303 0.943535 0.554953 0 0.945099 0.799887 16.8919 13.4249 15.8491 0 15.9043 24.9213
325 175 10000 174 135 1 0 31 28 0.900296 0.910437 1.43405 0 0.96277 1.09762 12.9693 17.8495 14.0586 0 13.8634 26.1245
325 200 10000 172 116 2 2 35 25 0.894995 0.871196 0.825463 0.566893 0.862737 0.994756 14.4216 16.4658 43.3699 63.2286 16.8407 25.7089
325 225 10000 132 71 0 1 28 23 0.897985 0.93391 0 0.659228 0.909903 0.895219 15.5423 24.4456 0 10.7737 19.2998 26.1896
325 250 10000 104 46 1 0 17 11 0.930194 0.841205 0.760621 0 0.861835 0.619432 14.0386 16.4526 101.003 0 29.4959 39.5614
325 275 10000 52 15 1 0 8 3 0.978229 0.781838 0.0543088 0 0.850017 0.984933 16.7083 17.8801 100.288 0 24.9574 27.358
350 50 10000 675 654 3 2 76 135 0.935285 0.937886 0.862675 0.751371 0.905206 1.02198 16.4114 12.3318 51.4274 70.0739 17.5495 12.2878
350 75 10000 599 624 2 0 68 117 0.917053 0.920017 0.740551 0 0.994975 0.840537 16.2089 13.4364 11.3413 0 14.136 16.6248
350 125 10000 438 378 2 3 75 72 0.95041 0.90027 1.05213 0.632299 0.858826 0.957223 14.6342 14.4931 46.4242 49.7676 16.9984 16.5403
350 150 10000 359 299 2 0 43 55 0.909772 0.89679 0.654749 0 0.986992 1.02387 16.4227 15.3323 48.6709 0 18.7829 16.2301
350 175 10000 291 223 5 0 59 35 0.923176 0.889357 0.780507 0 0.873105 0.998926 15.0146 12.7463 24.0525 0 16.0982 16.0661
350 200 10000 255 177 1 0 38 28 0.830419 0.849916 0.679294 0 0.955831 0.919403 14.6466 17.1076 145.038 0 15.1366 14.2071
350 225 10000 171 107 1 2 28 22 0.901868 0.879444 1.61266 0.779428 0.908364 0.943761 17.2576 19.5964 63.9626 49.7629 20.0176 17.2096
350 250 10000 149 61 0 0 20 15 0.931188 0.843516 0 0 1.04751 0.900305 16.1916 17.0699 0 0 13.8047 18.5
350 275 10000 116 36 4 1 16 11 0.803458 0.919221 0.58798 0.43568 0.901069 0.807764 14.5303 16.1826 29.9418 305.89 23.0723 30.4512
350 300 10000 53 9 0 0 6 1 0.944742 0.945429 0 0 0.91624 2.96328 15.4404 37.6272 0 0 29.9783 14.6013
375 50 10000 920 837 8 0 98 159 0.91248 0.931789 0.863848 0 0.957951 0.909668 15.8689 11.0279 10.8716 0 15.347 11.0542
375 75 10000 869 789 3 0 89 145 0.888604 0.915965 0.447182 0 0.898408 0.881239 16.4325 11.1784 17.0008 0 16.3554 11.6129
375 100 10000 745 685 0 0 79 136 0.907367 0.93228 0 0 0.893734 0.907502 16.6631 11.4706 0 0 21.7813 13.9757
375 125 10000 608 575 3 2 72 104 0.904892 0.920282 0.716351 1.26206 0.923035 0.908742 16.0232 11.5718 35.4783 36.277 18.7526 19.4816
375 150 10000 533 450 3 1 51 93 0.905121 0.897699 1.06653 0.76691 1.01077 0.929713 14.5695 14.1195 12.3583 18.4187 16.046 14.504
375 175 10000 373 362 2 1 63 61 0.890134 0.911072 0.797876 0.742977 0.860761 0.901393 14.3547 11.81 10.8751 10.527 15.4058 14.113
375 200 10000 314 231 1 0 49 58 0.905462 0.953613 0.850604 0 0.862405 0.914608 16.1839 12.3027 9.40239 0 20.2431 23.06
375 225 10000 238 179 1 0 59 26 0.8873 0.873605 1.43511 0 0.874544 1.14156 15.0749 16.1205 16.1802 0 17.0429 21.3051
375 250 10000 240 111 1 2 43 28 0.881304 0.883575 0.596675 0.663101 0.899949 1.03075 15.1856 13.6366 11.3032 46.6565 11.9788 24.2615
375 275 10000 175 64 1 0 29 24 0.893798 0.868663 0.708151 0 0.875151 0.984234 13.9265 19.2503 10.6417 0 15.2154 17.1512
375 300 10000 94 39 0 0 15 15 0.993078 0.832549 0 0 1.00584 0.939524 16.5968 19.7767 0 0 26.2774 33.174
375 325 10000 55 12 0 0 8 6 0.849156 0.865967 0 0 0.775604 0.635023 13.9031 19.9991 0 0 31.9644 20.8054
400 50 10000 1308 919 3 5 149 207 0.921181 0.931923 0.61375 0.647453 0.892108 0.939106 12.9611 10.5833 37.1107 59.527 14.2689 13.3338
400 75 10000 1155 869 4 1 113 187 0.907277 0.928462 0.830074 0.834814 0.830309 0.940448 14.4944 10.7591 26.8938 100.587 21.0792 14.9426
400 100 10000 991 801 1 2 114 153 0.925812 0.922162 0.828001 1.51594 0.914848 0.943868 15.3247 10.4286 87.4508 37.3721 14.4614 13.3553
400 125 10000 928 782 4 0 95 141 0.908197 0.911259 0.908007 0 0.846388 0.934267 16.3855 11.3469 10.8793 0 14.2866 15.2408
400 150 10000 740 576 3 5 66 117 0.897964 0.916909 1.06191 0.794868 0.930676 0.930239 17.9999 11.5796 9.98294 29.6518 17.5628 11.4332
400 175 10000 565 477 2 2 74 80 0.901455 0.908011 0.776619 1.17367 0.858292 0.87262 16.1732 12.7358 75.776 48.7499 18.6085 12.5344
400 200 10000 454 339 3 0 54 69 0.897592 0.89833 0.749482 0 0.902027 0.866627 14.7963 13.6759 11.5624 0 15.479 11.9386
400 225 10000 369 240 1 0 45 55 0.88389 0.941811 0.817914 0 0.943951 0.745002 15.8912 14.9681 84.737 0 15.7188 23.7565
400 250 10000 265 166 2 0 43 52 0.925097 0.854459 0.667753 0 0.891301 0.775296 14.6299 13.249 9.83344 0 17.8948 20.9033
400 275 10000 221 112 0 0 50 22 0.917968 0.882503 0 0 0.81967 1.1671 15.2687 13.8992 0 0 13.5952 19.8711
400 300 10000 171 54 0 0 31 23 0.918651 0.994443 0 0 0.854687 0.838554 13.3779 14.5497 0 0 20.6416 16.761
400 325 10000 107 46 0 0 20 4 0.877719 0.864509 0 0 0.841911 0.723385 15.2694 20.1642 0 0 17.2831 109.835
400 350 10000 55 11 0 0 10 6 0.828338 0.906116 0 0 0.70539 0.580139 15.5159 24.5805 0 0 20.0228 40.3481
425 50 10000 1651 985 6 4 150 236 0.904068 0.950779 0.851869 0.992664 0.907606 0.912136 12.8308 10.8813 18.882 62.0455 23.1626 11.4138
425 75 10000 1491 1014 4 2 164 215 0.92004 0.918075 0.775091 0.719462 0.859595 0.870225 12.7932 10.1448 10.3387 13.6551 15.6056 13.1544
425 100 10000 1365 1019 7 0 141 174 0.903056 0.919826 0.762354 0 0.956832 0.980145 13.8724 10.8808 18.203 0 15.6573 12.5137
425 125 10000 1213 892 1 0 109 125 0.90872 0.913506 1.30861 0 0.909904 1.01324 14.1867 11.3167 14.1104 0 15.1092 20.3152
425 150 10000 983 743 5 1 90 122 0.910938 0.923284 0.715431 0.831134 0.965132 0.876627 14.9613 12.1058 26.3419 13.6316 18.6025 17.7541
425 200 10000 627 463 2 2 71 83 0.933471 0.894451 0.808821 0.8093 0.883864 0.891919 13.4726 14.076 48.5695 45.8949 16.739 19.6468
425 250 10000 398 251 2 3 48 45 0.883205 0.874861 0.841782 0.738292 0.890474 0.84437 13.7379 13.3134 51.7113 26.3307 14.7248 20.4076
425 325 10000 182 62 0 0 33 15 0.934992 0.875676 0 0 0.879987 0.99551 14.2449 16.8435 0 0 20.0847 16.8709
425 350 10000 117 39 0 1 16 9 0.878444 0.9544 0 1.14099 0.850317 0.804674 14.1933 21.864 0 12.5207 27.8657 34.8733
425 375 10000 59 13 0 0 7 6 0.784556 0.612996 0 0 0.887291 0.565421 22.3987 36.7115 0 0 19.6615 55.1853
450 50 10000 1995 1078 7 1 193 249 0.918032 0.923489 0.912473 0.738255 0.948894 0.90338 11.9821 9.55918 27.1272 33.921 12.9457 14.0933
450 75 10000 1822 999 5 3 176 223 0.92836 0.92075 0.788258 1.60288 0.908933 0.903549 12.6684 10.8222 29.5353 34.1513 14.6332 12.351
450 100 10000 1674 1077 5 6 168 204 0.934469 0.916668 0.761928 0.928441 0.923782 0.933687 12.4735 9.7767 25.1719 18.8632 15.6939 12.2782
450 150 10000 1375 896 6 4 121 138 0.903655 0.937919 0.896617 0.605876 0.891796 0.984736 13.0872 11.3036 17.5875 30.0042 21.4979 14.3862
450 175 10000 1226 763 6 1 110 128 0.913873 0.915205 1.02332 1.58525 0.877226 0.917815 14.1361 10.9942 15.5483 47.4901 16.2268 11.9089
450 225 10000 710 509 1 2 53 97 0.897009 0.927451 0.595655 0.772901 0.871497 0.872111 15.2 13.3904 12.2318 48.6567 16.5512 14.3708
450 250 10000 519 385 2 2 65 55 0.900111 0.861892 1.07469 0.827192 0.930419 0.967304 15.3575 14.0931 50.403 69.9491 14.7683 20.7393
450 275 10000 403 266 1 2 61 48 0.892364 0.917842 0.434895 0.671174 0.867929 0.998924 14.1716 13.6941 174.744 45.9402 16.5675 18.3048
450 300 10000 324 175 1 0 47 36 0.911685 0.850859 1.27829 0 0.840842 0.920186 13.6238 13.5346 14.9073 0 16.6832 12.9284
450 325 10000 239 109 1 0 29 28 0.927052 0.914701 1.44812 0 1.05976 0.893935 13.6404 16.5534 87.49 0 17.5718 20.8851
450 350 10000 187 75 2 0 29 13 0.908283 0.866477 0.967273 0 0.931497 1.19908 15.4288 18.486 13.5738 0 21.8254 13.2858
450 375 10000 124 27 0 0 14 9 0.878062 0.938412 0 0 1.00849 0.750243 15.948 13.2906 0 0 25.0812 19.3885
450 400 10000 61 13 0 0 12 2 0.900459 0.792517 0 0 0.634888 0.92076 16.7554 26.3058 0 0 19.2901 76.6685
475 50 10000 2295 1098 6 4 245 268 0.914589 0.932377 0.835977 1.15685 0.903677 0.930493 11.7037 9.56404 24.9403 25.8879 14.5474 11.0929
475 75 10000 2219 1155 4 4 235 261 0.915119 0.90956 0.78255 0.587847 0.878948 0.928603 11.4865 9.6329 11.3468 74.7716 14.9925 12.63
475 100 10000 2044 1063 7 2 206 275 0.921712 0.914796 0.819999 1.14146 0.875469 0.908983 11.7592 9.43565 27.5981 65.2024 15.1474 12.3051
475 125 10000 1969 1013 6 2 172 226 0.91922 0.92859 0.798903 0.691423 0.93549 0.90997 11.9609 9.50998 38.3903 130.319 13.799 11.4077
475 150 10000 1738 983 13 4 157 211 0.916805 0.914839 0.762783 0.872478 0.903682 0.924561 12.2632 9.3753 16.4832 25.7838 14.3196 12.0982
475 175 10000 1520 895 1 0 145 153 0.898731 0.922365 1.67304 0 0.921468 0.964042 12.9632 10.7448 49.9392 0 12.5133 13.6318
475 200 10000 1243 789 1 2 117 132 0.901978 0.915334 0 1.74094 0.889348 0.907009 14.1058 10.4975 1.1303e+08 47.8999 15.8311 10.8038
475 225 10000 1005 659 2 4 91 121 0.900721 0.905215 1.17673 0.723633 0.869252 0.889964 15.549 10.2355 52.1593 32.6143 22.2854 10.8215
475 325 10000 307 161 4 0 40 35 0.926458 0.912521 0.773224 0 0.84885 0.901137 15.0706 14.8958 13.4377 0 14.6013 23.999
475 375 10000 194 68 1 0 25 12 0.890295 0.823501 0.713463 0 0.837647 0.878864 14.5207 16.3558 12.78 0 12.8013 20.757
475 400 10000 128 28 1 0 9 9 0.915032 0.988864 1.17901 0 0.862086 0.810914 14.4861 22.6169 39.5096 0 39.392 22.042
475 425 10000 60 7 2 0 7 3 0.759494 0.959525 0.608124 0 1.06345 1.16054 19.7882 40.3964 22.318 0 21.8709 22.2514
500 50 10000 2626 1091 7 0 298 303 0.920148 0.934224 0.725452 0 0.889041 0.930388 11.1903 9.56445 15.0117 0 13.9662 10.6125
500 75 10000 2584 1095 8 4 251 265 0.912497 0.950997 0.713589 0.710867 0.901167 0.955881 11.265 9.97784 27.2236 19.2901 12.5841 13.4493
500 100 10000 2551 1102 6 0 226 274 0.904381 0.931865 0.90679 0 0.908649 0.913458 11.5298 9.34463 10.6928 0 14.1306 15.5234
500 125 10000 2359 1068 8 3 181 261 0.915971 0.916085 0.914927 0.764437 0.913192 0.928718 11.782 9.79902 24.3565 39.5661 17.5299 12.4019
500 150 10000 2179 1093 5 3 194 207 0.915364 0.917967 1.14096 0.826227 0.8939 0.942346 12.1507 9.86214 17.1426 35.032 13.423 11.2782
500 175 10000 1941 1020 8 1 168 201 0.912159 0.919825 0.695929 1.55433 0.88506 0.918933 12.4097 11.2062 19.9357 46.1866 12.8602 11.167
500 200 10000 1693 928 5 1 152 160 0.907274 0.917292 0.756187 0.841582 0.871164 0.906296 12.3833 10.8888 24.074 140.75 15.3592 13.9924
500 225 10000 1309 818 3 1 116 137 0.927519 0.908423 0.996499 1.64562 0.880655 0.846042 13.4135 10.3021 36.3757 62.8207 13.0561 14.5349
500 250 10000 1035 655 1 0 102 139 0.926158 0.897975 0.492931 0 0.874791 0.883011 14.4078 13.0759 14.3472 0 17.9782 16.8066
500 300 10000 556 369 1 0 67 78 0.923456 0.894482 1.35935 0 0.896544 0.886497 15.5421 12.4222 15.2724 0 14.55 15.0443
500 325 10000 440 269 1 2 62 56 0.886149 0.920682 0.737704 0.675909 0.88959 0.843505 13.5831 16.8817 95.4805 75.7312 16.4759 17.1047
500 350 10000 364 180 3 0 44 34 0.897062 0.909841 0.969545 0 0.874916 0.938621 14.2888 16.1593 15.5428 0 19.6454 17.6083
500 375 10000 259 123 0 0 41 30 0.947058 0.920512 0 0 0.950837 0.959984 14.56 15.036 0 0 14.0374 14.5338
500 425 10000 147 35 0 0 12 13 0.853369 0.867027 0 0 1.01257 0.867008 17.0276 22.8229 0 0 21.0933 23.6212
500 450 10000 64 11 0 0 8 2 0.921165 1.03319 0 0 0.884226 0.749787 17.9605 20.5988 0 0 16.6261 44.7668
525 50 10000 2807 1123 8 8 355 327 0.921182 0.937106 0.950721 1.00353 0.872817 0.908427 11.0546 9.60149 12.4302 14.4392 13.1743 10.485
525 75 10000 2930 1104 9 3 324 317 0.912063 0.934184 0.871911 0.796236 0.874135 0.911474 11.0291 9.84068 17.1669 51.5795 15.5156 10.1306
525 100 10000 2812 1099 10 0 285 315 0.911489 0.929959 0.843109 0 0.875481 0.893736 10.8968 10.2856 10.3228 0 15.9648 13.3481
525 150 10000 2494 1068 6 2 239 241 0.922633 0.928485 0.853995 0.809985 0.883131 0.895277 11.1257 9.44907 17.4452 64.6855 12.6696 11.4741
525 175 10000 2310 1055 4 0 224 225 0.909797 0.911057 0.726207 0 0.920774 0.902334 12.0555 9.2175 32.0538 0 13.6287 16.432
525 200 10000 2056 972 3 2 154 195 0.921846 0.925806 1.08892 1.14416 0.893612 0.915783 12.2077 9.69398 65.8208 72.6354 14.5587 11.4171
525 225 10000 1702 963 7 3 137 156 0.92733 0.910871 0.846844 0.820696 0.881537 0.868933 12.7164 10.2297 11.3754 10.4792 17.9801 16.4695
525 250 10000 1468 787 4 2 146 140 0.917763 0.916977 0.904425 0.84518 0.872872 0.962651 13.4828 10.7216 34.7914 73.5106 16.8832 13.3126
525 275 10000 1117 644 3 3 98 122 0.904728 0.934199 1.10289 1.0323 0.894494 0.950389 14.4177 12.2103 35.5229 36.5645 15.0455 13.816
525 300 10000 852 522 2 1 65 97 0.897285 0.916435 1.36503 0.852828 0.915529 0.893694 13.9468 12.7358 40.8699 125.721 19.2339 16.7515
525 325 10000 638 390 4 0 64 80 0.904597 0.899382 1.35746 0 0.947026 0.90578 14.8284 12.2159 10.6019 0 24.2655 19.8951
525 375 10000 397 185 2 0 44 27 0.910286 0.943661 0.684753 0 0.925892 0.899461 13.8206 13.7825 129.376 0 13.495 14.3177
525 425 10000 217 58 2 0 18 15 0.910821 0.971073 0.769595 0 0.973963 0.780525 14.7339 14.2787 13.7295 0 24.8423 24.1594
525 450 10000 149 34 1 0 16 12 0.890573 0.819271 0.552626 0 0.812597 0.852869 17.6499 15.1459 13.1881 0 28.9986 24.8095
525 475 10000 66 15 0 0 9 2 0.875445 0.708279 0 0 0.650039 1.41686 16.4293 18.7177 0 0 21.9901 63.4024
550 50 10000 3225 1107 5 3 359 343 0.916955 0.927822 0.909602 1.40595 0.927461 0.9184 10.8974 10.4573 38.2244 21.4903 13.2626 11.0432
550 75 10000 3141 1105 11 4 361 343 0.92501 0.934379 0.864092 1.03554 0.878906 0.897304 10.6817 9.94811 20.2031 29.2004 12.7637 12.2931
550 125 10000 2998 1085 7 7 295 285 0.921822 0.933452 1.0821 0.735078 0.860942 0.913136 11.0386 9.53932 17.0134 20.4973 12.5424 10.2906
550 150 10000 2908 1051 13 2 291 259 0.923494 0.94721 0.86547 0.841206 0.887106 0.897155 11.3078 9.79758 13.4324 41.3763 12.8748 14.2615
550 175 10000 2702 1013 6 3 273 260 0.924305 0.953861 0.851002 0.783545 0.888384 0.924875 11.2035 9.52604 12 49.7963 13.9744 10.1216
550 200 10000 2505 1041 6 0 209 224 0.9076 0.933353 0.778996 0 0.942762 0.908341 11.2799 9.99076 35.6015 0 12.8207 12.0832
550 225 10000 2146 985 5 1 169 199 0.916732 0.909662 1.19447 0.849176 0.882716 0.957826 11.8193 10.3471 24.9384 153.833 14.8723 12.9593
550 250 10000 1748 912 5 2 143 173 0.91191 0.93193 0.990849 0.869649 0.909438 0.927452 12.4837 10.7055 35.6217 91.2737 16.1245 11.4436
550 275 10000 1444 833 6 1 128 131 0.892543 0.912269 0.951333 0.737447 0.854351 0.908438 13.9777 12.0914 16.2418 19.0188 15.6719 15.0291
550 325 10000 888 506 4 0 74 72 0.922205 0.920556 0.773866 0 0.883257 0.958077 13.483 12.4799 10.8507 0 18.2622 14.6792
550 350 10000 630 414 2 4 73 64 0.891844 0.922708 1.14241 0.914181 0.867859 0.979745 14.5931 13.1791 74.2304 24.3013 21.3799 14.5293
550 375 10000 477 262 0 0 62 46 0.891963 0.895693 0 0 0.90284 0.882659 15.8842 13.9483 0 0 15.1323 14.1386
550 400 10000 401 165 1 0 43 39 0.929403 0.94954 0.851064 0 0.898408 0.880546 15.091 14.0636 11.0148 0 14.1912 11.2194
550 450 10000 231 56 2 0 41 16 0.883919 0.988574 0.414506 0 0.906203 0.801653 14.9449 16.8294 92.1325 0 15.204 18.6922
550 475 10000 114 29 1 1 22 6 0.900832 0.880909 0.71254 0.433854 0.828824 0.934295 18.0988 24.633 13.1172 18.4096 22.7798 30.4949
550 500 10000 58 10 1 0 12 3 0.915915 0.963095 0.927975 0 0.648768 0.882459 22.4861 18.5691 13.8372 0 40.6125 22.9948
575 50 10000 3448 1058 8 2 404 355 0.919685 0.926385 1.05042 0.415541 0.886449 0.912197 10.596 10.167 14.342 201.639 13.3351 11.0167
575 75 10000 3389 1040 8 5 359 334 0.931687 0.923824 0.917143 1.31437 0.895669 0.893937 10.5326 10.2492 19.434 28.3302 12.1025 10.5946
575 100 10000 3381 1065 7 2 361 272 0.922347 0.922043 0.96003 0.818394 0.915855 0.923915 10.5096 9.86117 15.6139 45.2449 12.5741 11.7145
575 125 10000 3340 1061 9 1 338 309 0.931057 0.930191 0.754153 2.17517 0.896794 0.904414 10.4022 10.2502 26.1845 73.9364 13.2138 11.0677
575 150 10000 3205 1034 6 5 313 313 0.921766 0.922918 1.32015 0.833889 0.893892 0.909202 10.6474 9.72008 18.3336 59.4288 14.1559 11.802
575 200 10000 2842 1040 8 3 266 238 0.917563 0.938883 0.76662 0.810769 0.890909 0.899892 11.001 9.29329 14.1751 49.2541 14.7406 13.8555
575 225 10000 2592 1031 10 5 211 217 0.918952 0.946462 0.902487 1.06161 0.915458 0.908874 11.3214 9.36115 9.86606 10.5977 14.3552 13.2231
575 250 10000 2252 974 7 2 168 206 0.914499 0.91835 0.815612 0.75332 0.942885 0.938628 12.0766 9.52064 21.7776 56.4787 15.6114 13.465
575 375 10000 705 377 3 1 58 69 0.894557 0.886578 0.976944 0.701534 1.00314 0.968022 14.4012 13.3695 14.9592 18.98 17.579 19.2583
575 400 10000 515 269 2 0 48 47 0.922425 0.86323 1.13853 0 0.87421 0.845181 15.3292 14.5072 10.9666 0 14.7753 16.7772
575 450 10000 288 124 0 1 40 16 0.852028 0.931806 0 0.808484 0.822671 1.01541 15.1281 20.5093 0 89.566 17.3818 17.3625
575 475 10000 198 83 1 0 30 18 0.936169 0.786751 0.54707 0 0.77375 1.02056 16.5359 16.5058 11.7739 0 18.4215 18.4217
575 525 10000 60 5 0 0 6 0 0.888014 1.43491 0 0 0.668446 0 17.2696 28.5288 0 0 33.5329 0
600 75 10000 3622 1066 13 3 383 351 0.922189 0.918909 0.857505 0.480227 0.880127 0.903724 10.6257 10.312 14.7711 61.6779 14.4729 10.7242
600 100 10000 3685 1043 9 4 373 311 0.918223 0.940493 0.897328 0.473555 0.901346 0.916243 10.532 10.7688 16.0851 47.5452 11.3539 13.5446
600 125 10000 3508 1048 12 4 363 313 0.913288 0.950823 0.868338 0.807847 0.883215 0.922285 10.7462 10.3897 24.8405 38.5442 12.9676 10.4468
600 150 10000 3442 1063 6 1 364 259 0.922213 0.94657 0.925598 0 0.90304 0.910779 10.4434 9.5807 31.9224 1.20289e+08 12.8737 10.9264
600 175 10000 3396 1015 13 4 314 271 0.919101 0.928955 0.754918 1.08741 0.897524 0.925029 10.49 9.65838 13.69 30.2117 12.1031 11.4106
600 200 10000 3135 1058 10 1 291 271 0.92807 0.939347 0.804903 0.674288 0.905606 0.936871 10.6582 9.59372 11.8282 121.519 14.5132 10.322
600 225 10000 2955 1000 4 2 259 252 0.918092 0.920307 0.828315 0.866951 0.916618 0.920863 10.9956 9.51768 26.3069 97.5669 13.9993 10.8712
600 250 10000 2717 984 6 2 221 216 0.9186 0.932234 0.805812 1.15509 0.902903 0.950316 11.3897 9.7636 30.4528 34.4601 15.4155 12.7092
600 275 10000 2433 1018 6 5 186 176 0.912235 0.929982 0.861186 0.965484 0.875378 0.917102 11.9461 9.51634 29.5885 57.6574 16.8454 12.5057
600 300 10000 2063 914 4 5 166 158 0.918114 0.91562 0.912391 0.858119 0.917058 0.89505 12.0308 9.50951 31.0954 17.0154 15.3806 13.5797
600 325 10000 1619 812 2 4 124 134 0.919528 0.911259 1.12175 0.832166 0.905785 0.924253 13.0198 10.6863 38.3373 25.0146 16.947 12.7636
600 350 10000 1300 713 3 3 85 125 0.909177 0.902108 0.769607 1.02139 0.851484 0.890747 13.5993 10.3672 42.8256 66.9405 16.4376 14.5172
600 400 10000 714 392 2 3 63 67 0.912242 0.919653 1.52493 0.826718 0.91481 0.878431 13.8867 12.8028 30.9878 47.6654 13.5877 16.5099
600 425 10000 522 287 3 1 54 50 0.933618 0.927657 1.00496 0.818309 0.894225 0.948265 14.8631 12.478 14.6332 10.4311 22.3088 11.3038
600 450 10000 377 166 2 0 60 33 0.917925 0.916583 1.15757 0 0.844168 0.872074 14.9835 16.7234 17.193 0 13.8887 22.6729
600 475 10000 325 98 0 1 41 26 0.882689 0.93864 0 0.700005 0.957155 0.978954 14.4053 20.195 0 15.5589 15.1927 16.0251
600 525 10000 124 32 1 0 21 7 1.00494 0.802221 0.546954 0 0.70728 1.05886 16.6445 20.0347 12.1208 0 20.3657 40.0419
600 550 10000 53 7 0 0 7 1 0.926707 1.11355 0 0 0.645647 1.41821 20.1494 30.3613 0 0 38.9162 105.839
625 50 10000 3828 977 9 5 488 375 0.905122 0.928978 0.85859 0.800339 0.896399 0.904217 10.6044 11.3984 14.8459 24.1368 12.1468 11.3984
625 75 10000 3885 952 14 3 456 344 0.918316 0.938381 0.868274 0.779796 0.900066 0.936024 10.4975 10.7132 13.5018 42.8568 13.0978 11.5109
625 100 10000 3815 985 17 10 484 324 0.922742 0.934194 0.827769 0.754352 0.884841 0.907031 10.4261 10.5309 14.892 20.7268 12.5355 13.6079
625 125 10000 3829 952 14 1 432 309 0.92646 0.943433 1.03268 2.1976 0.899685 0.887225 10.4594 10.8832 12.1053 36.0936 13.8536 11.2349
625 150 10000 3819 1033 8 4 363 293 0.926925 0.93995 1.04551 1.00763 0.948807 0.918454 10.3754 10.2617 10.8276 21.0611 12.7063 12.5181
625 175 10000 3609 1059 11 4 391 280 0.926498 0.936901 0.966617 0.592624 0.890751 0.933296 10.4017 10.4623 22.1878 67.7171 13.5637 11.4111
625 200 10000 3500 1020 7 3 295 275 0.923443 0.92817 0.677336 0.793887 0.882929 0.93503 10.5366 9.6087 12.1158 33.8152 12.1409 10.7591
625 225 10000 3282 1028 11 3 263 256 0.928469 0.917939 0.758165 1.10554 0.879949 0.910667 10.9498 10.8049 23.7331 30.3431 14.1849 12.3405
625 275 10000 2786 1041 11 1 223 237 0.913367 0.931677 0.845104 0.925425 0.916796 0.937005 11.2934 9.77038 12.0964 77.5434 12.7786 11.342
625 300 10000 2472 946 5 4 187 175 0.928573 0.932239 0.891779 0.941732 0.897222 0.93308 11.6705 9.9096 11.2158 23.8106 15.8605 11.3676
625 325 10000 2167 924 6 5 162 191 0.905889 0.929846 0.778696 0.909628 0.879685 0.895506 12.1304 10.1509 37.7556 24.7287 13.369 12.2322
625 350 10000 1646 787 5 1 122 128 0.912314 0.938493 1.08996 1.48808 0.882576 0.941553 13.2282 10.7107 16.4111 58.8427 15.1757 13.3967
625 375 10000 1309 672 5 6 107 82 0.899006 0.901407 1.04632 0.89371 0.899407 1.02516 12.9746 12.2695 44.6333 48.39 16.5698 16.254
625 400 10000 946 551 2 2 80 81 0.912602 0.906299 0.685969 1.01606 0.922429 0.981933 14.3323 11.7425 52.8315 43.0478 15.8245 17.5496
625 500 10000 299 128 1 1 31 16 0.895956 0.794397 1.3691 0.844142 0.92605 0.758301 16.5943 17.1079 12.6642 104.784 14.4729 37.6812
625 525 10000 239 70 0 0 29 15 0.889581 0.766406 0 0 0.782671 0.864832 17.0338 14.62 0 0 21.5183 21.3219
625 575 10000 47 9 0 0 1 3 1.02391 0.898963 0 0 2.79762 1.08027 18.0902 26.2649 0 0 35.1953 32.4561
650 50 10000 4137 863 5 2 531 372 0.913632 0.931132 0.950305 1.6397 0.870818 0.895008 10.5578 12.0268 17.2182 37.8467 12.3133 10.9887
650 75 10000 4105 861 5 1 521 378 0.913228 0.943542 1.09632 1.43687 0.887965 0.90241 10.4467 10.9568 23.8752 96.6924 11.9613 11.4401
650 100 10000 4041 987 11 2 471 362 0.914213 0.915751 0.878129 0.393325 0.869071 0.931161 10.6166 10.8482 17.3237 232.629 12.7444 11.8747
650 125 10000 4070 970 9 2 439 379 0.921071 0.936883 0.780586 0.773377 0.885187 0.871609 10.4486 12.3403 19.375 46.8061 12.5297 10.7235
650 150 10000 3977 916 6 3 462 309 0.920717 0.936792 0.812347 0.836638 0.899647 0.913583 10.4693 10.5649 11.8723 48.472 12.1014 10.6126
650 200 10000 3840 959 10 5 335 258 0.915959 0.922144 0.730245 0.67782 0.895854 0.928201 10.3383 10.1166 33.8268 27.3704 13.3713 13.0641
650 300 10000 2865 991 7 3 228 193 0.915212 0.934086 0.937985 0.766317 0.905386 0.909822 11.0209 9.39366 17.1424 33.0267 15.6201 12.4924
650 325 10000 2544 961 5 1 188 200 0.912601 0.935722 0.850419 0.658566 0.886673 0.927929 11.6535 9.8116 13.0744 13.0966 12.607 11.3492
650 375 10000 1746 840 4 2 128 127 0.897179 0.929036 0.688995 1.29583 0.919786 0.975199 13.6656 11.2371 15.3164 36.8535 15.1566 13.7552
650 425 10000 949 543 5 0 75 84 0.90132 0.914116 0.800804 0 0.958862 1.02252 14.9041 12.223 28.0685 0 17.9405 14.9011
650 500 10000 393 181 3 1 55 26 0.906917 0.893342 0.753691 1.48844 0.930936 0.973141 15.8585 16.097 12.1914 10.9022 14.5076 29.581
650 525 10000 320 126 1 0 35 19 0.924695 0.908342 1.53037 0 0.793973 0.929537 17.1176 15.0291 14.5972 0 15.4213 30.0202
650 550 10000 207 62 0 0 27 16 0.898991 0.856653 0 0 0.984708 0.844453 17.0468 23.5226 0 0 17.5147 13.543
650 575 10000 117 29 1 0 9 10 0.930929 0.932696 1.10392 0 0.983524 0.640784 19.1673 22.3045 77.8934 0 15.3164 23.977
650 600 10000 52 12 0 0 8 4 1.03464 0.602548 0 0 0.800877 0.762238 20.773 17.2492 0 0 15.6378 50.8859
675 50 10000 4192 863 18 1 581 374 0.91379 0.913621 0.795399 1.70736 0.860643 0.887761 10.6706 10.9333 12.339 47.6591 12.4188 11.729
675 75 10000 4317 912 10 2 514 398 0.903076 0.907947 0.900875 0.77233 0.892003 0.890714 10.5698 10.6431 24.0025 48.4992 12.9522 11.1207
675 100 10000 4234 848 10 1 545 346 0.918181 0.927384 0.841461 0.826995 0.889476 0.914719 10.4355 11.6299 16.4615 157.913 12.1842 11.2437
675 125 10000 4214 902 17 5 505 333 0.914078 0.930915 0.764496 0.803093 0.866231 0.912165 10.4755 10.9091 17.114 12.4225 13.6771 11.7819
675 200 10000 4086 915 7 2 360 270 0.91862 0.930133 1.06788 0.493102 0.898725 0.932487 10.4361 10.0482 11.5174 20.2311 12.6923 10.976
675 275 10000 3543 1032 8 4 271 232 0.910634 0.93977 0.941624 0.91695 0.907587 0.934021 10.6477 10.4619 12.7968 27.4567 13.6352 10.3242
675 300 10000 3245 981 11 0 272 228 0.915244 0.947224 1.04147 0 0.892701 0.901798 11.2397 10.4835 13.1369 0 13.4011 10.474
675 325 10000 3032 1041 7 0 246 193 0.927182 0.928806 0.814034 0 0.904576 0.906457 11.0154 9.37858 10.5689 0 13.5063 11.5041
675 400 10000 1839 831 4 2 128 126 0.909507 0.929521 1.58868 0.857319 0.946531 0.951063 12.6082 10.5618 14.5826 91.786 19.1799 15.8603
675 425 10000 1351 664 2 1 92 109 0.910425 0.920056 1.04522 1.92038 0.950461 0.996579 13.4609 11.6411 13.3962 13.1897 15.9074 20.6467
675 450 10000 1011 527 3 1 86 88 0.911191 0.906045 0.626534 0.850821 0.919525 0.896876 14.778 12.022 41.8652 84.0375 13.1717 17.8703
675 500 10000 537 264 4 1 62 41 0.909717 0.910968 0.649451 0.411163 0.921137 0.924387 14.6948 11.9737 26.4609 100.907 18.3168 23.5473
675 525 10000 426 171 0 2 37 24 0.929037 0.884652 0 1.01257 0.92634 0.987515 15.6727 16.2444 0 40.4208 21.3226 18.4136
675 550 10000 322 116 4 2 35 22 0.894229 0.860923 0.636982 0.63829 0.838206 0.760903 16.1479 12.6049 35.1564 71.5746 19.0683 28.0701
675 575 10000 260 64 1 0 26 14 0.875626 0.750949 1.27501 0 0.988638 0.914568 16.6587 19.3904 17.2526 0 26.0493 20.624
675 600 10000 113 24 1 1 17 3 0.954395 0.877928 0.560767 0.68029 0.80322 1.65134 18.3571 21.5115 17.2204 13.1168 27.4345 26.6805
675 625 10000 60 12 1 0 2 0 0.971802 0.72286 0.439013 0 2.23236 0 20.4408 24.1826 16.9462 0 29.4087 0
700 100 10000 4470 806 8 3 580 336 0.910616 0.93981 0.782448 1.0236 0.881836 0.897443 10.5922 12.0833 18.3714 28.8567 12.1059 11.2856
700 150 10000 4409 892 9 2 496 314 0.910557 0.924118 0.890075 0.608111 0.863891 0.902496 10.462 10.742 11.5729 18.3999 12.2473 11.0541
700 175 10000 4372 886 12 3 479 321 0.910554 0.95896 0.852516 0.559749 0.857177 0.884839 10.4972 11.5189 11.0272 10.8641 12.8606 10.917
700 250 10000 3980 981 6 2 380 270 0.917043 0.935433 0.972689 0.832552 0.900404 0.964524 10.3553 9.93612 10.9458 51.9762 12.0959 11.3698
700 300 10000 3637 950 8 1 301 259 0.919296 0.949546 0.990791 0.816427 0.889399 0.873025 10.376 9.58107 15.8192 59.8552 11.9024 11.5847
700 375 10000 2653 995 9 2 170 163 0.922087 0.926111 0.834192 1.06642 0.976644 0.877684 11.4847 11.1808 14.722 12.8119 12.941 19.1403
700 400 10000 2262 889 8 1 172 166 0.90473 0.91863 0.875578 0.757852 0.919816 0.886658 12.1383 9.8011 15.8493 177.182 13.4249 12.8298
700 425 10000 1850 805 4 3 123 139 0.908017 0.940254 0.806199 0.750501 0.867465 0.885838 12.7474 11.007 35.5784 71.1353 17.2794 11.8317
700 450 10000 1398 668 10 1 76 111 0.911384 0.921733 0.985219 0.802599 0.969006 0.882591 13.5712 10.2074 30.2361 216.08 15.374 16.5255
700 475 10000 972 546 4 3 78 83 0.917778 0.907211 0.773134 0.676141 0.977812 0.926541 14.5933 10.891 19.6638 16.3366 16.1186 14.2201
700 525 10000 527 226 3 0 48 38 0.916845 0.876291 0.467082 0 0.88273 0.970957 14.8365 15.458 54.8935 0 21.873 22.2778
700 600 10000 211 62 0 1 19 10 0.926175 0.759165 0 0.483607 0.938324 1.18874 16.4695 23.8962 0 101.4 17.8266 27.1507
700 625 10000 139 33 0 0 9 8 0.929802 0.816837 0 0 1.19402 0.923234 17.9468 26.2146 0 0 19.4215 20.3921
700 650 10000 53 8 0 0 3 0 1.03786 0.827811 0 0 1.05034 0 20.0949 34.9299 0 0 43.2635 0
725 75 10000 4572 781 8 3 640 371 0.901434 0.909007 0.937587 0.729382 0.864834 0.886933 10.6948 11.4898 11.2286 15.415 11.9812 12.6372
725 100 10000 4564 791 8 2 627 325 0.914517 0.929999 0.720462 0.624172 0.875119 0.891319 10.6476 11.3602 11.6857 25.7475 12.0406 12.7893
725 125 10000 4510 836 21 3 577 359 0.907708 0.914002 0.856871 1.01524 0.883332 0.894594 10.5719 11.0298 15.5426 46.8739 12.3673 11.3868
725 150 10000 4556 791 10 1 515 341 0.912432 0.931782 0.814602 0.830026 0.898346 0.901191 10.5705 12.383 15.3918 100.807 11.9386 10.8576
725 200 10000 4416 862 12 0 524 310 0.915388 0.926036 0.700109 0 0.846487 0.924582 10.5242 11.1498 11.1672 0 12.6684 11.0435
725 225 10000 4443 886 20 1 451 292 0.90111 0.91472 0.931056 1.60456 0.887882 0.885768 10.305 10.5487 12.7496 69.2307 12.1344 10.9623
725 250 10000 4240 918 8 1 400 266 0.923596 0.95253 0.806611 3.46007 0.894133 0.920439 10.3501 10.0015 17.9123 43.1522 12.3781 11.4462
725 275 10000 4126 912 11 1 389 289 0.921425 0.929566 0.905562 0.754633 0.870839 0.913335 10.3503 10.021 22.6146 122.604 11.8315 11.5141
725 325 10000 3636 1010 5 1 270 241 0.919969 0.948152 0.821956 1.53829 0.900704 0.911705 10.5828 10.0848 31.2541 77.8836 12.4857 10.6693
725 350 10000 3498 983 11 2 232 247 0.915796 0.931158 1.01996 1.96769 0.896488 0.866775 10.6822 9.76577 24.2632 31.4543 15.9542 11.1974
725 375 10000 3070 996 9 4 236 204 0.918973 0.929004 0.989615 0.810244 0.919867 0.894577 10.9064 9.40852 14.6929 27.3479 14.8432 11.2545
725 400 10000 2679 985 5 3 180 182 0.914658 0.941358 1.27813 0.975173 0.863204 0.957188 11.2782 10.0807 31.0874 38.2773 14.1483 10.6732
725 425 10000 2266 928 7 3 149 170 0.905719 0.923855 1.06933 1.04901 0.849599 0.85711 12.301 9.45405 16.3936 13.5004 16.2059 15.0245
725 450 10000 1815 824 8 1 107 133 0.912458 0.906805 0.727879 0.846182 0.892506 0.952829 13.0421 9.56012 34.4952 208.725 15.1728 14.7939
725 475 10000 1420 649 5 1 97 118 0.911656 0.937546 0.738099 0.849615 0.922733 0.906371 12.9361 11.4517 37.1797 71.8868 16.6442 17.6222
725 550 10000 521 277 6 1 63 29 0.916916 0.874411 0.729483 0.822355 0.92832 0.995437 16.7094 12.255 19.454 114.613 15.6979 21.8318
725 575 10000 395 158 2 1 33 24 0.902867 0.880115 1.46001 0.804072 0.925189 0.931321 14.8764 20.6364 26.8567 89.3025 19.5457 12.6726
725 600 10000 306 97 2 0 29 8 0.928861 0.881253 0.407924 0 0.955588 1.40751 16.0429 15.1272 86.545 0 17.0483 39.7105
725 650 10000 125 36 0 1 10 7 0.925168 0.859002 0 0.461283 0.866023 0.963957 17.9299 18.1137 0 101.513 25.5466 38.7034
725 675 10000 50 13 0 0 8 0 0.939199 0.84595 0 0 0.734583 0 23.4862 22.7675 0 0 35.2978 0
750 50 10000 4804 712 11 3 686 354 0.88913 0.925642 0.658556 0.689278 0.86481 0.874155 10.8748 12.4159 22.5492 48.9246 12.0466 11.9839
750 75 10000 4705 699 9 3 673 395 0.906787 0.924324 0.742288 1.04756 0.873078 0.842367 10.791 11.9212 20.4087 38.6787 12.0662 11.4779
750 125 10000 4668 795 9 2 584 344 0.910107 0.921455 0.81395 0.76987 0.888122 0.906372 10.613 11.0712 11.4791 55.0441 12.5354 12.2533
750 150 10000 4734 769 22 0 627 332 0.898939 0.934403 0.802521 0 0.87867 0.894108 10.6578 11.9812 12.4729 0 12.2091 11.7406
750 175 10000 4684 818 10 0 556 310 0.906822 0.932645 1.04544 0 0.87484 0.862768 10.6196 11.8389 11.0639 0 12.0422 11.462
750 200 10000 4596 864 15 2 522 303 0.914417 0.901306 1.03621 1.59899 0.880785 0.910998 10.4858 10.5787 13.7835 28.4221 12.0849 11.2915
750 250 10000 4422 891 11 4 408 307 0.912009 0.947063 0.782907 1.16136 0.895657 0.896714 10.4525 10.9222 16.5198 37.9316 12.0906 11.7881
750 275 10000 4450 841 15 2 414 271 0.919952 0.929465 0.901558 0.819748 0.89745 0.953343 10.3387 10.2423 14.2408 71.6971 12.7668 12.4792
750 325 10000 4000 916 8 1 347 276 0.921539 0.941508 0.870251 1.62416 0.877342 0.984787 10.3838 10.7372 15.3321 16.3983 13.7127 10.0467
750 350 10000 3787 990 6 6 310 229 0.921652 0.943788 1.3355 0.711366 0.91253 0.915764 10.6449 10.4999 31.2281 44.4077 13.5863 10.3604
750 375 10000 3471 991 12 4 268 248 0.91528 0.906053 0.888541 1.01749 0.891363 0.915033 10.6512 9.80282 15.7653 50.5665 13.1533 11.5879
750 400 10000 3265 935 10 3 204 197 0.916511 0.948057 0.963786 1.09058 0.888884 0.903991 11.1774 10.0328 28.1363 36.6819 14.3608 12.3065
750 425 10000 2732 970 6 2 213 183 0.915175 0.938147 0.899325 1.06838 0.881676 0.922048 11.8542 9.37126 31.2465 24.6618 13.1569 12.772
750 475 10000 1912 811 7 2 127 130 0.90363 0.933056 0.762532 1.25917 0.922304 0.963675 13.0664 9.74232 24.5853 67.9897 15.4632 17.0452
750 550 10000 762 370 2 0 57 56 0.917372 0.938786 1.48586 0 0.924089 0.874352 15.1386 14.4587 15.9187 0 21.4427 22.6733
750 575 10000 579 260 0 0 37 46 0.875108 0.907611 0 0 0.987248 0.782549 15.3837 14.4475 0 0 18.3348 17.2926
750 625 10000 316 105 3 1 25 18 0.883655 0.865676 0.383415 0.854891 0.911275 0.657886 15.6805 14.3637 66.2359 100.736 22.1057 23.788
750 675 10000 137 21 1 0 12 3 0.9074 0.865153 0.712943 0 0.698777 1.26559 19.2811 34.1268 15.3024 0 28.7264 35.1604
750 700 10000 52 5 0 0 3 3 0.848956 1.11849 0 0 0.880808 0.50161 22.6588 46.9158 0 0 58.7538 62.2109
775 75 10000 4901 682 16 1 697 380 0.893842 0.891196 0.621091 0.908504 0.842544 0.864123 10.9429 12.0085 13.8478 101.08 12.6203 12.629
775 100 10000 4807 671 15 1 672 352 0.902913 0.905741 0.907941 0.888504 0.857659 0.889669 10.8839 12.4653 16.1628 99.298 12.4176 13.2042
775 125 10000 4830 690 12 1 686 358 0.907399 0.938226 0.900851 1.51408 0.852342 0.843184 10.7885 12.8192 21.6595 121.544 12.3807 12.4888
775 150 10000 4834 723 16 1 637 308 0.903825 0.897473 0.729457 2.39384 0.860907 0.919807 10.7288 12.1352 14.8956 35.1164 11.7727 12.0328
775 200 10000 4752 766 3 1 605 292 0.912927 0.911546 0.84232 0.854455 0.85169 0.90531 10.5542 11.3778 30.7121 215.047 12.0075 12.3856
775 225 10000 4801 807 9 0 509 313 0.908113 0.930044 1.03678 0 0.896959 0.874398 10.4958 11.5984 13.0239 0 11.4107 11.0815
775 250 10000 4655 808 6 2 499 320 0.919424 0.913221 0.938126 0.864115 0.868725 0.92105 10.3867 11.36 29.29 69.5894 11.7747 13.6361
775 275 10000 4541 881 8 2 434 297 0.916526 0.904598 0.977007 1.47806 0.891793 0.904717 10.3948 10.8966 17.7944 39.0926 12.3121 11.0352
775 300 10000 4316 876 16 3 454 301 0.922052 0.927821 1.01554 0.81792 0.870534 0.956804 10.3428 10.5189 13.5193 33.6764 12.9922 12.0854
775 400 10000 3606 1007 10 3 277 196 0.922234 0.936463 0.988552 0.42742 0.878512 0.868919 10.5491 9.55501 26.206 131.132 12.8162 13.0716
775 450 10000 2842 958 4 4 207 158 0.915015 0.924114 0.82732 0.93447 0.926208 0.929873 11.2197 9.48459 37.943 25.9651 13.4173 14.8051
775 475 10000 2420 934 9 1 139 184 0.905948 0.938728 0.922409 1.03123 0.911161 0.916772 12.4406 9.48577 20.6796 43.4988 18.9648 11.257
775 500 10000 1898 806 4 0 117 134 0.910303 0.926033 1.00451 0 0.887143 0.946441 13.1133 9.9076 21.3547 0 17.7337 13.2969
775 525 10000 1492 673 4 0 88 115 0.900744 0.913803 0.983208 0 0.892332 0.873102 13.5207 11.0726 31.708 0 18.0401 16.8851
775 550 10000 1027 499 4 2 81 74 0.916139 0.888862 1.1484 1.13895 0.898011 0.914181 14.5236 12.0693 29.8772 50.7593 17.4904 16.1211
775 650 10000 293 122 1 0 22 18 0.940121 0.807598 1.27101 0 1.09122 0.938192 15.2504 18.5568 118.78 0 19.8311 21.6424
775 675 10000 230 42 1 0 19 16 0.871491 0.883516 0.71254 0 0.764853 0.77824 17.3122 26.6248 100.976 0 32.8352 50.8132
775 700 10000 119 24 1 0 5 3 0.855849 0.975459 0.887895 0 0.995778 0.52346 18.5466 16.1899 21.9501 0 49.8761 116.976
775 725 10000 49 8 0 0 2 2 1.04422 0.599235 0 0 1.64784 0.842546 19.0636 18.0346 0 0 85.3483 72.9493
800 75 10000 4943 650 8 3 757 349 0.891868 0.934224 0.957188 0.665762 0.860711 0.85033 11.1036 11.8395 12.8164 59.0921 12.4848 13.8658
800 100 10000 4903 679 14 3 688 349 0.895631 0.918399 0.979177 0.665555 0.875547 0.856753 11.0212 12.6114 14.5336 78.5078 12.8256 11.781
800 200 10000 4896 701 13 0 608 326 0.903027 0.946102 0.891468 0 0.875928 0.906617 10.6662 11.0576 13.3328 0 12.0652 11.4719
800 225 10000 4794 777 10 2 584 325 0.908616 0.937774 1.00293 1.05212 0.851192 0.841072 10.5368 11.4031 17.3528 49.2263 11.9471 12.2898
800 275 10000 4723 763 11 0 526 316 0.91018 0.911293 1.31099 0 0.868183 0.917431 10.4064 10.6986 13.535 0 12.3922 11.8777
800 300 10000 4659 846 9 3 442 247 0.910944 0.916729 0.947941 1.26502 0.894078 0.926229 10.3672 11.2641 15.4223 25.5237 12.2072 11.6168
800 325 10000 4491 883 9 2 460 276 0.915475 0.925174 0.771638 0.426396 0.908214 0.866179 10.4051 10.1064 18.7098 100.535 12.1595 12.0717
800 400 10000 3891 944 12 5 281 250 0.91574 0.943331 0.897817 0.977761 0.918742 0.910157 10.437 10.1256 13.3737 38.1924 12.8283 13.3269
800 425 10000 3643 929 14 1 288 209 0.91449 0.924595 0.907925 2.05257 0.911087 0.909468 10.5123 9.40638 10.8431 47.102 12.6006 10.7977
800 500 10000 2494 887 7 2 147 155 0.915833 0.941714 1.2825 0.81574 0.923103 0.905779 12.0897 9.1141 19.6544 62.7932 13.7586 11.9589
800 600 10000 765 405 1 4 73 50 0.917791 0.886761 0.812343 0.698775 0.869808 0.845312 15.5469 14.9066 97.7525 21.2532 17.1116 24.3802
800 625 10000 577 251 1 0 45 33 0.892914 0.940956 1.5694 0 0.940894 0.944843 15.6855 13.3514 17.0912 0 19.5339 27.3665
800 650 10000 392 147 3 0 43 23 0.920129 0.877511 0.753882 0 0.891605 0.838506 15.7226 17.2179 12.5601 0 14.9188 20.1151
800 725 10000 117 24 0 0 11 3 0.870019 0.930359 0 0 0.973268 1.24545 20.7089 20.5445 0 0 21.14 34.2194
800 750 10000 51 6 0 0 5 3 0.871488 0.702327 0 0 0.98289 0.600962 20.9117 77.7692 0 0 27.5021 45.2104
825 50 10000 5022 583 8 1 814 362 0.883328 0.916032 0.831488 0.543607 0.851092 0.836327 11.2493 11.9468 17.4531 16.224 12.7457 12.5213
825 75 10000 5013 627 16 0 752 387 0.88356 0.905113 0.794344 0 0.852465 0.827125 11.0772 12.7862 11.8439 0 12.7298 12.9354
825 100 10000 5017 649 11 1 728 359 0.895965 0.899072 0.680595 0.360925 0.853472 0.850128 11.0869 13.3598 13.6045 218.357 12.6557 12.5316
825 150 10000 5176 635 14 2 655 322 0.887354 0.914295 0.808075 0.351796 0.872462 0.894126 10.9751 13.2073 12.3991 118.99 12.081 11.5726
825 175 10000 5068 662 12 2 704 300 0.906982 0.905373 0.777793 0.593133 0.863716 0.906511 10.7646 12.3986 13.6746 18.5785 12.5198 11.7922
825 200 10000 5086 647 11 5 638 317 0.896663 0.935734 0.786595 0.822876 0.841892 0.8735 10.7432 11.1718 16.8195 25.029 12.3595 11.4708
825 225 10000 5005 688 12 1 605 332 0.909074 0.903022 0.94644 2.57675 0.886832 0.879972 10.744 12.3176 18.4465 75.9122 11.9362 12.8195
825 250 10000 4994 699 6 0 586 271 0.902888 0.920825 2.03314 0 0.883862 0.918669 10.6594 13.6679 14.3524 0 11.9226 11.3011
825 275 10000 4921 757 20 1 529 290 0.899402 0.931682 0.741697 1.95231 0.846491 0.913189 10.5762 11.324 12.1998 15.9252 12.1153 11.4331
825 300 10000 4759 772 16 1 491 277 0.916555 0.923155 0.703197 0.842196 0.893727 0.947564 10.479 12.6198 15.8206 86.9709 12.5291 11.459
825 325 10000 4658 834 14 2 471 277 0.920889 0.929899 0.67921 1.14772 0.858594 0.928167 10.4135 11.5568 13.337 59.2088 12.2962 10.8292
825 350 10000 4526 863 8 3 433 260 0.919268 0.938289 0.624443 0.831279 0.897569 0.921853 10.3308 10.9312 17.5556 12.56 11.5898 12.989
825 375 10000 4382 939 15 2 365 261 0.92446 0.931486 0.853475 0.888504 0.892976 0.948521 10.341 10.5858 14.0135 168.6 12.4401 13.867
825 425 10000 3909 933 14 5 296 248 0.918407 0.939393 0.835396 0.771088 0.886419 0.901861 10.4582 9.65197 14.1632 32.4332 13.2152 10.3214
825 450 10000 3696 872 12 3 267 201 0.919367 0.952949 0.839576 1.10354 0.891586 0.94959 10.5809 10.7023 14.9698 28.9206 12.7305 11.7447
825 500 10000 2928 917 6 2 191 180 0.920293 0.928433 1.29006 0.886799 0.873075 0.911934 11.4881 9.2347 40.6941 103.51 14.1902 13.0324
825 525 10000 2431 913 9 7 150 127 0.92004 0.90438 0.784225 0.539326 0.939526 0.966839 11.9928 9.89289 16.8507 55.3384 15.2154 10.2793
825 550 10000 1956 762 6 1 115 124 0.915733 0.91484 0.863113 1.71119 0.880687 0.92243 12.4736 9.45333 18.8426 11.7514 18.3356 15.9295
825 575 10000 1482 675 2 2 95 112 0.900448 0.913408 0.975439 0.826195 0.932997 0.813214 13.506 10.7965 41.7871 16.2243 21.8887 19.1438
825 600 10000 1082 510 4 2 80 65 0.901143 0.906652 0.966968 1.17583 0.892598 1.0139 14.7101 13.5704 11.5229 38.3788 18.6981 15.9452
825 625 10000 756 399 2 3 56 53 0.930634 0.927817 0.561867 0.798502 0.933012 0.924523 16.1695 13.6843 65.788 32.1105 21.5964 18.7797
825 700 10000 311 104 1 0 33 24 0.85832 0.886329 1.27718 0 0.892087 0.906836 16.6509 16.6623 29.4402 0 23.3074 18.6744
825 725 10000 188 57 1 0 14 4 0.925779 0.934548 0.796624 0 1.02606 0.705047 19.7132 21.9292 15.8781 0 20.5285 58.9237
825 750 10000 131 26 2 1 16 4 0.872991 0.851884 0.923198 0.48209 0.845866 1.20924 19.0447 26.3716 53.9344 188.059 27.6568 36.5411
850 50 10000 5123 572 7 0 797 354 0.877903 0.8776 1.11146 0 0.870992 0.838413 11.4116 12.2713 15.4569 0 12.6196 14.328
850 100 10000 5124 589 14 2 824 358 0.894254 0.920752 0.772049 0.819531 0.843005 0.838843 11.2118 14.5572 15.8919 113.885 12.4862 13.8462
850 125 10000 5114 616 10 1 772 320 0.889497 0.897534 0.984216 1.55228 0.844983 0.882672 11.1292 11.9048 12.8031 11.8928 12.9474 12.6547
850 225 10000 5099 636 11 2 631 330 0.903527 0.913102 0.764211 0.733023 0.867618 0.847022 10.7654 12.5006 18.8495 57.9348 12.7998 12.0162
850 250 10000 5047 683 11 0 602 295 0.908152 0.907538 0.808631 0 0.883001 0.894114 10.6383 10.8276 13.4295 0 11.9516 12.0406
850 275 10000 5061 731 13 4 557 281 0.902324 0.916539 0.771969 0.990103 0.88644 0.873319 10.6643 11.0892 17.3963 26.521 12.6846 11.7662
850 300 10000 4994 672 9 3 541 248 0.911157 0.949341 0.869974 0.517927 0.894568 0.862068 10.5051 11.1189 25.5348 24.5421 12.7407 17.8798
850 400 10000 4484 897 15 1 389 228 0.909986 0.938846 0.781362 1.28502 0.886767 0.883173 10.3362 9.90256 15.871 60.992 11.94 13.1896
850 450 10000 3971 968 10 2 307 235 0.915225 0.91633 0.924754 0.765451 0.904281 0.921351 10.5252 9.7875 20.4331 103.413 13.0057 12.087
850 500 10000 3373 890 7 2 218 208 0.921879 0.938746 1.09508 1.28339 0.878682 0.923808 10.8694 9.39528 24.9426 67.5841 13.4187 11.528
850 525 10000 2976 986 14 4 191 175 0.910082 0.921566 0.955279 0.778538 0.871713 0.975454 11.2472 9.60468 16.4877 34.9002 12.5624 10.4045
850 575 10000 2062 800 3 4 111 115 0.905695 0.90602 0.831988 0.802235 0.96551 0.972472 12.4684 10.7749 66.4592 51.9404 15.5349 14.8535
850 625 10000 1086 505 3 2 82 74 0.879943 0.916327 0.952012 1.02275 0.837851 0.913273 15.0869 12.9011 34.1058 60.4135 20.0051 12.5887
850 650 10000 796 396 2 0 48 42 0.886966 0.87147 0.713373 0 1.00785 1.0155 16.6264 13.4175 20.3423 0 18.8296 18.8846
850 725 10000 312 73 4 0 32 24 0.901758 1.04289 0.99641 0 0.90124 0.652118 18.1517 20.1206 22.5264 0 20.1591 28.4206
850 750 10000 199 45 2 0 25 9 0.872977 0.849223 0.656428 0 0.829136 0.882388 18.5193 22.1873 47.06 0 22.7649 28.1908
850 800 10000 44 7 0 1 5 1 0.980692 1.02487 0 0.481812 1.32196 1.08618 25.5384 31.3412 0 20.9382 33.9404 110.128
875 50 10000 5198 548 6 1 884 354 0.873915 0.882768 1.0672 0.858558 0.82534 0.859928 11.5373 14.1637 14.819 20.7833 12.6995 12.6849
875 125 10000 5321 536 9 1 764 338 0.879099 0.903199 0.913899 0.792184 0.859874 0.861469 11.2853 13.7111 13.6296 17.2873 12.4881 12.6364
875 200 10000 5241 592 11 2 703 272 0.884556 0.919222 1.178 0.778799 0.879596 0.859081 11.0285 12.477 14.2671 57.3845 12.5579 16.1825
875 250 10000 5170 665 15 1 700 284 0.901414 0.890306 0.77709 0.805137 0.859119 0.859902 10.8259 11.798 14.1199 101.364 12.1576 13.3098
875 275 10000 5142 625 9 1 623 289 0.904415 0.913436 0.896295 3.05992 0.860964 0.926701 10.7952 12.412 16.2851 25.0239 12.1819 13.2868
875 300 10000 5094 683 16 5 615 275 0.906412 0.915781 0.934538 0.671011 0.877478 0.880466 10.6253 12.7865 24.1197 91.62 11.9967 12.7855
875 375 10000 4803 801 15 1 446 257 0.913184 0.919442 0.887574 0.695717 0.901974 0.932521 10.4382 10.8141 12.7385 153.674 12.9141 11.8516
875 425 10000 4460 832 12 2 400 263 0.914934 0.953097 0.958796 0.830632 0.91462 0.877711 10.3009 10.6846 11.1194 18.0327 12.089 10.544
875 475 10000 4041 920 8 2 331 229 0.91929 0.942062 0.802762 0.721853 0.879472 0.92658 10.4151 9.95029 14.8064 48.8006 12.0806 10.7209
875 500 10000 3767 954 12 6 255 203 0.920413 0.936388 0.824073 0.868451 0.932767 0.924852 10.3319 10.0437 23.4377 9.66999 13.6803 12.1824
875 525 10000 3309 942 13 1 215 188 0.925721 0.930547 0.882542 0.846009 0.929408 0.963333 10.6659 9.82755 13.6726 101.799 13.2972 10.5278
875 575 10000 2593 845 11 3 175 148 0.905453 0.923273 1.03061 0.742175 0.875608 0.909806 11.8414 9.39766 10.6886 34.7851 14.9457 15.0058
875 600 10000 2055 812 6 4 116 142 0.90353 0.925802 0.812339 0.793066 0.965561 0.855702 12.2636 10.2105 29.4546 31.3432 16.5942 11.8309
875 650 10000 1078 532 3 0 76 67 0.906224 0.908351 0.974885 0 0.93182 0.880779 14.7578 12.4785 61.7222 0 15.8491 16.4404
875 675 10000 743 384 2 2 51 63 0.920287 0.879262 0.489512 0.766496 0.998856 0.893129 15.8863 13.7 75.4204 46.5331 22.7104 19.3157
875 700 10000 545 258 1 0 41 37 0.887562 0.887088 1.34111 0 0.945247 0.972673 16.6966 13.2791 18.2341 0 20.3694 21.0236
875 725 10000 419 156 1 0 33 30 0.894907 0.864951 0.732784 0 0.909213 0.823255 17.6589 12.6354 17.3658 0 19.8125 25.3376
875 750 10000 283 96 2 0 36 15 0.938548 0.84605 0.7288 0 0.717188 0.828247 18.7397 22.6584 16.4099 0 17.6281 33.4144
875 775 10000 202 68 0 0 17 7 0.957068 0.808724 0 0 0.889686 1.19516 19.8168 17.7266 0 0 24.2418 27.7717
875 800 10000 131 23 2 0 6 6 0.841871 0.843785 0.557522 0 1.12843 0.976066 20.9826 20.6338 36.2827 0 26.8119 40.0346
875 825 10000 31 7 1 0 3 1 1.18259 0.68391 0.701105 0 1.18659 0.494952 23.6262 27.9233 97.5441 0 41.7064 114.991
900 50 10000 5251 483 13 0 907 333 0.863994 0.913965 0.736157 0 0.82806 0.866324 11.722 14.3061 13.0179 0 13.1139 13.3095
900 125 10000 5291 493 7 2 864 329 0.874083 0.90813 0.852205 1.18726 0.825087 0.895348 11.4408 13.1088 17.7098 48.1911 12.7534 13.6398
900 150 10000 5309 519 13 2 824 359 0.878299 0.929043 0.736282 1.03371 0.827428 0.805416 11.3371 13.5369 16.8412 34.655 12.3711 13.1596
900 175 10000 5432 547 4 0 728 324 0.875666 0.905748 1.59522 0 0.854005 0.87242 11.2803 12.2145 16.8067 0 12.5971 13.3695
900 200 10000 5306 572 9 3 750 311 0.878543 0.897971 0.967988 0.637014 0.857759 0.859542 11.21 13.3945 18.1985 39.7289 11.9409 12.7437
900 225 10000 5376 558 13 0 718 299 0.885021 0.922402 0.880731 0 0.854872 0.899618 11.0637 12.6854 10.9704 0 12.5921 11.8905
900 250 10000 5309 617 8 5 679 337 0.887682 0.929631 0.995288 0.693997 0.868271 0.861985 10.9537 11.393 18.5472 19.2256 12.2586 11.9959
900 275 10000 5346 602 9 0 664 274 0.891537 0.915629 0.962699 0 0.86002 0.902932 10.9167 11.8421 15.3253 0 12.0151 11.9922
900 300 10000 5223 630 18 2 632 284 0.897265 0.93326 0.868146 0.761193 0.85944 0.921007 10.7044 11.5374 15.7899 63.7635 12.4366 12.9315
900 325 10000 5145 676 11 3 570 277 0.906404 0.925607 0.875958 1.02108 0.883047 0.867843 10.6271 12.2389 17.0692 81.6381 12.2035 13.298
900 350 10000 5058 724 11 3 541 282 0.909571 0.931303 0.796942 0.756575 0.855777 0.880407 10.5318 12.2221 15.48 39.0938 12.3831 11.3769
900 400 10000 4908 780 12 2 505 254 0.9139 0.926354 1.03166 0.833381 0.8976 0.906763 10.4062 11.221 16.0424 58.8257 11.838 13.6562
900 425 10000 4698 782 7 5 444 283 0.914797 0.924452 0.913695 0.594144 0.904345 0.858158 10.3956 10.8402 31.5455 28.6693 12.2343 11.2004
900 450 10000 4521 846 13 5 345 275 0.915418 0.936588 0.751625 0.588423 0.900453 0.90062 10.4192 10.8658 19.7477 52.2843 14.2125 11.1279
900 475 10000 4341 864 12 0 325 234 0.919103 0.932538 0.743131 0 0.9039 0.928795 10.2653 10.1509 15.4302 0 13.0393 11.6335
900 525 10000 3710 933 7 3 260 224 0.918933 0.922502 1.26384 0.727081 0.939147 0.882493 10.3842 9.57081 14.9339 41.3131 13.1592 12.0245
900 550 10000 3405 957 8 0 234 179 0.921538 0.916686 1.05977 0 0.913128 0.900566 10.7476 9.51472 13.9081 0 14.4453 11.1214
900 575 10000 3052 942 6 2 187 160 0.9129 0.933676 0.639664 0.872396 0.894145 0.926612 11.1164 9.90553 52.0037 12.0856 13.6223 12.064
900 600 10000 2557 874 15 3 129 132 0.903117 0.922347 0.866354 1.01537 0.927977 0.96153 11.8837 9.89164 17.8709 41.3234 16.9805 12.9641
900 625 10000 2001 826 4 1 134 142 0.900293 0.913481 1.19307 1.42552 0.908766 0.91415 13.3183 10.805 20.7028 13.4268 12.8035 12.2552
900 650 10000 1553 648 4 0 98 100 0.893711 0.900889 0.837187 0 0.951882 0.883308 13.8713 10.721 23.9461 0 15.4089 13.1135
900 675 10000 1173 540 2 2 77 61 0.896363 0.920464 0.759202 0.733748 0.948528 0.868711 14.5865 11.8461 15.5454 101.275 22.9266 38.2239
900 700 10000 751 388 4 1 42 67 0.913681 0.930844 0.747563 0.922103 1.05679 0.789929 15.6704 13.4602 25.9194 17.8013 20.9899 17.5781
900 725 10000 520 223 0 0 48 35 0.882968 0.864359 0 0 1.00005 0.926589 18.7532 17.6459 0 0 19.1828 19.8056
900 750 10000 399 125 2 0 33 24 0.942338 0.854987 0.740135 0 0.958397 0.846915 17.6261 17.4478 29.1579 0 21.0439 33.832
900 775 10000 321 78 1 0 27 13 0.866284 0.857601 1.3746 0 0.835218 0.881677 17.8792 23.7141 64.0362 0 23.2692 30.6963
900 825 10000 109 32 0 0 10 5 0.877872 0.79543 0 0 0.78864 0.620861 23.0312 31.1453 0 0 20.464 67.8221
900 850 10000 38 5 0 0 3 1 1.0424 0.865668 0 0 0.492905 0.859351 29.4496 78.5104 0 0 71.7891 77.4473
925 50 10000 5299 457 10 2 922 359 0.866513 0.901795 0.895257 0.831851 0.846937 0.839033 11.7889 13.8055 15.1519 73.3159 12.8569 14.1574
925 75 10000 5296 512 11 4 889 346 0.870366 0.875299 0.807804 0.809717 0.833458 0.815445 11.6846 12.8019 16.3937 33.6511 12.9973 14.8611
925 125 10000 5460 519 5 0 847 315 0.862016 0.858 0.659796 0 0.844056 0.837696 11.6023 12.1759 13.812 0 12.5525 12.6882
925 150 10000 5430 447 13 1 810 332 0.876832 0.92134 0.983855 0.423885 0.84773 0.868109 11.4233 14.145 13.2133 203.011 13.185 12.5192
925 200 10000 5377 498 10 1 772 305 0.881138 0.921865 0.949392 3.2385 0.872319 0.878803 11.227 12.1363 12.6982 22.0914 12.8805 13.3942
925 225 10000 5433 538 12 2 760 270 0.884031 0.908749 0.737313 0.430077 0.853523 0.88727 11.207 12.632 18.6016 210.829 12.4369 12.3466
925 300 10000 5439 596 14 2 608 278 0.887396 0.935624 0.822969 0.741804 0.879207 0.867265 10.7828 12.4348 15.4808 75.9601 12.2329 12.4343
925 325 10000 5232 663 13 1 600 265 0.901656 0.908544 0.803378 1.60448 0.876974 0.898727 10.7318 11.3857 11.9054 20.5283 12.2432 12.8638
925 350 10000 5232 630 15 1 629 264 0.901109 0.923406 0.788562 1.08327 0.862425 0.913685 10.5738 10.9589 15.9145 104.6 12.025 11.0311
925 375 10000 5138 696 9 0 539 265 0.906115 0.932998 1.29546 0 0.880039 0.922702 10.541 11.0146 15.9987 0 11.9345 12.6616
925 425 10000 4888 822 12 0 465 254 0.909477 0.932408 1.09456 0 0.879137 0.886114 10.3571 11.4044 17.0267 0 12.1951 11.4569
925 450 10000 4724 842 12 4 422 262 0.915449 0.925566 0.931518 0.731189 0.898002 0.917522 10.2694 10.8785 12.4627 18.3077 12.2067 13.4581
925 475 10000 4600 804 5 3 426 226 0.914241 0.941517 1.35032 0.804144 0.860697 0.988645 10.3481 10.8705 12.0892 41.1379 11.9396 11.6846
925 525 10000 4027 933 12 5 313 215 0.920268 0.942292 0.803688 0.787457 0.885225 0.915251 10.3003 9.788 16.9768 24.6771 11.8306 12.0618
925 550 10000 3781 947 12 1 294 195 0.925594 0.930026 0.948731 1.67444 0.87118 0.93906 10.4035 9.46272 11.9986 17.8437 13.2039 10.7564
925 575 10000 3477 931 13 3 216 186 0.921736 0.920491 0.899215 0.879641 0.896456 0.933723 10.6792 9.52261 16.5311 53.137 17.0862 10.8059
925 600 10000 2999 889 8 2 199 170 0.912927 0.942815 1.08921 0.811361 0.908011 0.910107 11.1452 9.48767 17.3578 137.201 14.5574 10.9357
925 625 10000 2605 920 4 2 148 162 0.909183 0.912606 0.956795 1.14835 0.940938 0.877906 11.385 9.90464 22.2074 95.4344 15.0066 11.0514
925 700 10000 1105 532 2 0 66 67 0.910232 0.907249 0.70729 0 0.922899 0.900801 14.9517 13.6289 15.4437 0 23.2138 14.4771
925 725 10000 784 394 4 1 61 49 0.912004 0.905943 0.965133 1.61442 0.909783 0.882842 16.0619 13.4953 27.3646 54.388 20.4645 23.475
925 750 10000 526 226 1 0 46 29 0.92477 0.945423 0.707621 0 0.823751 1.0513 17.1723 14.6518 17.6113 0 22.0566 25.1988
925 825 10000 182 52 3 1 13 9 0.889499 0.822274 0.717537 1.06102 0.95634 0.857728 20.6039 22.0059 33.8554 65.0442 24.4558 24.0387
925 850 10000 110 30 0 0 14 4 0.815121 0.70204 0 0 0.91376 0.771444 21.7165 18.8568 0 0 23.1475 20.4077
925 875 10000 39 8 0 0 3 2 0.926538 0.647604 0 0 0.607076 0.527702 25.2566 37.7327 0 0 33.5176 23.1659
950 50 10000 5368 450 11 1 884 348 0.857011 0.877975 0.835652 1.52815 0.817532 0.786872 12.0242 13.8112 13.2609 12.0601 13.2819 13.5842
950 75 10000 5369 437 10 0 962 362 0.861349 0.882742 0.730696 0 0.816884 0.846485 11.8876 13.4077 13.13 0 13.2707 15.0274
950 100 10000 5395 444 12 1 931 312 0.865746 0.86723 0.863892 0.693804 0.815047 0.812896 11.7411 13.296 15.3349 27.5787 13.1757 13.0142
950 225 10000 5446 516 9 2 749 313 0.886054 0.911828 0.957963 1.09154 0.848128 0.860208 11.3295 12.972 13.6638 34.5459 12.592 12.5158
950 275 10000 5448 548 12 0 689 292 0.893264 0.896305 0.756287 0 0.846319 0.897524 11.1109 12.0705 13.322 0 12.3197 11.4941
950 300 10000 5464 557 17 1 700 262 0.884245 0.934225 0.909731 1.48123 0.853631 0.883199 10.9882 12.6962 13.7187 13.4383 12.4047 12.2937
950 325 10000 5422 605 13 1 635 282 0.895435 0.914416 0.793807 0.834119 0.880098 0.857499 10.9556 11.2853 21.5895 154.311 12.2427 12.1482
950 350 10000 5353 608 16 2 605 264 0.894455 0.928663 0.947139 0.831505 0.893116 0.942053 10.7358 11.9359 13.5522 10.7137 12.1556 11.7859
950 425 10000 5052 725 18 2 491 259 0.911011 0.9189 0.778497 0.882568 0.880381 0.874564 10.4825 11.1511 16.4082 54.479 11.7264 12.057
950 475 10000 4899 750 7 0 425 228 0.913887 0.960053 0.959098 0 0.904108 0.927855 10.2861 10.9673 26.1335 0 12.6066 12.1163
950 500 10000 4570 848 10 2 413 234 0.925344 0.915707 0.888474 0.854275 0.879394 0.874303 10.3155 11.2624 28.6657 110.815 12.3829 11.2003
950 525 10000 4444 859 5 2 331 256 0.91312 0.93339 0.848856 0.842174 0.921143 0.90382 10.3044 10.978 16.6455 48.8531 14.0016 13.309
950 550 10000 4167 906 13 5 296 212 0.923402 0.926692 0.824732 0.787776 0.914059 0.889992 10.2857 9.92503 26.467 47.088 11.1397 10.6354
950 575 10000 3754 913 10 6 263 224 0.91685 0.931597 1.22587 0.683055 0.910206 0.879831 10.5924 9.67209 12.944 31.9431 12.6741 12.7492
950 625 10000 3065 944 8 2 175 185 0.929486 0.932245 0.957157 1.19896 0.856076 0.945051 11.1561 9.43102 33.8041 51.7034 15.6813 11.7209
950 650 10000 2577 882 7 2 125 135 0.91648 0.914069 0.927507 1.04263 0.946838 0.911149 11.8394 9.65002 14.6945 38.801 14.5405 12.9981
950 725 10000 1083 490 4 1 65 59 0.906019 0.943298 0.57602 1.54806 0.977586 1.00306 14.9776 13.9346 33.7765 127.489 19.3517 24.3664
950 750 10000 745 363 1 2 47 42 0.885598 0.903122 1.53059 0.689753 0.914441 0.973187 17.272 14.8802 19.0978 16.9018 16.8131 20.1163
950 775 10000 558 242 1 2 55 39 0.9123 0.87727 0.438353 0.770371 0.858935 0.913463 17.1581 16.5998 21.6788 12.2769 21.6783 21.5098
950 825 10000 274 91 3 0 19 15 0.917603 0.909074 0.95933 0 1.07725 0.689979 19.7516 20.8652 13.7274 0 22.2552 35.2074
975 50 10000 5396 410 9 2 993 329 0.852671 0.875779 0.871547 0.599064 0.807078 0.786288 12.0293 12.8151 17.1304 81.7962 13.2971 14.3949
975 75 10000 5434 424 14 2 967 306 0.849786 0.882514 0.801849 1.05461 0.802845 0.816272 11.9752 12.9011 13.8649 58.9446 13.1402 15.1929
975 100 10000 5508 395 14 2 944 316 0.851587 0.923449 0.799619 0.408954 0.808937 0.839057 11.9588 14.418 14.5176 195.769 12.9178 13.885
975 125 10000 5546 445 9 0 933 296 0.85582 0.872201 0.978354 0 0.833014 0.864773 11.9254 14.2525 12.6087 0 12.8894 13.0563
975 150 10000 5528 444 15 1 923 288 0.860347 0.880766 0.810892 0.792307 0.793127 0.832521 11.7659 13.9863 15.7376 102.122 13.1284 15.7535
975 200 10000 5627 461 11 1 801 320 0.860786 0.90121 0.934445 0.326578 0.845119 0.849689 11.566 13.3059 25.4177 250.196 12.909 12.6621
975 250 10000 5618 509 16 2 757 253 0.877374 0.896344 0.878928 0.354506 0.814714 0.854896 11.3128 12.9084 17.9156 137.489 12.6286 12.7401
975 275 10000 5563 511 9 1 744 287 0.888254 0.88084 0.717919 0.491091 0.863688 0.835435 11.2383 12.3959 18.8414 18.6599 12.7053 12.6363
975 300 10000 5614 522 10 0 691 300 0.883838 0.910906 0.768772 0 0.853537 0.843659 11.1052 15.0602 15.1529 0 12.8033 12.3073
975 350 10000 5490 574 10 0 647 258 0.893534 0.93304 0.792341 0 0.865312 0.88938 10.891 12.4287 15.2235 0 12.2144 11.7905
975 500 10000 4836 829 7 4 461 246 0.912561 0.917057 1.13284 0.756083 0.872544 0.922081 10.3461 10.6045 31.1239 31.86 12.3908 11.2483
975 550 10000 4390 901 13 5 308 245 0.917031 0.927201 0.923924 0.818667 0.909389 0.872202 10.4331 10.8453 10.691 23.4405 12.3776 11.4242
975 575 10000 4229 906 5 3 300 193 0.915745 0.939332 1.27164 0.843592 0.934004 0.954559 10.416 9.99098 32.0012 15.4463 11.9859 11.2977
975 600 10000 3848 960 5 3 259 201 0.920019 0.933192 1.35305 0.853711 0.944366 0.903407 10.4264 9.97829 21.4291 34.5121 13.6376 12.5914
975 625 10000 3476 976 9 5 212 177 0.92368 0.911089 0.927691 0.82669 0.916249 0.955656 10.5693 9.2622 27.597 31.0408 14.9263 11.4897
975 650 10000 3074 945 10 2 162 154 0.907426 0.914339 0.847452 0.820389 0.944473 0.884055 11.0313 9.65526 12.4185 14.8195 15.0826 12.1232
975 675 10000 2549 829 6 2 141 152 0.904786 0.935784 0.892233 1.1716 0.916876 0.966696 11.7703 10.2757 24.2402 39.5234 18.3717 11.2035
975 725 10000 1540 675 1 2 91 106 0.897432 0.904335 0.710665 1.14881 0.927698 0.89767 13.861 11.3026 120.987 39.7161 17.0689 18.3779
975 800 10000 502 238 1 1 41 36 0.885612 0.887861 1.38402 0.838487 0.880668 0.879616 18.7806 16.4995 52.1512 103.284 20.9476 16.9116
975 825 10000 410 137 2 0 37 24 0.889204 0.911447 0.673185 0 0.861811 0.858512 19.1984 16.9943 54.5716 0 21.058 17.2968
975 850 10000 326 96 2 0 24 13 0.878076 0.852672 1.0315 0 0.917348 0.807339 19.3529 18.7556 26.1687 0 21.4037 37.645
975 875 10000 194 46 3 0 18 15 0.938311 0.918113 0.588665 0 0.861521 0.680938 19.7262 21.2822 25.6913 0 20.1437 28.0842
975 925 10000 44 4 1 0 3 1 0.919309 1.00402 0.331464 0 0.541497 0.901638 24.2236 46.3018 32.8675 0 81.3855 80.9028
1000 50 10000 5347 415 9 0 1035 321 0.850422 0.864317 0.761784 0 0.795964 0.824228 12.1636 12.9985 24.2313 0 13.7872 14.7974
1000 75 10000 5439 392 10 1 993 335 0.856893 0.873552 1.17873 0.786263 0.798376 0.826609 12.1531 13.4108 17.6339 27.9785 13.571 14.8825
1000 100 10000 5481 387 9 0 974 358 0.85349 0.849481 1.00678 0 0.784784 0.80246 12.0482 14.5873 18.2065 0 13.5236 13.4335
1000 150 10000 5525 410 7 1 871 308 0.869925 0.87091 0.797077 0.830356 0.833769 0.830278 11.9124 13.4185 21.1391 18.6099 13.2301 13.3524
1000 175 10000 5587 466 18 1 919 277 0.856378 0.863301 0.866643 1.57012 0.803582 0.810695 11.8944 13.815 13.0023 107.584 12.7176 13.0154
1000 200 10000 5616 475 8 1 853 270 0.872054 0.847672 0.802495 0.614148 0.807854 0.903579 11.7236 13.3788 17.7389 141.803 13.1139 15.3316
1000 225 10000 5701 423 21 0 782 284 0.866787 0.888839 0.675229 0 0.841519 0.832296 11.5738 15.0656 15.4968 0 12.7287 13.6627
1000 250 10000 5681 443 8 1 770 267 0.877762 0.909199 0.782146 0.81583 0.826212 0.854241 11.5049 12.7442 12.7139 56.6814 12.8693 14.4186
1000 275 10000 5678 470 9 0 732 313 0.871745 0.927019 0.984124 0 0.845777 0.839927 11.4344 14.7134 29.5266 0 12.4974 12.2612
1000 300 10000 5542 496 20 0 768 264 0.890887 0.905903 0.806116 0 0.825106 0.899881 11.2278 12.4563 13.6182 0 12.5885 13.9179
1000 325 10000 5559 533 16 1 705 268 0.895812 0.915478 0.830412 0.748727 0.856859 0.854667 11.1707 13.2054 19.6109 143.515 12.7072 12.7373
1000 425 10000 5377 594 10 3 577 269 0.898346 0.938029 0.975046 0.83302 0.885587 0.891304 10.7727 12.8217 19.1038 34.741 11.8982 11.6114
1000 450 10000 5285 659 17 1 522 263 0.908531 0.931281 0.834539 1.32125 0.873741 0.900184 10.6468 12.5598 13.8117 37.3632 12.0765 11.382
1000 475 10000 5180 685 10 0 520 273 0.902144 0.93627 0.92212 0 0.896039 0.886046 10.4497 10.7368 13.0403 0 11.4557 11.2379
1000 500 10000 5120 736 12 2 444 221 0.908775 0.931099 0.815913 1.23594 0.878705 0.937379 10.444 11.2323 25.2553 47.6144 11.7404 11.6904
1000 550 10000 4732 778 13 4 362 243 0.920553 0.912769 0.869545 0.761283 0.895472 0.904707 10.3034 10.1314 19.8307 39.9866 12.8857 11.5241
1000 675 10000 3128 917 6 3 172 178 0.922086 0.925956 1.00483 0.839089 0.910607 0.894088 11.0823 9.27962 26.7444 35.0092 14.4332 12.2206
1000 725 10000 2010 740 5 5 111 142 0.916712 0.927157 0.79891 0.76396 0.916122 0.920274 13.0605 9.66252 51.0822 43.3771 17.406 12.6487
1000 775 10000 1142 511 2 4 57 78 0.907058 0.91153 0.641572 0.771926 0.86106 0.901328 15.1571 13.2606 146.015 63.394 19.6776 20.1336
1000 800 10000 741 314 1 2 46 38 0.912995 0.916567 0.862717 0.726501 0.926579 0.923675 16.0307 15.969 16.3092 19.7441 28.6855 16.6604
1000 825 10000 534 216 0 2 36 42 0.914437 0.875882 0 1.02625 0.858265 0.879322 17.7629 16.2223 0 74.3524 18.5662 28.9712
1000 875 10000 288 91 1 0 21 14 0.916063 0.859661 0.71254 0 1.01704 0.910521 19.5976 15.8927 17.7291 0 26.0969 34.6254
1000 950 10000 36 4 0 0 6 0 0.90753 0.830316 0 0 0.672989 0 24.6101 47.7964 0 0 30.0649 0
1025 50 10000 5471 354 20 1 1026 299 0.835867 0.864699 0.694029 0.360237 0.808359 0.792367 12.4617 14.9887 17.0175 73.2196 13.8337 14.078
1025 75 10000 5548 371 16 1 1009 294 0.838324 0.835323 0.707832 0 0.788701 0.815572 12.3461 17.7843 16.4418 8.51886e+07 13.8719 14.3536
1025 100 10000 5555 384 8 0 945 313 0.837121 0.864786 0.766267 0 0.812759 0.781184 12.2229 13.5369 21.5318 0 13.4836 15.3653
1025 150 10000 5703 376 6 0 960 273 0.849029 0.8838 0.820754 0 0.803801 0.795748 12.0575 14.1399 15.8829 0 13.0892 16.0198
1025 200 10000 5642 408 10 1 876 289 0.854891 0.898096 0.771282 0.818204 0.823329 0.812588 11.9388 13.2561 25.7392 18.007 12.9367 13.3515
1025 225 10000 5593 443 13 2 849 310 0.864587 0.881959 0.82147 0.55152 0.805304 0.823585 11.7684 14.5848 16.2747 21.8829 13.0773 12.9606
1025 250 10000 5738 438 13 2 778 289 0.87193 0.867433 0.872572 0.413055 0.845876 0.815208 11.6654 12.6558 15.3717 99.4839 12.6551 13.1359
1025 300 10000 5653 477 13 1 748 282 0.877047 0.890224 0.74617 0.82382 0.843795 0.878078 11.4842 13.2365 14.1882 19.0605 12.3956 12.5233
1025 325 10000 5715 503 19 0 724 245 0.877806 0.901824 0.823405 0 0.849833 0.870548 11.3636 12.2333 13.903 0 12.1476 12.616
1025 375 10000 5641 515 14 0 689 259 0.887455 0.94145 0.861037 0 0.859632 0.864776 11.0148 12.196 15.0175 0 12.5351 13.4224
1025 400 10000 5575 590 17 4 617 263 0.88765 0.89887 0.751541 0.8639 0.884231 0.920873 10.9215 12.3393 13.5638 17.5179 11.9162 12.1969
1025 450 10000 5419 587 21 0 564 255 0.899483 0.947076 0.799644 0 0.879679 0.853079 10.6953 13.7796 12.3485 0 12.2341 11.8092
1025 500 10000 5270 714 7 2 464 273 0.906541 0.931595 0.929011 1.07736 0.90949 0.872207 10.5064 11.0177 22.8434 32.8475 12.1354 13.3168
1025 525 10000 5122 719 12 1 447 215 0.906496 0.909897 0.879155 1.571 0.889804 0.8582 10.4322 10.5835 14.3116 69.6142 12.6622 11.9407
1025 550 10000 4960 758 12 0 418 221 0.917798 0.922942 0.744493 0 0.87937 0.924926 10.2553 9.99358 22.2124 0 13.0727 11.7243
1025 575 10000 4754 790 11 0 374 221 0.909035 0.932149 0.951454 0 0.894304 0.915054 10.2681 10.52 10.8974 0 11.7981 10.9175
1025 600 10000 4451 834 11 3 333 216 0.91984 0.928032 0.923116 0.900381 0.904941 0.918891 10.3317 10.9523 24.5371 47.9649 12.1813 11.061
1025 700 10000 3070 916 6 3 171 187 0.914197 0.931656 0.735891 1.00045 0.895783 0.892983 11.189 9.48582 36.776 36.8866 16.0324 11.8878
1025 725 10000 2626 875 5 3 134 137 0.90842 0.931375 0.988397 0.798251 0.85784 0.957098 11.7357 9.54699 48.9988 11.5722 16.2538 10.6369
1025 775 10000 1552 645 8 1 90 91 0.913165 0.917037 1.07684 0.84493 0.895625 0.93145 13.605 11.0476 28.2688 18.1436 21.2208 13.9832
1025 825 10000 718 381 3 3 59 53 0.90409 0.884491 0.831317 0.748331 0.964135 0.846966 16.3618 13.6141 20.1392 24.885 19.5207 15.2009
1025 875 10000 383 140 1 1 23 25 0.906299 0.867846 1.51048 0.76657 1.0374 0.960479 18.9871 17.3386 59.7731 101.909 28.241 16.3769
1025 900 10000 292 75 0 1 23 13 0.879402 0.876282 0 1.46337 0.924086 0.828753 17.9363 24.3693 0 12.8906 25.7094 16.3488
1050 75 10000 5594 383 10 0 1002 328 0.833652 0.839203 1.01887 0 0.784842 0.787654 12.4383 15.3085 16.4391 0 13.849 15.5884
1050 100 10000 5550 373 12 0 1023 309 0.840461 0.831812 0.962758 0 0.790549 0.831342 12.2805 14.609 16.4793 0 13.658 13.667
1050 125 10000 5531 365 16 0 993 328 0.854548 0.846184 0.768005 0 0.796954 0.785768 12.2827 15.5452 16.775 0 13.6339 14.0627
1050 150 10000 5560 382 10 2 977 289 0.847767 0.852921 0.750279 1.83282 0.813934 0.80948 12.263 14.7611 17.8256 49.4784 13.4282 13.58
1050 225 10000 5712 395 16 0 917 271 0.859744 0.901169 0.95219 0 0.812264 0.847309 11.965 13.6988 13.1985 0 13.0966 13.4001
1050 275 10000 5622 459 15 1 825 317 0.869116 0.873106 0.79912 0.792015 0.830489 0.870593 11.6429 13.5048 14.4928 103.173 13.3029 14.2138
1050 325 10000 5759 459 13 0 726 275 0.870649 0.854079 0.878371 0 0.848107 0.878564 11.4519 13.2111 16.9797 0 12.6194 13.2009
1050 350 10000 5710 455 16 3 707 252 0.884978 0.899013 0.818762 0.805191 0.850947 0.831712 11.3354 12.5178 21.2955 13.7433 12.5692 14.6076
1050 400 10000 5575 559 10 0 718 273 0.891295 0.888376 0.7798 0 0.822888 0.886516 11.0797 11.9102 18.3563 0 12.2396 12.6061
1050 425 10000 5584 553 18 1 653 246 0.894685 0.903568 0.813513 0.794885 0.859475 0.902467 10.958 12.0558 12.3962 17.2587 11.8435 12.901
1050 450 10000 5488 549 18 2 596 267 0.903447 0.966657 0.84628 0.789177 0.873618 0.889372 10.7996 12.0032 25.8092 56.3105 12.7605 12.0686
1050 475 10000 5496 619 5 3 522 233 0.905255 0.916426 0.932838 1.11421 0.881169 0.901475 10.6885 12.6643 42.1678 31.9358 11.7203 12.0275
1050 500 10000 5300 704 13 1 508 237 0.912271 0.930283 0.940266 1.68285 0.881676 0.897493 10.5167 11.3253 16.4536 51.0555 11.6737 11.0732
1050 550 10000 5131 735 6 1 455 239 0.912199 0.949467 0.792637 0.815454 0.885695 0.904911 10.4003 11.0449 14.3385 22.9888 12.2275 12.3144
1050 575 10000 4993 763 10 1 420 236 0.906614 0.929249 0.83481 0.813424 0.887461 0.906097 10.2966 10.1709 22.082 18.9562 12.3901 11.0555
1050 625 10000 4470 855 7 3 333 216 0.923581 0.940145 1.13754 0.842323 0.891878 0.888608 10.2304 10.2705 19.2418 69.3245 11.7204 10.5977
1050 650 10000 4283 871 15 1 317 225 0.916277 0.937248 0.749294 1.67116 0.868821 0.914664 10.4322 10.1574 13.4172 47.5216 12.9736 12.2427
1050 675 10000 3951 880 8 1 239 191 0.916796 0.913904 0.935031 1.5614 0.959321 0.917396 10.4003 9.64415 15.8863 46.4703 12.5084 13.8833
1050 700 10000 3563 966 4 3 204 190 0.922481 0.913383 1.12935 1.0758 0.914457 0.877872 10.7243 9.74333 20.8631 22.1246 13.8811 11.7498
1050 750 10000 2583 854 1 0 128 139 0.923204 0.921354 1.38062 0 0.965341 0.919419 11.8398 9.48599 46.6783 0 15.7894 14.6258
1050 800 10000 1602 659 5 1 73 87 0.895067 0.913087 0.765261 1.68364 0.919092 0.900599 13.6217 11.2085 16.6908 59.2193 22.0403 14.9234
1050 850 10000 756 367 1 0 50 49 0.89144 0.882621 1.51882 0 0.889303 0.937222 17.254 12.1861 54.7325 0 20.0941 18.0432
1050 875 10000 522 209 4 1 45 31 0.906072 0.917033 0.970868 0.863056 0.946428 0.850544 17.613 15.6095 12.8235 108.07 21.9492 16.4803
1050 925 10000 273 72 2 0 23 16 0.891554 0.914857 0.711218 0 0.90249 0.742867 19.9092 25.142 40.7218 0 22.4906 24.9212
1050 950 10000 188 33 1 0 12 6 0.866751 0.806073 0.617434 0 1.01345 1.09227 21.3485 38.4034 34.3591 0 36.3177 37.3944
1050 975 10000 90 16 0 0 10 1 0.908549 1.01489 0 0 0.797364 0.97746 23.7559 32.2077 0 0 33.9175 71.6019
1075 50 10000 5636 320 14 1 1063 325 0.821941 0.858264 0.62951 1.39361 0.772454 0.768871 12.6729 16.7225 24.883 20.8478 13.9728 14.9729
1075 100 10000 5580 353 7 0 1031 269 0.834755 0.828769 0.698961 0 0.775065 0.774525 12.5895 13.7956 15.0024 0 13.8606 16.2708
1075 150 10000 5808 337 11 0 974 280 0.836473 0.850642 0.966284 0 0.794243 0.812042 12.3794 14.5717 15.6653 0 13.6019 15.3168
1075 175 10000 5662 382 10 0 935 295 0.843793 0.860188 0.866682 0 0.803153 0.81372 12.3515 15.0046 13.1948 0 13.4088 13.6507
1075 200 10000 5701 370 14 0 946 283 0.850683 0.82325 0.816586 0 0.783279 0.812269 12.2216 14.1858 29.4219 0 13.5692 14.1275
1075 225 10000 5739 375 10 0 880 296 0.849408 0.948224 0.803677 0 0.822467 0.774226 12.0641 14.0788 17.5689 0 13.1452 13.5709
1075 250 10000 5825 376 13 2 882 292 0.848128 0.889584 0.824966 0.753578 0.812966 0.826529 11.956 13.4695 16.7612 21.9044 13.0927 15.6284
1075 300 10000 5744 425 10 1 844 267 0.86619 0.894472 1.26366 0.827882 0.821736 0.83984 11.7698 14.3012 13.7016 18.5819 12.7294 12.8641
1075 375 10000 5829 466 13 1 722 250 0.877838 0.908713 0.901395 0.77505 0.833132 0.860556 11.292 15.5187 22.3166 115.359 12.4961 13.5364
1075 450 10000 5701 498 12 2 627 259 0.89196 0.907607 1.01636 0.807003 0.845925 0.849758 10.9447 12.6771 11.9759 18.8505 11.9167 12.0405
1075 475 10000 5510 585 5 2 636 268 0.895877 0.897945 0.784521 0.836159 0.875144 0.886905 10.8994 12.214 14.9062 68.6647 13.0481 13.4763
1075 500 10000 5466 572 11 2 565 291 0.899111 0.928731 0.847608 0.879258 0.869086 0.867237 10.6668 11.3665 14.5615 72.467 12.4018 11.9457
1075 525 10000 5467 614 16 1 547 217 0.896084 0.94875 0.944848 0.746739 0.870972 0.915768 10.5783 12.084 15.9516 24.1584 11.7465 13.4631
1075 650 10000 4580 828 17 3 339 211 0.911393 0.949625 0.76356 0.681862 0.893797 0.913575 10.1943 10.1347 13.3007 55.7643 12.8504 12.4056
1075 675 10000 4244 892 13 0 290 197 0.915464 0.945104 0.829065 0 0.935181 0.952448 10.2386 9.56548 11.4925 0 13.7735 11.5874
1075 700 10000 3958 904 15 0 263 223 0.925183 0.924525 0.776865 0 0.878279 0.869167 10.4875 9.46244 19.2647 0 13.0556 10.3921
1075 725 10000 3557 898 14 2 233 161 0.923383 0.932712 0.845307 0.823792 0.888958 0.968207 10.8458 9.87943 21.7795 16.8816 12.8077 12.8228
1075 775 10000 2616 840 7 5 152 141 0.916731 0.938454 1.13782 0.774009 0.881562 0.920006 11.4921 9.73542 32.6275 47.0242 16.7689 12.1384
1075 800 10000 2072 788 5 3 104 118 0.918826 0.923251 0.76622 0.795835 0.937783 0.937021 13.1046 10.4121 16.8299 27.9811 16.5765 12.6284
1075 850 10000 1074 512 4 0 69 66 0.920104 0.902587 0.96556 0 0.861733 0.891534 15.2396 13.4221 19.6181 0 19.6069 20.6193
1075 875 10000 759 348 4 0 37 56 0.892503 0.892905 0.806347 0 1.02267 0.922985 17.7511 13.2663 40.5186 0 27.3333 18.4592
1075 925 10000 398 133 2 0 28 19 0.893801 0.83516 0.607482 0 0.807174 0.915474 18.747 20.2192 51.5597 0 23.9059 39.9563
1075 950 10000 247 59 0 0 16 9 0.870451 0.901659 0 0 0.859451 0.978577 19.074 23.3725 0 0 27.0718 46.7823
1075 975 10000 187 42 0 0 18 7 0.88193 0.895001 0 0 0.908596 0.738894 22.5544 21.2104 0 0 23.1475 35.8602
1075 1025 10000 27 1 0 0 2 1 0.885071 1.85865 0 0 1.35565 0.872373 27.6359 66.3196 0 0 27.1522 15.1021
1100 100 10000 5668 321 12 0 1025 273 0.821405 0.852259 0.893072 0 0.769823 0.823283 12.65 15.8448 15.4733 0 13.9833 16.2852
1100 125 10000 5708 294 16 2 1050 264 0.829161 0.870412 0.768096 1.10073 0.78741 0.795437 12.6919 14.7415 16.1337 41.5051 14.0352 17.6554
1100 150 10000 5632 352 12 0 1073 285 0.838395 0.902232 0.796779 0 0.76668 0.810645 12.3945 14.1648 17.2449 0 13.7462 13.8911
1100 200 10000 5727 351 8 0 976 276 0.840978 0.867162 0.840117 0 0.778253 0.788139 12.3781 13.1001 18.1433 0 13.7401 14.5268
1100 225 10000 5804 353 14 0 953 252 0.845674 0.848346 0.63876 0 0.786841 0.797451 12.2154 16.3863 25.0686 0 13.5876 15.1468
1100 300 10000 5785 408 19 2 862 291 0.859613 0.879919 0.735513 1.16356 0.793098 0.860901 11.8854 14.1621 19.8477 76.0725 12.7129 13.3984
1100 375 10000 5857 443 17 0 763 270 0.864192 0.893162 0.803386 0 0.839005 0.847532 11.4581 12.6003 14.3453 0 12.143 13.0543
1100 400 10000 5732 414 12 1 771 253 0.87907 0.941739 0.916136 0.818057 0.831503 0.816978 11.3093 13.2671 17.1993 143.335 12.7789 16.367
1100 425 10000 5787 488 14 3 708 239 0.878052 0.896588 0.78217 0.550854 0.872945 0.850558 11.3059 13.1836 18.1267 28.034 12.3641 12.432
1100 450 10000 5696 497 10 1 690 250 0.882048 0.906932 1.03853 0.811706 0.837604 0.885823 11.1094 13.2819 12.4059 19.962 12.6378 12.8683
1100 475 10000 5615 493 12 2 642 267 0.892033 0.945345 0.722976 0.836303 0.86598 0.843764 10.9701 11.7948 22.2085 52.2515 12.2539 12.6731
1100 525 10000 5556 589 8 1 574 258 0.897274 0.922767 1.09452 0.925578 0.853666 0.913729 10.7371 11.4794 23.8792 22.1865 12.7687 12.8515
1100 550 10000 5355 604 21 2 540 253 0.906456 0.931552 0.695954 1.58679 0.877474 0.896156 10.6377 11.1778 18.2182 30.8378 12.1868 13.0104
1100 600 10000 5224 678 19 4 459 227 0.90664 0.949647 0.82786 1.40907 0.872226 0.930583 10.4125 11.3324 14.537 20.344 11.9218 11.5519
1100 625 10000 5008 751 12 1 428 228 0.916368 0.964256 0.930326 1.51287 0.886873 0.917736 10.3178 10.2979 13.652 56.7205 11.2207 11.1636
1100 650 10000 4835 778 18 6 407 240 0.914478 0.947918 0.84487 0.756112 0.893419 0.910628 10.2766 10.4754 17.6145 35.7475 12.8587 12.2084
1100 675 10000 4535 828 9 2 333 210 0.922831 0.951967 1.08248 0.788446 0.903267 0.907134 10.3749 10.2917 26.56 57.8755 12.1857 12.691
1100 700 10000 4308 866 13 5 308 207 0.914169 0.915605 0.797051 0.896248 0.895357 0.93239 10.2727 9.86466 15.3558 19.2177 12.6815 10.9637
1100 725 10000 3924 864 9 4 223 191 0.920632 0.951042 0.733693 0.526896 0.977058 0.904058 10.505 9.50566 30.8108 33.1026 14.9095 13.2547
1100 750 10000 3553 917 15 3 227 180 0.916471 0.930842 0.678976 1.05227 0.908068 0.917989 10.8495 9.46049 16.3618 59.0837 15.3739 10.7975
1100 775 10000 3111 866 7 9 175 160 0.9046 0.930142 1.06779 0.788482 0.900887 0.931892 11.0783 9.92125 31.6421 39.001 13.9341 12.3844
1100 850 10000 1601 681 8 1 86 99 0.887903 0.911545 0.779042 0.794623 0.935754 0.947074 14.3821 11.1265 16.5658 103.045 18.8489 15.3838
1100 875 10000 1091 484 5 2 66 66 0.893054 0.870622 0.692272 1.57228 0.957196 0.893486 15.2721 13.1985 14.7048 23.9462 20.2997 15.5886
1100 925 10000 488 211 3 0 44 25 0.890208 0.906535 0.732652 0 0.86072 0.9478 19.3768 17.3679 31.6811 0 18.4428 26.0481
1100 950 10000 335 129 3 2 32 17 0.918952 0.82887 0.747618 0.711076 0.858006 0.874622 18.6038 20.0932 72.2442 59.6465 22.1343 28.6052
1100 975 10000 271 75 1 0 18 12 0.859853 0.839071 0.838773 0 0.889301 0.820623 22.3531 23.0449 36.1299 0 20.4826 18.891
1100 1000 10000 189 31 2 0 8 11 0.857337 0.814535 0.959361 0 0.795377 0.802991 21.1847 24.701 18.8024 0 59.6127 26.1621
1100 1050 10000 30 2 0 0 2 1 1.10511 0.847095 0 0 1.10175 0.708419 24.8924 94.2976 0 0 57.199 103.711
1125 50 10000 5539 296 14 0 1118 327 0.823228 0.863041 0.926876 0 0.757848 0.768597 12.9113 15.0293 16.4809 0 14.1736 14.7075
1125 100 10000 5676 296 12 1 1100 283 0.819308 0.819012 0.842242 1.71606 0.756326 0.795751 12.8634 15.8537 18.0185 16.5509 13.9053 14.2438
1125 150 10000 5752 302 14 0 987 252 0.829965 0.868933 0.744433 0 0.771073 0.814672 12.7524 15.4371 16.6193 0 14.0958 15.8136
1125 225 10000 5835 342 18 0 903 278 0.837532 0.845627 0.763195 0 0.789457 0.798053 12.3674 13.1103 18.4139 0 13.6697 14.1692
1125 250 10000 5849 340 12 1 924 272 0.841518 0.852157 1.14626 0.658307 0.801467 0.772887 12.2431 13.725 16.341 22.3193 13.2294 15.8231
1125 300 10000 5802 358 9 1 879 262 0.849542 0.888244 0.981161 0 0.820526 0.769306 11.9273 14.2037 18.3156 200.131 13.068 13.5763
1125 350 10000 5830 389 17 0 832 270 0.862381 0.880723 0.903056 0 0.833581 0.849244 11.817 14.3851 15.4394 0 12.8421 15.1248
1125 375 10000 5851 439 13 2 762 285 0.864475 0.886464 0.902764 0.812318 0.818175 0.835358 11.6162 12.0315 17.69 15.1575 12.6233 12.8531
1125 425 10000 5881 460 12 1 705 249 0.875989 0.901447 0.623861 1.56167 0.835348 0.875092 11.38 11.7184 24.6124 68.2132 12.4532 13.0186
1125 450 10000 5843 491 14 0 670 264 0.88091 0.900204 0.882203 0 0.870896 0.905043 11.2803 13.4064 14.6391 0 12.3711 13.3689
1125 475 10000 5775 456 10 4 641 226 0.88741 0.920507 0.923342 0.736361 0.859596 0.934144 11.0759 13.6814 16.0076 51.8297 12.3162 13.1749
1125 500 10000 5666 478 12 1 636 287 0.889747 0.923982 0.885425 0.428214 0.869726 0.864462 11.0445 12.2405 20.1718 213.588 12.0572 11.5519
1125 525 10000 5715 566 11 2 544 221 0.888441 0.91766 0.830605 0.81456 0.871008 0.941766 10.8642 11.7021 16.0132 18.8536 12.1271 13.2954
1125 550 10000 5539 577 11 2 588 238 0.901039 0.947671 1.00272 0.845187 0.869321 0.919569 10.7088 11.3482 21.1136 45.6526 11.8957 11.2888
1125 575 10000 5487 629 13 1 559 245 0.901856 0.943511 0.801758 0.84493 0.866953 0.911206 10.58 11.7332 16.3271 17.7539 12.0404 11.5708
1125 600 10000 5444 656 12 1 513 227 0.906511 0.95762 0.890934 0.780912 0.8766 0.926465 10.4198 10.8546 14.9272 34.751 12.511 12.9476
1125 650 10000 5081 717 10 3 402 228 0.906668 0.938364 1.04422 0.886771 0.904519 0.898168 10.3376 10.1507 34.5125 45.1677 12.1521 11.042
1125 700 10000 4577 811 16 4 334 213 0.917188 0.942368 0.925519 0.597652 0.885935 0.935605 10.2848 10.6845 18.1922 44.3951 13.0171 10.9324
1125 825 10000 2634 833 6 1 133 134 0.917174 0.927387 0.883133 0.835162 0.945171 0.886171 11.8042 9.71352 18.2065 229.728 15.2111 14.1745
1125 875 10000 1605 656 0 1 78 80 0.879486 0.907151 0 0.75356 0.975257 0.919515 14.9688 10.3274 0 32.6286 17.8632 20.3617
1125 925 10000 728 371 5 1 35 46 0.903316 0.84076 0.604395 1.54937 0.946822 0.839403 16.9048 16.304 37.4998 72.4703 22.935 25.6791
1125 950 10000 467 218 1 0 32 29 0.93433 0.906228 0.73137 0 0.989243 0.987526 18.6945 19.3617 34.6004 0 22.514 28.9255
1125 975 10000 374 121 3 1 26 17 0.893119 0.830611 0.386835 0.93056 0.885681 0.86013 19.2229 23.9974 92.5355 58.0366 19.1924 23.3618
1125 1000 10000 272 76 1 0 23 11 0.851356 0.848238 1.39013 0 0.94796 0.795681 22.181 19.0714 89.1689 0 23.2963 27.5857
1150 50 10000 5619 298 16 0 1083 300 0.810719 0.777868 0.691651 0 0.748616 0.743567 13.0332 14.6836 23.7661 0 14.3506 17.2535
1150 75 10000 5708 282 7 0 1109 304 0.808465 0.809216 1.10223 0 0.725809 0.791248 13.0561 17.8929 19.7843 0 14.4656 14.8105
1150 100 10000 5629 285 12 1 1080 303 0.81641 0.830071 0.784534 0.711132 0.748676 0.73486 12.9832 18.1808 16.8857 20.3283 14.2443 15.3711
1150 125 10000 5736 285 8 2 1060 298 0.825183 0.853805 0.801399 0.720014 0.739386 0.739939 12.9241 13.8806 17.6192 57.5871 14.2236 15.9492
1150 150 10000 5726 300 11 2 1036 261 0.830262 0.864697 0.847312 0.33459 0.754524 0.778574 12.7314 13.7218 15.0971 47.2531 14.1614 14.6927
1150 200 10000 5942 266 9 1 976 271 0.815018 0.895855 0.805761 1.52512 0.796321 0.755055 12.7001 17.8484 19.2892 73.9262 13.9101 17.9684
1150 225 10000 5820 320 12 0 959 252 0.836123 0.836284 1.00835 0 0.792599 0.79248 12.5397 13.9935 14.0706 0 13.7369 14.4535
1150 250 10000 5917 337 10 0 911 249 0.838289 0.885308 1.17543 0 0.806956 0.768408 12.4993 15.6938 16.5956 0 13.948 18.0112
1150 275 10000 5755 312 9 0 956 296 0.841698 0.899378 0.90198 0 0.816941 0.779347 12.291 13.0914 28.2155 0 13.2935 14.3483
1150 300 10000 5966 375 11 3 889 252 0.841245 0.862471 0.769584 0.776125 0.793171 0.8112 12.1469 13.0743 23.1376 41.3407 13.342 13.4108
1150 325 10000 5884 356 14 1 907 264 0.849905 0.887177 0.762918 0.905737 0.796347 0.812865 12.1233 14.1309 22.256 17.8476 13.3522 14.4204
1150 350 10000 5800 372 13 4 859 288 0.856274 0.885499 0.673215 0.737735 0.820749 0.808639 11.9432 16.3946 23.647 37.9387 13.1605 14.4367
1150 400 10000 5940 403 10 0 789 238 0.864351 0.891917 0.886611 0 0.812978 0.881984 11.6018 12.274 19.9145 0 12.4894 13.132
1150 425 10000 5930 425 9 2 738 247 0.86968 0.901288 0.818718 0.862921 0.835543 0.844926 11.5427 12.9782 28.1783 57.3558 12.6013 12.592
1150 450 10000 5859 463 20 0 754 266 0.872128 0.875958 0.840911 0 0.833297 0.81232 11.3746 12.9602 15.2966 0 12.1137 13.8595
1150 475 10000 5800 490 12 3 686 261 0.876717 0.888578 1.03854 0.874558 0.847357 0.855338 11.2267 13.6974 19.1781 69.8913 12.5525 12.3628
1150 600 10000 5541 601 10 0 488 234 0.896975 0.930682 0.820146 0 0.893836 0.919129 10.5406 11.8517 27.5456 0 12.2016 12.0868
1150 625 10000 5372 651 9 3 468 253 0.909674 0.969316 0.957642 0.887828 0.871129 0.877863 10.4899 11.6669 17.3617 37.8735 12.6402 10.9694
1150 650 10000 5271 671 16 2 438 213 0.904234 0.961339 0.816008 1.18988 0.890775 0.894415 10.4224 12.3779 12.9799 53.3619 11.9005 12.3573
1150 675 10000 5039 747 10 2 426 207 0.919222 0.950294 0.822884 0.797878 0.876257 0.904552 10.351 11.0767 17.3192 55.9436 11.5369 10.945
1150 700 10000 4848 794 10 0 349 206 0.915984 0.942187 0.802418 0 0.905951 0.921178 10.2729 11.1358 13.244 0 11.5194 11.8447
1150 725 10000 4585 866 13 0 347 204 0.918023 0.939591 0.71662 0 0.884267 0.969484 10.4138 11.1845 40.6644 0 12.3222 12.5624
1150 750 10000 4346 817 16 4 261 200 0.920372 0.933923 0.86488 0.579944 0.966948 0.912952 10.2753 10.2457 20.0255 56.4968 13.0652 11.2689
1150 775 10000 4067 918 13 1 249 201 0.918602 0.933223 0.813495 0.787958 0.852609 0.944005 10.3987 9.61132 23.6736 144.362 13.3891 13.9549
1150 825 10000 3107 877 12 3 168 147 0.923927 0.946931 0.83743 1.08059 0.873271 0.896256 11.2685 10.2011 30.9284 59.2818 16.2749 11.8353
1150 850 10000 2602 841 10 1 136 150 0.914997 0.920278 0.829263 0.804625 0.887605 0.957558 11.9762 9.49759 28.2372 228.863 15.0677 11.7846
1150 875 10000 2092 751 16 2 93 106 0.906303 0.89714 0.79724 1.2898 0.920361 0.931693 12.6891 10.7389 17.9748 68.1072 17.043 14.0941
1150 925 10000 1047 480 7 4 79 61 0.904677 0.897517 0.92478 1.01438 0.860784 0.92001 15.804 13.464 41.8427 48.4384 17.1612 19.6094
1150 975 10000 458 180 3 0 21 24 0.886793 0.905457 0.816438 0 1.03705 0.877034 19.6299 14.2127 46.4158 0 26.6601 23.3106
1150 1000 10000 370 107 3 0 35 22 0.876759 0.906544 0.631518 0 0.928279 0.886209 19.4784 19.6439 25.2689 0 20.5971 20.4786
1150 1050 10000 181 33 0 0 11 5 0.890027 0.925482 0 0 1.13017 0.615075 21.9844 23.566 0 0 35.6715 29.6943
1150 1100 10000 33 5 0 0 2 1 0.962115 0.893876 0 0 1.34407 0.845249 27.2246 32.0675 0 0 35.6912 118.66
1175 50 10000 5732 262 12 0 1124 293 0.797306 0.800709 0.867944 0 0.744255 0.740421 13.2537 15.3424 16.2125 0 14.4138 15.9587
1175 75 10000 5691 263 16 1 1083 303 0.803936 0.82202 0.835024 0.76735 0.749011 0.752541 13.1432 14.8363 15.2415 33.71 14.4778 15.1264
1175 100 10000 5746 257 16 2 1067 274 0.808447 0.859714 0.928979 0.423263 0.737252 0.768092 13.1034 15.1584 19.7062 102.564 14.3349 14.9996
1175 150 10000 5713 272 15 0 1064 252 0.817074 0.815809 0.668206 0 0.761194 0.793769 12.9761 13.6079 16.2254 0 14.1569 15.4992
1175 175 10000 5831 277 10 1 1077 278 0.809143 0.832406 0.840874 1.35372 0.759031 0.778358 13.015 15.8105 14.943 53.7359 13.9139 15.7643
1175 200 10000 5811 318 9 0 978 250 0.824945 0.868123 0.880797 0 0.787604 0.82331 12.737 14.3325 23.7853 0 13.868 15.9775
1175 250 10000 5930 341 11 0 981 203 0.82863 0.818193 0.867604 0 0.789268 0.833967 12.5491 14.2064 21.2412 0 13.7679 15.7217
1175 325 10000 5944 357 19 1 851 235 0.839104 0.867485 0.812546 0.811912 0.819189 0.869169 12.2137 13.0851 15.5583 22.849 13.5509 15.2121
1175 400 10000 5926 405 14 0 829 252 0.86048 0.875194 0.852557 0 0.817646 0.849535 11.8439 17.2793 17.7103 0 12.5358 14.4335
1175 450 10000 5904 388 20 1 757 271 0.870569 0.878758 0.77313 0 0.837077 0.840513 11.5489 13.8872 15.3208 4.68055e+07 12.6213 13.007
1175 475 10000 5921 430 20 1 678 236 0.874778 0.907872 0.785063 0.80328 0.853655 0.834757 11.3748 12.2523 16.5382 101.539 12.6303 13.1555
1175 500 10000 5843 515 9 0 668 235 0.880532 0.88401 0.874518 0 0.843634 0.861019 11.2692 12.9874 17.8919 0 12.4334 12.4943
1175 525 10000 5728 497 9 5 628 246 0.885239 0.931651 0.779082 0.909792 0.849703 0.861792 11.1504 13.6917 39.1886 26.9934 12.2246 11.6874
1175 550 10000 5805 516 9 2 611 242 0.885229 0.922474 1.01988 0.809136 0.844479 0.906778 11.0051 11.9826 19.4232 51.2915 12.3513 13.3028
1175 575 10000 5618 523 20 4 574 228 0.895763 0.936841 0.941218 0.592671 0.885593 0.903257 10.8585 12.8 16.2118 42.4176 12.6669 12.5992
1175 625 10000 5513 600 13 0 491 236 0.902066 0.908825 0.819721 0 0.891387 0.893455 10.5967 11.1589 15.568 0 11.7819 12.5727
1175 675 10000 5169 690 9 0 447 223 0.912484 0.951751 0.90357 0 0.873506 0.920096 10.4664 11.2524 23.4411 0 12.5449 10.763
1175 700 10000 5151 750 6 0 372 228 0.905217 0.926243 0.906469 0 0.891248 0.935446 10.3706 10.1309 63.1276 0 11.9226 10.9465
1175 800 10000 4036 888 5 2 254 183 0.919357 0.918988 1.10923 0.827033 0.85797 0.96441 10.2699 9.51762 45.5232 24.8112 15.44 15.3822
1175 825 10000 3737 882 7 4 218 165 0.916574 0.940586 0.907471 0.794307 0.908007 0.933462 10.5455 9.45177 22.641 29.4369 13.0208 11.9239
1175 850 10000 3249 900 8 0 166 138 0.913112 0.923166 0.648524 0 0.931624 0.905418 11.2037 9.64456 41.1624 0 13.2422 12.9372
1175 875 10000 2643 925 10 1 119 157 0.916968 0.923893 0.901728 0.730288 0.894816 0.938801 12.0694 9.5034 22.2371 210.748 15.6514 11.5441
1175 925 10000 1521 679 7 2 93 112 0.893629 0.896589 1.08235 0.98704 0.857351 0.890605 14.1959 11.3872 24.947 25.5531 18.9613 17.3261
1175 950 10000 1010 503 6 0 65 66 0.888275 0.896419 0.813916 0 0.932431 0.903551 16.1381 13.0405 25.6984 0 16.5844 18.8855
1175 975 10000 664 330 4 2 47 42 0.904329 0.905178 0.816915 0.415833 0.856074 0.917784 17.7434 15.3135 20.1082 126.204 20.8176 19.8919
1175 1075 10000 175 47 3 0 5 11 0.821914 0.883132 0.871229 0 0.965841 0.762358 21.7282 23.4446 23.3654 0 59.1962 28.2871
1175 1125 10000 25 4 0 0 0 0 1.02874 0.952965 0 0 0 0 33.7761 30.3652 0 0 0 0
1200 150 10000 5753 242 11 0 1118 232 0.809251 0.835666 0.80563 0 0.749742 0.774412 13.0858 15.3303 18.5832 0 14.2166 15.982
1200 200 10000 5885 285 12 1 1026 263 0.814857 0.819694 0.830395 0.729779 0.759983 0.774876 13.0407 16.8681 19.4676 19.4069 14.1708 16.2562
1200 225 10000 5853 264 14 0 955 243 0.82253 0.862079 0.768326 0 0.790663 0.82058 12.8033 18.0362 17.0521 0 13.8577 16.5625
1200 275 10000 5918 319 11 0 941 263 0.835565 0.848483 0.93629 0 0.78203 0.785925 12.4468 14.0843 18.1438 0 13.7116 16.2966
1200 375 10000 6019 338 11 0 811 285 0.844911 0.892008 0.759791 0 0.817026 0.835919 12.0948 13.8979 16.7068 0 13.1858 15.1948
1200 400 10000 5950 371 7 1 851 236 0.850318 0.893809 1.08344 0.794003 0.816449 0.809741 12.0207 14.1568 21.0313 153.123 13.2132 14.52
1200 425 10000 5945 393 12 0 773 282 0.860325 0.914614 0.790202 0 0.811781 0.829154 11.7754 13.9921 23.9225 0 13.1089 13.5173
1200 450 10000 5967 354 12 0 793 231 0.867508 0.882069 0.97944 0 0.829858 0.809497 11.7169 16.0847 14.5219 0 12.7767 13.3395
1200 475 10000 5962 402 11 1 698 247 0.866552 0.865212 0.694747 1.66335 0.856484 0.856936 11.585 12.6296 30.3701 50.0583 12.7201 15.0581
1200 550 10000 5794 477 9 0 668 241 0.882204 0.895665 0.887133 0 0.860639 0.881814 11.1304 14.192 16.5911 0 12.1104 14.7522
1200 575 10000 5789 494 14 4 613 252 0.890251 0.87285 0.786553 0.807086 0.856528 0.856059 11.0366 11.0228 20.9369 45.3627 12.207 11.8308
1200 600 10000 5667 536 21 1 545 210 0.903934 0.931027 0.732266 0.826392 0.856927 0.902455 10.9121 12.8533 15.0797 107.766 12.6058 12.1682
1200 650 10000 5637 631 9 1 497 227 0.900914 0.900583 0.964051 0.822355 0.895418 0.933879 10.6357 10.78 43.1068 34.5096 11.6958 11.9017
1200 675 10000 5332 655 15 4 506 230 0.89664 0.927285 0.892926 0.824557 0.866637 0.902669 10.5497 11.5 17.999 39.8238 11.4961 11.2625
1200 700 10000 5170 703 14 1 442 234 0.916274 0.927219 0.844444 0.828022 0.898471 0.91375 10.3868 10.8259 15.2683 136.729 12.1232 13.2962
1200 725 10000 5166 738 11 3 401 208 0.913932 0.920753 0.849718 0.981909 0.864623 0.884508 10.3704 10.2631 22.6468 67.3447 12.3644 12.4449
1200 750 10000 4949 775 7 3 378 201 0.915519 0.935 0.935252 0.789388 0.92608 0.93716 10.2393 10.0275 18.2751 53.185 11.7684 10.9051
1200 800 10000 4317 883 13 0 292 213 0.913541 0.942996 0.858789 0 0.891725 0.895211 10.3443 11.5492 19.4866 0 14.6335 10.5329
1200 875 10000 3174 927 7 3 171 156 0.917204 0.912036 0.810685 0.681838 0.920431 0.916179 11.0746 9.51429 20.1942 15.4629 12.9306 14.9548
1200 900 10000 2695 849 4 2 142 145 0.911879 0.914211 1.13142 0.752574 0.911033 0.866164 11.3798 10.0492 50.8571 87.1688 14.9024 14.5573
1200 925 10000 2122 789 4 2 106 116 0.904983 0.921342 0.992808 1.13587 0.897941 0.890303 12.7536 11.4421 26.4608 36.0793 17.8357 23.3971
1200 950 10000 1506 644 5 2 72 84 0.913505 0.909805 0.782265 0.413158 0.957664 0.88492 14.1354 11.522 12.8501 140.523 16.4083 17.3572
1200 975 10000 1060 536 4 2 64 64 0.904643 0.8921 0.744346 0.826012 0.915272 0.880293 15.8171 12.0519 65.0622 28.8294 24.3429 26.7284
1200 1025 10000 528 202 1 1 25 23 0.887161 0.898437 1.26687 0.79054 0.914031 0.856238 18.1281 16.5384 122.046 138.938 26.0771 27.0451
1200 1100 10000 162 34 1 1 16 3 0.918383 0.833823 0.889818 0.680396 0.881457 0.668225 22.2932 26.5387 31.4892 20.2231 24.7119 72.3268
