125 75 10000 4 7 0 0 2 2 1.16145 0.770544 0 0 0.701738 0.872368 23.4837 27.8506 0 0 10.5306 71.9159
150 50 10000 3 6 0 0 3 6 1.20491 1.08717 0 0 1.2526 1.32694 11.1784 28.9298 0 0 27.5644 19.204
150 75 10000 13 6 0 0 6 6 0.799912 1.05857 0 0 0.843175 1.01204 27.975 25.4459 0 0 41.4983 13.2865
150 100 10000 5 2 0 0 0 7 1.11574 1.3634 0 0 0 0.750932 13.9726 36.9103 0 0 0 29.3325
175 50 10000 8 14 0 0 1 12 0.785322 0.884074 0 0 1.41689 1.07754 35.8914 32.5869 0 0 50.7764 43.6836
175 75 10000 13 11 0 0 4 8 0.772313 0.942245 0 0 0.792633 0.799258 18.9834 27.1134 0 0 31.5301 35.4758
175 100 10000 13 7 0 0 3 9 0.884879 0.806679 0 0 1.41447 0.713895 13.72 68.6581 0 0 39.416 37.1083
175 125 10000 16 1 0 0 1 2 0.825523 1.60925 0 0 2.02325 0.679128 14.108 44.27 0 0 52.5206 34.1006
200 75 10000 11 16 0 0 3 7 0.689769 0.809519 0 0 1.12382 1.28004 34.1521 17.0256 0 0 25.3543 29.3867
200 100 10000 7 21 0 0 3 13 1.16246 0.751897 0 0 1.02585 0.846902 38.9774 47.2371 0 0 25.1652 33.3802
200 125 10000 9 6 0 0 5 5 0.952641 0.833439 0 0 0.683314 0.961283 45.877 44.0513 0 0 30.2564 43.3616
200 150 10000 14 1 0 0 5 1 0.951221 0.908603 0 0 1.02883 1.21264 17.0005 40.3166 0 0 27.2839 40.2425
225 75 10000 23 30 0 0 5 26 0.95147 0.955042 0 0 1.12852 0.878998 15.325 15.1229 0 0 27.7743 31.641
225 100 10000 15 28 0 0 3 17 1.14576 0.951183 0 0 0.988054 0.77428 22.234 19.6036 0 0 88.3553 27.5748
225 150 10000 21 9 0 0 5 6 0.844897 0.680556 0 0 0.966894 0.610862 18.0108 39.9624 0 0 21.4428 40.354
225 175 10000 19 2 0 0 3 3 0.963847 1.05414 0 0 1.24606 0.819351 16.0167 30.357 0 0 11.3557 23.2858
250 50 10000 20 71 0 0 5 31 0.847715 0.922176 0 0 0.81705 0.884634 14.7878 22.5581 0 0 49.6755 21.915
250 75 10000 12 37 0 0 8 29 0.979825 1.12517 0 0 1.02891 0.909177 17.6239 19.2152 0 0 38.8046 11.7573
250 100 10000 22 25 0 0 2 18 0.861752 1.09824 0 0 0.801809 1.07774 14.2658 24.5131 0 0 52.3052 26.5817
250 125 10000 23 29 0 0 8 16 0.914944 0.813188 0 0 1.22624 0.94671 20.307 31.1608 0 0 27.9054 11.7597
250 150 10000 17 17 0 1 10 10 1.06202 0.939527 0 0.730048 0.873122 1.06651 20.8593 18.284 0 101.144 36.2272 16.4029
250 175 10000 24 8 0 0 6 2 0.888189 0.771876 0 0 1.03229 1.33084 12.0217 44.0348 0 0 17.1902 39.3795
250 200 10000 20 4 0 0 2 1 0.843139 0.940245 0 0 0.862266 0.707061 17.1818 17.1906 0 0 56.927 12.5379
275 50 10000 25 89 0 0 4 48 0.975517 0.926672 0 0 1.17572 0.936139 17.6365 18.7632 0 0 21.6952 27.2621
275 75 10000 32 77 0 2 6 28 0.949747 0.945368 0 0.425957 1.0378 0.864691 20.5686 24.8181 0 127.968 15.1586 20.726
275 100 10000 18 51 0 0 12 32 1.0019 0.952596 0 0 0.768378 0.858312 29.4109 18.0725 0 0 22.3616 13.4875
275 125 10000 34 56 1 0 11 19 0.841216 0.909462 0.833569 0 1.27892 0.866018 17.3078 14.3281 9.09359 0 29.1838 25.9382
275 150 10000 42 35 1 0 8 18 0.966455 0.909485 0.80163 0 0.864203 0.856278 15.2256 17.5585 10.2447 0 33.2483 26.5107
275 175 10000 28 24 0 0 7 17 1.0064 0.997608 0 0 0.708271 0.875477 20.1859 17.7467 0 0 55.0391 21.4775
275 225 10000 23 2 0 0 6 1 0.802253 0.922421 0 0 0.594709 0.806418 19.1149 42.2086 0 0 25.2868 180.074
300 50 10000 35 155 0 0 6 47 0.965106 0.960047 0 0 0.85885 0.855674 19.2239 11.9068 0 0 38.7867 31.1807
300 75 10000 36 121 0 0 6 41 1.01409 0.881721 0 0 0.868239 0.95764 17.7229 15.6891 0 0 52.1522 22.0716
300 100 10000 49 100 0 0 7 33 0.910732 0.944077 0 0 0.943897 0.85307 16.7306 17.3344 0 0 17.1172 18.0646
300 125 10000 33 53 0 0 13 32 0.875305 0.893442 0 0 0.802645 1.00366 18.2259 20.7099 0 0 14.2414 18.2802
300 150 10000 35 42 0 0 9 30 1.04081 0.949237 0 0 0.713629 0.766841 18.8672 15.1459 0 0 49.3209 18.016
300 175 10000 40 47 0 0 14 22 0.884428 0.770961 0 0 0.941172 0.822924 18.333 15.8275 0 0 14.6928 26.6326
300 200 10000 32 21 0 0 12 2 1.02911 0.856 0 0 0.989495 2.80872 16.7116 22.0632 0 0 22.4896 49.9382
300 225 10000 32 8 0 0 4 4 0.907364 0.782875 0 0 1.20624 0.909482 23.5501 34.684 0 0 43.3559 15.0413
300 250 10000 22 2 0 0 5 2 1.01918 1.14986 0 0 0.776543 0.806749 19.913 47.614 0 0 25.358 29.5019
325 50 10000 51 178 0 0 12 75 1.02591 0.901595 0 0 1.02626 0.952203 17.5269 15.5234 0 0 12.4107 18.9761
325 75 10000 48 163 0 1 6 50 0.959218 0.910142 0 1.34237 0.900116 1.00894 16.9015 17.7124 0 13.5536 16.5793 17.7617
325 100 10000 58 140 1 0 13 47 0.957611 0.893837 0.856845 0 1.02069 0.935782 21.7734 13.5019 11.3767 0 29.5374 26.2328
325 125 10000 50 111 0 1 11 30 0.92219 0.919637 0 0.731093 0.934492 0.919327 16.0973 15.7363 0 10.713 35.898 22.851
325 150 10000 42 75 0 0 9 34 0.863392 0.979051 0 0 1.12876 0.827025 18.8736 19.3548 0 0 17.0466 15.6012
325 175 10000 43 58 0 0 8 17 0.890924 0.836207 0 0 1.07234 1.04007 15.5362 27.0471 0 0 13.2725 20.9621
325 200 10000 50 35 0 0 14 14 0.884188 0.861618 0 0 0.822492 1.0303 16.8416 17.2396 0 0 22.5816 24.9144
325 225 10000 43 20 0 1 10 10 0.895707 0.946736 0 0.659228 0.971633 0.858668 16.4042 25.1867 0 10.7737 19.8173 28.4199
325 250 10000 39 10 0 0 6 3 0.958949 0.954959 0 0 0.898665 0.502037 16.9523 32.2111 0 0 43.6318 92.1608
325 275 10000 22 5 0 0 1 1 0.897719 0.571298 0 0 0.993868 0.652121 16.072 39.2648 0 0 13.4679 111.614
350 50 10000 90 272 0 1 8 90 0.971796 0.934233 0 0.806622 0.822423 0.999626 20.3447 15.5444 0 102.143 42.7765 12.9864
350 75 10000 83 217 0 0 14 88 0.868935 0.964247 0 0 1.13778 0.842203 19.3292 17.2859 0 0 25.078 14.471
350 125 10000 63 136 0 0 26 44 0.954415 0.884392 0 0 0.804294 1.04924 20.6005 13.6612 0 0 19.6645 18.7807
350 150 10000 62 74 0 0 12 33 0.945013 1.0268 0 0 0.938015 0.979433 16.6216 17.1546 0 0 31.6049 23.8975
350 175 10000 57 78 3 0 18 27 1.01184 0.945501 0.636393 0 0.970649 0.94624 16.0469 11.5079 13.6784 0 22.1198 20.896
350 200 10000 82 72 0 0 12 14 0.835374 0.838088 0 0 1.03779 0.858184 16.6384 16.6325 0 0 13.0151 21.1964
350 225 10000 47 28 0 1 8 12 0.875002 0.860509 0 0.81817 0.973477 0.901651 24.2985 32.8383 0 126.051 24.7408 16.9937
350 250 10000 56 23 0 0 4 7 0.945091 0.848795 0 0 1.58625 0.925921 19.0459 14.0512 0 0 18.7138 25.9185
350 275 10000 46 6 1 0 8 5 0.764422 1.11088 0.332045 0 0.914141 0.756869 15.7554 48.8105 13.6098 0 42.2947 50.422
350 300 10000 33 1 0 0 3 0 0.831241 0.662984 0 0 1.01233 0 17.2094 92.2613 0 0 21.7968 0
375 50 10000 125 337 2 0 13 98 0.890267 0.928256 0.745069 0 0.941231 0.92172 19.4072 11.4159 57.4138 0 18.3368 14.9097
375 75 10000 105 310 1 0 15 98 0.845063 0.88928 0.481392 0 0.857117 0.903323 19.6112 13.462 40.7505 0 18.859 14.9408
375 100 10000 114 235 0 0 10 94 0.907506 0.95245 0 0 1.05622 0.888179 15.7727 16.3425 0 0 27.2548 20.2588
375 125 10000 83 199 1 0 11 66 0.871135 0.945393 0.676792 0 1.0994 0.882698 19.8799 15.3219 101.274 0 17.3289 21.0598
375 150 10000 87 165 0 1 12 57 0.898252 0.882402 0 0.76691 1.11707 0.910239 16.5441 16.9624 0 18.4187 20.7269 18.0371
375 175 10000 70 123 0 1 18 35 0.902673 0.921304 0 0.742977 0.878556 0.824195 17.6292 14.4713 0 10.527 39.3038 15.9218
375 200 10000 73 83 0 0 10 31 0.880885 0.944067 0 0 0.927509 0.931428 18.3845 12.2378 0 0 44.0825 18.4836
375 225 10000 59 55 1 0 19 15 0.886051 1.02978 1.43511 0 0.993062 1.14911 23.4057 18.3474 16.1802 0 21.9977 26.6092
375 250 10000 75 31 0 0 14 14 0.919649 0.850162 0 0 0.982386 0.893461 15.6063 24.5988 0 0 17.633 20.9121
375 275 10000 64 16 1 0 7 8 0.916561 0.871965 0.708151 0 0.938316 1.26494 17.0087 32.9186 10.6417 0 22.5157 32.7501
375 300 10000 31 9 0 0 10 5 1.0033 0.773531 0 0 0.954934 0.985619 17.0611 22.9883 0 0 18.1123 28.8033
375 325 10000 27 2 0 0 6 5 0.761596 0.996543 0 0 0.859053 0.618196 14.9341 50.3738 0 0 21.3202 13.5585
400 50 10000 195 414 0 0 25 142 0.917142 0.921069 0 0 0.846588 0.92289 20.2032 11.0972 0 0 20.7066 16.3457
400 75 10000 149 364 1 0 20 131 0.907798 0.932904 0.741222 0 0.845653 0.938872 16.3285 15.2257 11.2859 0 47.431 17.3643
400 100 10000 134 322 1 0 18 106 0.915765 0.920643 0.828001 0 0.979617 0.862016 17.2304 14.0747 13.265 0 23.7289 14.5014
400 125 10000 146 302 2 0 18 92 0.877578 0.937313 0.804375 0 0.698293 0.874951 16.2939 13.7554 12.2402 0 23.8643 19.6572
400 150 10000 116 216 1 2 16 72 0.87954 0.940111 1.56182 0.798902 0.859168 0.975088 17.7154 13.4514 13.4842 10.7938 21.8328 10.9046
400 175 10000 92 158 0 0 12 42 0.915879 0.92218 0 0 0.889635 0.864849 16.4299 13.7017 0 0 34.2757 17.8223
400 200 10000 75 107 0 0 17 43 0.936109 0.867062 0 0 0.743746 0.833761 19.4633 21.3689 0 0 14.0831 15.3389
400 225 10000 101 86 0 0 13 31 0.883349 0.89867 0 0 0.819184 0.791812 17.8921 15.0577 0 0 19.2045 22.2908
400 250 10000 76 56 0 0 11 30 0.8922 0.863369 0 0 0.78089 0.758579 17.1055 10.8426 0 0 19.3792 35.0956
400 275 10000 59 34 0 0 16 12 0.984736 0.944456 0 0 0.756911 1.18788 18.8083 14.2807 0 0 20.3425 27.0941
400 300 10000 66 18 0 0 8 10 0.909961 0.807185 0 0 1.15592 1.13264 13.5843 17.5605 0 0 22.9387 14.77
400 325 10000 40 16 0 0 7 1 0.840429 0.781992 0 0 0.949486 1.44243 20.743 18.5979 0 0 18.1732 54.1573
400 350 10000 27 3 0 0 6 2 0.751878 0.759301 0 0 0.656169 0.218651 16.0653 71.0876 0 0 40.494 302.39
425 50 10000 227 517 0 1 28 155 0.89807 0.956141 0 0.834174 0.847234 0.915185 21.434 13.2411 0 100.657 20.2819 13.3792
425 75 10000 224 480 0 1 19 154 0.91792 0.940283 0 0.634856 0.955624 0.861119 18.7423 14.0258 0 17.268 26.8571 17.2655
425 100 10000 168 431 2 0 28 103 0.9529 0.954231 0.319959 0 0.99968 0.984833 19.3353 14.0766 110.37 0 19.9443 15.2458
425 125 10000 154 356 0 0 11 73 0.945176 0.896149 0 0 1.08501 1.08149 15.6931 13.8765 0 0 24.2777 20.1649
425 150 10000 132 293 1 0 26 74 0.916353 0.941865 0.705551 0 0.898919 0.8956 23.156 14.4947 11.6571 0 16.6795 18.6121
425 200 10000 110 160 1 2 6 48 0.929543 0.872979 0.850595 0.8093 1.59 0.887215 17.2954 16.8881 10.3932 56.5783 39.7407 18.6207
425 250 10000 95 76 0 1 18 29 0.816804 0.909588 0 0.695996 0.779397 0.811756 21.5958 15.9498 0 122.906 12.5933 24.6928
425 325 10000 62 22 0 0 12 6 1.04245 0.878968 0 0 0.831359 1.2935 17.8052 22.8137 0 0 15.1214 23.3939
425 350 10000 51 6 0 1 6 3 0.870749 1.09254 0 0.659185 0.885628 0.891052 15.8993 18.109 0 11.3461 30.635 75.7357
425 375 10000 24 4 0 0 5 2 0.755212 0.601306 0 0 0.832845 0.675569 32.2017 37.6013 0 0 23.8481 36.4859
450 50 10000 346 590 1 0 33 190 0.909324 0.936073 2.12431 0 0.872984 0.915802 19.4553 11.3486 15.7051 0 17.5004 13.0333
450 75 10000 342 478 0 1 26 160 0.938475 0.93532 0 1.59319 0.857648 0.903245 18.3272 13.381 0 69.5486 35.4488 13.5878
450 100 10000 257 502 1 3 18 145 0.907072 0.919996 0.723393 1.04997 1.01744 0.915327 18.8372 12.4803 107.178 12.074 38.0326 15.0389
450 150 10000 173 367 1 1 26 98 0.897966 0.939136 0.78122 0.86031 0.826631 0.961204 19.1366 12.1207 20.3441 100.447 15.1761 15.0802
450 175 10000 198 308 1 0 20 77 0.917267 0.910024 1.51025 0 0.821975 0.891749 19.6317 13.825 45.9572 0 29.3079 14.253
450 225 10000 104 171 0 0 12 56 0.911549 0.9957 0 0 1.00776 0.862472 23.3021 14.2259 0 0 16.1959 16.0628
450 250 10000 102 126 2 2 22 36 0.905705 0.854089 1.07469 0.827192 0.943581 0.997529 20.4207 17.5538 33.0873 69.9491 24.7205 13.92
450 275 10000 100 85 1 1 16 28 0.905725 0.95161 0.434895 0.742548 0.986335 0.950723 20.3225 20.9545 12.5196 11.1631 20.1741 17.1495
450 300 10000 113 58 1 0 15 22 0.922008 0.889024 1.27829 0 0.795021 0.942078 12.7904 16.3669 14.9073 0 18.1659 15.2184
450 325 10000 87 29 0 0 8 13 0.976444 0.977412 0 0 1.05585 0.956919 15.6953 11.7615 0 0 36.0899 21.744
450 350 10000 58 23 1 0 12 6 0.984938 0.788554 0.604845 0 0.737454 1.05421 18.0857 23.1447 18.7929 0 29.0835 14.3118
450 375 10000 45 7 0 0 6 4 0.948345 0.871801 0 0 1.23936 0.759453 18.219 28.6777 0 0 30.8403 38.263
450 400 10000 33 3 0 0 4 0 0.907007 0.679432 0 0 0.815299 0 19.9036 15.8361 0 0 28.1891 0
475 50 10000 499 674 1 0 36 228 0.888231 0.935812 0.434436 0 0.848817 0.917847 17.2346 11.012 146.494 0 28.1281 10.8305
475 75 10000 451 696 0 1 41 211 0.884812 0.910996 0 0.849528 0.844445 0.924564 19.3997 12.1345 0 100.623 26.4763 14.3971
475 100 10000 379 542 1 0 36 203 0.901 0.925219 0.753958 0 0.88315 0.92345 15.7159 12.3332 13.9772 0 18.8587 12.8761
475 125 10000 330 502 0 1 32 161 0.904379 0.934023 0 0.674679 0.936566 0.928516 19.267 11.6409 0 263.997 13.8934 12.4756
475 150 10000 290 462 4 3 25 138 0.907528 0.930468 0.830985 0.897208 0.94244 0.917239 16.3074 14.4023 27.9323 33.2445 24.5629 16.4913
475 175 10000 239 354 0 0 22 101 0.887473 0.915987 0 0 0.836901 0.969467 16.6948 13.7031 0 0 21.0054 18.5779
475 200 10000 181 300 0 2 29 86 0.873878 0.930346 0 1.40369 0.779379 0.925346 17.4456 12.157 0 58.7202 19.6371 15.8086
475 225 10000 181 224 0 2 19 61 0.886771 0.890085 0 0.787259 0.777264 0.872161 17.9561 14.8066 0 56.2342 24.0665 21.3381
475 325 10000 97 56 2 0 11 17 0.902172 0.894875 0.812172 0 1.01028 1.03053 17.623 18.736 52.9064 0 24.3438 22.3793
475 375 10000 71 9 0 0 9 7 0.96399 0.884074 0 0 0.789223 0.75226 18.9984 51.6852 0 0 24.4279 31.9819
475 400 10000 57 7 1 0 4 4 0.927208 0.829622 1.17901 0 1.13979 0.795114 14.448 62.2349 39.5096 0 46.7961 26.6606
475 425 10000 23 1 1 0 1 2 0.76282 0.715395 0.550253 0 3.48607 0.708609 18.2554 205.786 41.2102 0 32.1866 46.6128
500 50 10000 586 730 1 0 51 265 0.899893 0.932326 0.817595 0 0.911944 0.927776 17.742 9.80286 110.671 0 20.768 11.6528
500 75 10000 570 709 1 2 43 214 0.896429 0.942302 1.10859 0.783927 0.889485 0.956295 16.9101 10.9852 64.067 12.4359 19.6509 13.1533
500 100 10000 563 679 1 0 40 217 0.884555 0.932328 1.43728 0 0.845118 0.922692 16.2986 10.4073 58.7672 0 18.1379 15.9629
500 125 10000 483 626 3 1 25 197 0.897225 0.916679 1.13308 0.658926 0.827897 0.911848 18.1335 11.5402 49.6438 17.0377 35.1982 13.0848
500 150 10000 379 576 0 1 29 145 0.924129 0.904038 0 0.822355 0.79708 0.955935 20.005 13.0286 0 12.9218 22.6225 15.3233
500 175 10000 366 472 0 1 36 123 0.926054 0.924128 0 1.55433 0.895057 0.931692 18.3861 12.0114 0 46.1866 17.0648 14.6764
500 200 10000 279 376 2 1 23 103 0.885145 0.904559 0.338022 0.841582 0.874009 0.933541 16.8519 12.8681 121.838 97.091 25.2607 16.2773
500 225 10000 210 325 1 1 24 71 0.959495 0.939088 0.83994 0.806636 0.884821 0.908183 18.3826 11.3464 15.0086 104.746 17.0009 18.1729
500 250 10000 151 246 1 0 28 68 0.969747 0.886023 0.492931 0 0.760244 0.893171 17.5009 16.3133 14.3472 0 21.6938 26.5604
500 300 10000 114 115 1 0 17 53 0.953129 0.900369 1.35935 0 0.919796 0.83119 19.523 16.6463 15.2724 0 21.4456 13.7326
500 325 10000 111 83 0 0 22 27 0.945703 0.925685 0 0 0.818688 0.991213 17.1886 20.9869 0 0 18.9891 16.4871
500 350 10000 106 58 0 0 13 14 0.901886 0.959577 0 0 0.928872 1.04303 14.6347 16.9431 0 0 17.2942 30.3276
500 375 10000 87 31 0 0 20 11 1.01595 0.993257 0 0 0.963345 0.916697 16.0617 28.6942 0 0 14.8903 18.8947
500 425 10000 59 4 0 0 6 4 0.832597 0.99165 0 0 0.975277 0.957148 18.0131 45.8385 0 0 27.801 48.2823
500 450 10000 27 1 0 0 2 1 0.910986 2.34609 0 0 1.5853 0.955655 18.2623 30.2177 0 0 20.2281 66.0504
525 50 10000 828 782 1 5 59 285 0.899345 0.925622 0.635259 1.11875 0.897345 0.908436 14.8907 10.0311 127.925 33.7666 20.8219 11.29
525 75 10000 803 747 4 2 66 256 0.877033 0.92669 1.08638 0.845542 0.894555 0.923118 15.2546 9.72968 14.5708 71.6964 19.5609 10.5783
525 100 10000 708 742 1 0 51 256 0.894321 0.929938 0.723331 0 0.936226 0.896435 16.3944 10.4884 114.71 0 21.3147 16.5476
525 150 10000 538 622 2 2 53 188 0.921746 0.925338 0.84086 0.809985 0.90114 0.88197 18.8884 11.0122 9.17457 48.368 18.6851 12.8213
525 175 10000 450 527 1 0 41 169 0.909365 0.90455 0.706692 0 0.97736 0.917822 17.1 11.0804 11.4482 0 11.9247 14.2232
525 200 10000 393 432 1 1 18 123 0.870251 0.928191 0.680701 0.855853 0.762138 0.898264 21.3353 14.1483 20.0346 100.463 45.8606 14.5749
525 225 10000 333 401 2 1 25 100 0.912538 0.941175 0.768259 0.831639 0.967227 0.866713 15.6485 11.9825 77.8742 16.5993 23.2439 17.7511
525 250 10000 249 303 2 1 33 81 0.920838 0.946838 0.618483 0.830356 0.869964 1.00081 19.7612 13.1001 10.8344 104.474 17.5917 19.8212
525 275 10000 218 212 0 0 21 62 0.880717 0.942778 0 0 0.869455 0.951736 16.5584 15.484 0 0 19.4647 14.8951
525 300 10000 149 159 0 1 14 57 0.941933 0.966127 0 0.852828 0.941284 0.895808 16.8034 16.3325 0 125.721 19.8766 15.6147
525 325 10000 146 134 2 0 13 53 0.894326 0.894034 0.82965 0 1.04631 0.816637 15.4164 15.8513 12.6776 0 23.405 15.9375
525 375 10000 132 58 0 0 18 16 0.950722 0.886496 0 0 0.850339 0.949997 15.3487 26.7664 0 0 24.0782 18.4606
525 425 10000 85 15 0 0 6 6 0.869823 0.962699 0 0 0.846729 0.685746 15.7031 34.0831 0 0 28.1119 31.5443
525 450 10000 50 3 0 0 6 6 0.913907 1.0664 0 0 1.09847 0.726913 22.0495 69.106 0 0 30.7531 36.151
525 475 10000 31 2 0 0 3 1 0.863467 1.27847 0 0 0.635511 1.04878 18.7144 21.8335 0 0 36.508 47.4938
550 50 10000 1041 857 2 1 67 313 0.898963 0.908673 0.678988 0.827481 0.920305 0.917403 15.2136 10.2665 11.9271 10.1071 16.739 11.2932
550 75 10000 956 801 2 2 64 295 0.901444 0.933455 0.681098 1.2748 0.896435 0.895966 15.011 10.3875 144.831 10.5936 23.5263 12.3662
550 125 10000 878 713 1 4 51 246 0.887541 0.927145 2.01359 0.679066 0.883085 0.905308 16.1898 10.4605 85.6509 14.431 20.4414 10.5876
550 150 10000 753 646 2 2 47 200 0.907146 0.949357 1.06521 0.841206 0.915155 0.883263 18.0724 11.1842 78.3986 66.158 16.1481 15.0312
550 175 10000 612 588 3 0 35 194 0.909527 0.945088 0.759248 0 0.944865 0.93899 17.2773 10.8902 37.8788 0 21.7571 10.2873
550 200 10000 548 525 0 0 27 168 0.892714 0.929219 0 0 1.11017 0.881443 16.3085 11.0105 0 0 21.8549 13.2699
550 225 10000 441 448 1 0 18 145 0.88644 0.911799 0.571117 0 0.860625 0.933501 18.5385 11.6846 19.4809 0 23.4675 14.688
550 250 10000 349 374 0 1 24 108 0.90554 0.947482 0 0.894814 1.00119 0.950425 15.6836 13.9334 0 100.682 19.4126 15.5865
550 275 10000 243 309 1 0 19 87 0.881889 0.911168 0.796665 0 0.845449 0.906925 19.1412 13.523 163.027 0 44.0748 19.9376
550 325 10000 177 157 1 0 23 40 0.95323 0.981779 0.808992 0 0.823137 0.948942 17.715 14.5559 14.5791 0 17.4788 22.3177
550 350 10000 151 147 1 0 17 44 0.917769 0.925803 0.914365 0 0.883402 0.913033 15.4549 14.6562 19.989 0 15.7644 14.1279
550 375 10000 133 80 0 0 18 31 0.893952 0.880287 0 0 0.942314 0.903906 17.0065 15.5725 0 0 24.5121 24.1988
550 400 10000 115 54 1 0 16 20 0.981697 0.95419 0.851064 0 0.951849 0.880348 15.5919 14.7143 11.0148 0 24.7643 15.1972
550 450 10000 106 11 1 0 17 8 0.815945 1.04525 0.334397 0 1.02489 0.940821 15.5131 26.7148 12.9464 0 31.0065 28.2204
550 475 10000 47 3 1 0 6 3 0.881282 1.50648 0.71254 0 0.936157 0.85541 22.3423 33.7756 13.1172 0 36.9312 55.6031
550 500 10000 26 1 1 0 6 2 0.838666 1.4866 0.439013 0 0.581594 0.47709 30.5991 43.2325 13.4966 0 33.2931 23.4413
575 50 10000 1223 833 2 2 82 322 0.897306 0.925896 1.86539 0.415541 0.892032 0.907406 14.0175 10.2085 30.0192 22.002 22.1649 12.0839
575 75 10000 1176 786 6 5 83 298 0.918897 0.905846 0.665106 0.809974 0.856547 0.878102 13.6701 10.3705 33.0257 31.7572 19.822 11.3905
575 100 10000 1150 799 2 2 72 241 0.906703 0.918755 0.651719 0.818394 0.973559 0.932253 15.364 10.1738 15.3852 45.2449 16.3146 12.5465
575 125 10000 1075 744 2 1 90 266 0.907217 0.933181 0.69301 1.5004 0.798911 0.918468 14.2095 10.6852 34.6784 47.58 17.0379 11.8515
575 150 10000 967 703 1 3 57 259 0.913976 0.913574 1.71299 0.851867 0.935554 0.889088 16.2292 10.1854 71.8686 107.287 14.5159 10.866
575 200 10000 722 587 3 2 45 188 0.896154 0.932946 0.806932 0.816323 0.88591 0.896036 16.9711 10.969 16.6333 72.6144 17.7152 12.3916
575 225 10000 565 555 4 3 38 165 0.891859 0.953858 0.820743 1.00431 1.01874 0.915199 16.8157 12.5335 31.1491 30.4812 25.7982 14.4252
575 250 10000 464 459 2 0 40 147 0.904844 0.913598 0.869609 0 0.925414 0.942389 17.6105 12.4405 51.0282 0 23.0632 15.2662
575 375 10000 172 120 0 0 17 30 0.886116 0.850631 0 0 1.03902 0.962528 17.1852 15.6819 0 0 15.0669 14.663
575 400 10000 144 85 0 0 17 22 0.940228 0.909184 0 0 0.752654 0.89653 15.1455 18.3449 0 0 22.8368 18.6258
575 450 10000 114 47 0 0 17 7 0.866081 0.915045 0 0 0.744909 0.97065 16.1222 27.4422 0 0 22.8374 39.9191
575 475 10000 74 16 1 0 10 7 0.991906 0.888978 0.54707 0 0.699763 1.18554 18.1362 25.0088 100.691 0 41.0096 15.634
575 525 10000 29 5 0 0 1 0 0.772817 0.656566 0 0 0.48282 0 27.4238 41.4504 0 0 14.6703 0
600 75 10000 1381 864 5 1 89 327 0.915441 0.90879 0.602499 0.658307 0.877096 0.903973 13.3786 10.2292 42.0646 18.1901 20.4136 11.0622
600 100 10000 1372 824 5 3 72 283 0.903168 0.933716 0.705722 0.453996 0.965891 0.924836 12.8979 10.4069 24.943 72.354 18.1302 13.4461
600 125 10000 1272 769 2 2 88 273 0.894313 0.948061 0.872749 0.836242 0.858339 0.921486 13.5479 10.6789 51.6009 12.7286 17.1756 11.2959
600 150 10000 1175 749 0 1 80 214 0.904451 0.942009 0 0 0.871486 0.920428 14.2652 10.3331 0 7.86262e+07 20.423 11.1249
600 175 10000 1076 671 3 1 71 224 0.8894 0.925303 0.716748 1.83581 0.965146 0.904877 15.4291 10.0915 11.6607 29.0002 22.5401 12.2052
600 200 10000 917 676 3 1 62 215 0.906771 0.920435 0.560234 0.674288 0.909341 0.954715 15.4289 10.7379 113.573 121.519 22.0803 11.649
600 225 10000 806 571 0 2 48 200 0.897786 0.918157 0 0.866951 0.888721 0.899836 16.6434 10.0034 0 97.5669 17.5436 12.591
600 250 10000 641 539 2 0 54 156 0.919232 0.915478 0.793634 0 0.872352 0.938344 17.5631 10.5961 54.2353 0 15.3504 13.7981
600 275 10000 497 494 0 2 29 121 0.897909 0.917082 0 1.20169 0.780352 0.911412 18.4977 11.843 0 73.3309 36.0305 15.6597
600 300 10000 417 386 1 2 32 104 0.9106 0.909103 0.82611 0.873933 0.862613 0.900262 16.8661 14.885 13.1302 48.5485 21.3243 16.57
600 325 10000 307 309 1 1 25 73 0.93467 0.89932 0.815652 0.924997 0.978446 0.862625 17.5154 11.9489 25.7787 9.8974 20.4826 18.1035
600 350 10000 229 248 0 1 18 67 0.950226 0.922989 0 0.804517 0.845632 0.849684 17.9058 11.9749 0 14.8778 29.282 20.7097
600 400 10000 175 117 1 1 19 46 0.95823 0.979882 1.3769 0.843549 0.894004 0.881845 16.255 16.9454 19.8611 100.912 17.4704 19.7243
600 425 10000 166 87 0 1 17 29 0.92849 0.911269 0 0.818309 0.912067 0.947313 16.4223 18.159 0 10.4311 31.1999 23.3029
600 450 10000 133 40 0 0 21 15 0.916869 0.89816 0 0 0.84752 0.910302 15.4287 24.1833 0 0 14.1476 20.0654
600 475 10000 126 28 0 0 10 13 0.872415 0.951083 0 0 0.872527 1.00415 18.3374 21.0623 0 0 22.1857 24.6961
600 525 10000 45 6 0 0 13 5 1.04306 0.97237 0 0 0.687677 0.631727 20.4786 33.176 0 0 20.3954 26.0297
600 550 10000 26 1 0 0 2 0 0.951503 1.42313 0 0 0.882633 0 19.5422 28.4243 0 0 69.3954 0
625 50 10000 1704 814 3 2 122 352 0.892754 0.921851 1.02666 0.726168 0.912284 0.902553 12.8509 10.8248 30.0049 13.4371 15.8437 11.9973
625 75 10000 1699 765 3 3 125 323 0.897968 0.945815 0.687378 0.779796 0.85495 0.920354 14.063 10.6505 15.1516 33.6591 17.1436 11.6967
625 100 10000 1598 798 2 4 130 298 0.915158 0.924725 0.838042 0.738026 0.917553 0.899456 13.3313 10.0706 12.4407 46.7609 15.7787 13.8701
625 125 10000 1549 716 5 1 101 283 0.908174 0.943197 1.0994 2.1976 0.90812 0.87596 13.8975 10.4046 33.2875 36.0936 17.1699 11.4572
625 150 10000 1502 772 0 2 96 256 0.9173 0.933937 0 0.795937 0.951234 0.915147 13.2484 10.3402 0 55.4067 16.5068 13.0105
625 175 10000 1295 773 5 2 92 252 0.926568 0.917824 0.981015 0.431988 0.866114 0.922062 13.6199 11.2059 20.9509 183.82 20.1625 10.774
625 200 10000 1190 686 1 1 75 235 0.925019 0.931025 0.724362 1.68971 0.795586 0.921194 15.0745 10.6935 100.638 15.5926 15.931 11.5223
625 225 10000 1005 694 2 3 55 193 0.912022 0.914874 0.590912 1.10554 0.903189 0.905908 15.3377 9.97888 206.608 30.3431 17.8138 14.1117
625 275 10000 714 542 4 0 52 173 0.899849 0.921813 0.921424 0 0.846413 0.905925 16.7536 12.0845 11.7857 0 20.0649 13.2577
625 300 10000 537 443 1 1 46 116 0.89946 0.936149 0.815345 0.643045 0.882188 0.959023 17.4903 12.8124 17.6851 22.8067 16.7688 15.1784
625 325 10000 438 407 2 3 32 113 0.916404 0.911247 0.742954 0.493398 0.842873 0.880097 17.2451 12.1524 11.6404 118.33 17.8281 13.6226
625 350 10000 317 313 0 0 38 87 0.943079 0.943308 0 0 0.765648 0.931423 15.8675 13.6944 0 0 17.0986 14.8334
625 375 10000 261 244 0 2 28 45 0.921478 0.902871 0 0.404613 0.873537 1.07174 17.8989 14.6477 0 218.629 24.7711 15.7529
625 400 10000 202 178 1 0 25 42 0.905897 0.906312 0.658966 0 0.848837 1.02013 16.9542 13.1782 11.6005 0 19.098 15.5107
625 500 10000 119 36 1 0 12 9 0.881009 0.83994 0.73793 0 1.00111 0.816715 16.6166 21.4047 21.5431 0 17.8278 28.8733
625 525 10000 99 22 0 0 11 9 0.874369 0.747896 0 0 0.786715 0.858637 18.4494 19.0685 0 0 31.2885 25.7852
625 575 10000 26 3 0 0 0 1 0.991387 0.85637 0 0 0 0.805514 25.9282 28.8906 0 0 0 59.0406
650 50 10000 1957 749 2 0 140 358 0.90682 0.930017 0.677003 0 0.89681 0.893377 12.7985 11.5839 13.9241 0 14.5415 11.0725
650 75 10000 1956 727 1 0 151 362 0.902523 0.933491 0.634045 0 0.898634 0.905322 12.3579 10.7587 19.2094 0 14.5448 11.9066
650 100 10000 1825 818 5 1 126 345 0.910393 0.910144 0.899789 0.78665 0.856821 0.919598 13.0346 10.5205 17.7599 106.004 15.7319 12.7736
650 125 10000 1800 797 3 2 124 357 0.910735 0.93075 1.02567 0.773377 0.865413 0.868296 13.2387 12.5325 41.5547 46.8061 13.0471 11.3017
650 150 10000 1725 731 2 2 116 282 0.902946 0.923265 0.855257 0.843462 0.910705 0.908561 12.9317 10.3521 12.1251 71.8412 16.7636 11.2208
650 200 10000 1485 688 5 4 94 233 0.896711 0.933449 0.674638 0.635489 0.84358 0.925626 13.7283 10.2888 22.0508 11.0866 20.3145 12.6972
650 300 10000 686 518 1 1 45 135 0.915205 0.938728 0.885313 0 0.82976 0.882388 17.4757 10.5965 10.8116 9.71027e+07 16.6113 16.225
650 325 10000 576 475 0 1 30 136 0.883752 0.930805 0 0.658566 0.899853 0.931889 16.721 10.6729 0 13.0966 16.9891 13.9216
650 375 10000 355 295 1 1 28 78 0.897323 0.963688 0.620358 0.83403 0.945662 1.02956 15.8059 12.9834 34.8997 109.055 15.443 17.8465
650 425 10000 205 161 3 0 20 42 0.947605 0.932775 0.82456 0 0.874307 1.07443 17.5264 18.2973 36.6676 0 21.5067 16.2494
650 500 10000 129 50 1 0 23 16 0.909493 0.875474 0.847695 0 0.840405 1.11554 15.9553 15.5384 13.705 0 15.2609 26.9141
650 525 10000 120 30 0 0 16 10 0.935572 0.98636 0 0 0.798739 0.922642 17.0165 13.4659 0 0 35.2523 40.283
650 550 10000 78 19 0 0 8 11 0.884861 0.813 0 0 1.24232 0.860019 18.2115 24.9792 0 0 18.6488 27.5322
650 575 10000 50 11 0 0 2 6 0.884708 0.828421 0 0 2.50166 0.667237 20.5522 41.3749 0 0 25.1501 29.0686
650 600 10000 25 1 0 0 3 3 1.02513 0.343107 0 0 1.11052 0.714859 21.8922 129.241 0 0 13.3185 81.4825
675 50 10000 2128 752 10 1 187 360 0.898207 0.909677 0.76711 1.70736 0.853787 0.885447 12.0779 10.8517 19.3134 47.6591 13.5841 11.7567
675 75 10000 2164 790 4 2 137 380 0.886726 0.903675 0.760713 0.77233 0.917853 0.884987 12.0743 10.745 42.415 48.4992 15.5177 11.4794
675 100 10000 2140 730 5 1 145 330 0.910152 0.922948 0.709148 0.826995 0.873452 0.913191 11.805 10.9733 14.6398 157.913 15.3273 11.6261
675 125 10000 1996 755 5 2 157 320 0.897362 0.929313 0.665931 0.821817 0.810368 0.903096 12.6377 10.9005 35.7845 15.3485 14.9912 11.8204
675 200 10000 1693 686 2 2 101 240 0.90479 0.930364 1.74347 0.493102 0.821812 0.931568 13.1437 10.0678 11.8948 20.2311 19.7767 10.887
675 275 10000 1190 668 2 1 62 188 0.905295 0.929177 0.634936 1.46865 0.840059 0.933817 14.8605 11.6438 128.551 62.7566 26.7668 12.397
675 300 10000 952 627 2 0 51 174 0.901738 0.931837 0.891124 0 0.851934 0.892887 15.807 10.7902 53.8915 0 19.9152 12.5544
675 325 10000 786 552 0 0 49 147 0.926629 0.911933 0 0 0.96654 0.896796 16.1129 10.8084 0 0 19.6887 11.4053
675 400 10000 379 294 0 1 24 71 0.906414 0.923052 0 0.815444 1.12134 0.937885 16.3669 13.7813 0 17.3136 23.3832 15.9498
675 425 10000 287 217 1 0 32 69 0.933917 0.923694 0.830914 0 0.951079 1.03803 19.4523 15.2958 29.1984 0 18.5032 24.321
675 450 10000 233 149 1 1 19 43 0.844539 0.916075 0.769346 0.850821 0.880549 0.89477 18.9038 14.9744 11.4897 12.1155 24.6185 26.6157
675 500 10000 166 76 0 0 17 26 0.906123 0.961442 0 0 1.00264 0.851362 18.4056 21.2249 0 0 25.326 26.8882
675 525 10000 146 44 0 1 12 12 0.902929 0.902074 0 0.817595 0.978473 1.01402 17.0911 18.8197 0 23.7448 16.064 25.4783
675 550 10000 126 19 1 1 11 8 0.894721 1.00987 0.362139 0.484823 0.740307 1.066 17.7677 23.3424 101.321 17.7828 18.2701 41.5189
675 575 10000 124 16 1 0 10 5 0.866366 0.715557 1.27501 0 0.89817 1.15883 18.9145 26.8578 38.3246 0 30.0286 28.3913
675 600 10000 43 3 0 0 8 0 0.933296 1.03513 0 0 0.895452 0 22.6635 48.2628 0 0 14.0531 0
675 625 10000 28 1 1 0 0 0 0.988515 1.3572 0.439013 0 0 0 20.4976 44.0921 16.9462 0 0 0
700 100 10000 2387 704 5 1 170 326 0.901762 0.926173 0.886479 0.659153 0.865203 0.894351 11.9232 11.5231 20.9432 28.313 18.0936 11.6149
700 150 10000 2220 777 4 2 154 296 0.888487 0.917371 0.799148 0.608111 0.844101 0.911577 12.2287 10.4995 11.0976 18.3999 16.6144 11.3778
700 175 10000 2112 728 8 2 139 303 0.894989 0.952058 0.749044 0.413027 0.824163 0.884993 12.9621 11.7155 31.6288 11.2989 15.8463 11.2585
700 250 10000 1665 712 1 1 104 234 0.8984 0.935332 0.834792 0.834609 0.841654 0.969674 12.9858 10.187 16.0732 101.104 18.0437 11.4423
700 300 10000 1242 588 2 0 78 219 0.899437 0.951793 1.06882 0 0.876584 0.868134 15.0741 10.5218 48.598 0 16.1317 14.0989
700 375 10000 637 485 2 1 33 114 0.915454 0.940875 0.783547 0.634484 1.03995 0.869673 16.7118 12.7093 46.247 21.7784 22.8799 23.5168
700 400 10000 498 383 2 0 44 99 0.886271 0.910778 0.646678 0 0.882599 0.860435 16.1449 13.6409 69.1366 0 22.9496 14.7426
700 425 10000 349 317 0 0 30 85 0.929447 0.953839 0 0 0.834724 0.883884 17.2733 16.0348 0 0 21.1878 16.5727
700 450 10000 266 232 2 0 12 59 0.919346 0.918817 1.50599 0 0.89204 0.869106 17.8538 16.2338 11.5124 0 28.7965 20.6061
700 475 10000 206 180 1 1 21 38 0.939398 0.915269 0.724444 0.743263 0.924633 0.945618 16.7648 15.4589 12.1399 13.2611 24.6839 17.4626
700 525 10000 165 67 1 0 15 21 0.929884 0.858236 0.742806 0 0.919012 0.999106 16.6905 20.1876 101.204 0 14.1533 25.9242
700 600 10000 92 12 0 0 6 2 0.930368 0.86801 0 0 1.07958 1.75629 19.5753 46.7523 0 0 28.9629 50.7966
700 625 10000 68 6 0 0 5 2 0.867332 1.05987 0 0 1.28894 1.3287 19.6666 34.3935 0 0 17.7783 37.9521
700 650 10000 24 1 0 0 1 0 0.958202 0.922699 0 0 1.47492 0 21.5515 19.4409 0 0 45.734 0
725 75 10000 2594 704 4 1 190 358 0.890044 0.905485 1.03873 0.483494 0.876432 0.888328 11.6078 11.473 21.6408 17.2958 15.4355 12.7717
725 100 10000 2515 704 3 2 185 319 0.902533 0.92337 0.632418 0.624172 0.869717 0.89021 11.8892 11.2469 19.3066 25.7475 14.2398 12.1342
725 125 10000 2473 734 11 2 178 344 0.907302 0.908879 0.924405 1.17243 0.912491 0.894869 11.8018 10.8956 17.3614 47.1912 14.1589 11.5563
725 150 10000 2482 715 7 1 171 328 0.908473 0.925158 0.818196 0.830026 0.826103 0.893513 11.8775 11.5917 12.4899 18.6005 18.1574 10.9915
725 200 10000 2215 722 8 0 160 297 0.898143 0.918724 0.756707 0 0.828984 0.904457 12.8605 11.1058 18.1892 0 17.9328 11.3049
725 225 10000 2134 715 11 0 128 265 0.886093 0.912931 0.984865 0 0.866966 0.870739 12.4642 10.1423 19.3314 0 17.0507 11.8978
725 250 10000 1876 701 4 1 108 231 0.918521 0.955335 0.803929 3.46007 0.896834 0.927628 12.9871 10.2391 12.5459 43.1522 15.83 11.3305
725 275 10000 1887 682 4 1 91 263 0.89624 0.935748 0.711 0.754633 0.851708 0.902634 12.8603 9.93398 27.7937 122.604 14.8743 13.2975
725 325 10000 1302 674 1 0 68 192 0.91126 0.948186 0.852741 0 0.855804 0.905286 15.0385 10.0168 101.622 0 19.646 12.1304
725 350 10000 1086 587 6 2 51 199 0.910596 0.938805 0.698224 0.840798 0.920532 0.855087 15.0713 10.0613 29.8009 47.0822 15.9754 10.917
725 375 10000 816 531 4 3 54 149 0.921425 0.938477 1.22438 0.813507 0.855394 0.864882 15.9923 12.6097 22.7925 12.724 21.9798 12.0015
725 400 10000 625 468 1 0 38 123 0.927803 0.952569 0.84951 0 0.80882 0.952327 16.6774 13.7961 19.4948 0 21.613 12.6106
725 425 10000 500 399 2 1 29 106 0.913306 0.907291 0.859257 0.752497 0.809249 0.847456 16.1422 12.091 51.1948 111.864 21.414 15.0485
725 450 10000 337 302 1 0 33 80 0.914316 0.912568 0.743469 0 0.872243 0.929587 16.9958 13.2441 127.062 0 18.4926 16.6774
725 475 10000 298 216 1 1 26 77 0.924166 0.950989 0.743015 0.849615 1.03165 0.898836 16.7063 16.8937 17.3925 11.3505 22.1421 17.359
725 550 10000 161 75 1 1 26 15 0.918788 0.93151 0.801829 0.822355 0.865588 1.13723 19.1609 13.5864 35.0147 114.613 20.9153 24.7607
725 575 10000 145 33 0 1 17 14 0.8769 1.04432 0 0.804072 0.842371 0.873925 16.6648 24.861 0 100.956 22.2524 20.2033
725 600 10000 115 22 1 0 9 5 0.989936 0.809616 0.815848 0 0.964202 0.875947 18.6289 23.0427 17.3636 0 32.5025 39.4173
725 650 10000 47 8 0 0 1 2 0.996673 0.837728 0 0 1.91688 0.893175 26.6143 37.168 0 0 23.2701 143.412
725 675 10000 22 1 0 0 5 0 1.00773 0.962936 0 0 0.635466 0 25.0399 27.4723 0 0 16.8893 0
750 50 10000 2813 656 5 3 244 349 0.877536 0.918954 0.678717 0.689278 0.848923 0.868519 11.76 12.1388 47.2705 48.9246 15.8117 11.9739
750 75 10000 2755 637 6 3 230 383 0.898372 0.914597 0.834576 1.04756 0.896177 0.839814 11.7726 11.8142 21.8587 38.6787 14.4437 11.531
750 125 10000 2711 717 5 2 197 335 0.896991 0.918524 0.789546 0.76987 0.886751 0.905162 11.8332 11.0446 28.9936 55.0441 17.8376 12.6507
750 150 10000 2665 677 11 0 205 319 0.886762 0.924349 0.799373 0 0.851474 0.887149 12.1387 11.6653 13.0537 0 15.5718 11.8099
750 175 10000 2634 729 4 0 182 302 0.893541 0.927387 1.08336 0 0.862812 0.850103 11.8581 11.3932 17.4492 0 14.3404 11.3906
750 200 10000 2511 739 9 1 191 285 0.896139 0.891173 0.986609 1.70392 0.847253 0.90259 11.8534 10.5941 29.0465 13.2035 15.7316 11.6631
750 250 10000 2213 739 7 2 118 289 0.903302 0.934041 0.777231 1.62188 0.898206 0.895923 12.1715 10.5057 18.6138 35.331 15.386 11.872
750 275 10000 2133 650 7 1 123 251 0.89837 0.920945 0.855219 0.79078 0.913997 0.934389 12.9606 10.6004 21.1721 100.959 14.3828 11.965
750 325 10000 1639 629 4 0 90 235 0.907892 0.939725 0.959729 0 0.844787 0.979103 13.5231 10.3911 33.8166 0 14.4598 10.3176
750 350 10000 1421 659 1 4 79 169 0.905124 0.944486 1.91306 0.780419 0.866482 0.916631 13.9766 10.2348 19.5577 18.8892 18.9943 11.0208
750 375 10000 1146 592 2 3 56 205 0.894236 0.904528 1.32242 0.786702 0.866259 0.906197 15.6706 10.6641 47.1503 53.5844 16.3075 14.3903
750 400 10000 910 520 5 1 36 130 0.895648 0.942055 0.833582 1.70393 0.782932 0.897696 15.7936 10.5677 40.9655 70.1774 32.2074 13.7585
750 425 10000 649 472 2 0 40 128 0.911826 0.931188 0.830665 0 0.856089 0.862256 17.4275 10.2586 71.1207 0 17.9749 19.9398
750 475 10000 331 325 2 1 30 76 0.941316 0.941985 0.743798 0.835197 0.942947 0.87687 16.0812 11.3415 51.9888 15.3022 19.5103 21.6021
750 550 10000 209 102 0 0 21 29 0.944287 0.987355 0 0 0.892207 0.918779 17.3904 16.9549 0 0 30.3089 26.9801
750 575 10000 188 78 0 0 13 18 0.881073 0.950251 0 0 1.05249 0.791989 16.6343 22.0941 0 0 25.8858 19.4059
750 625 10000 131 32 1 0 13 4 0.884374 0.865421 0.471876 0 0.78004 0.759199 16.1606 14.9602 14.7119 0 32.8377 70.6329
750 675 10000 66 5 1 0 6 0 0.824102 0.729987 0.712943 0 0.680102 0 21.1504 18.7936 15.3024 0 27.3971 0
750 700 10000 25 1 0 0 2 0 0.79599 0.438038 0 0 0.824128 0 22.987 21.9174 0 0 30.0414 0
775 75 10000 2971 638 8 0 257 373 0.885391 0.887744 0.668857 0 0.829408 0.861008 11.8165 11.8368 20.6359 0 14.4758 12.8686
775 100 10000 2884 612 7 1 253 342 0.889415 0.909016 0.840843 0.888504 0.850858 0.879646 11.947 12.7487 30.4158 99.298 14.8319 12.6785
775 125 10000 2966 632 6 1 230 350 0.887478 0.928924 0.831062 1.51408 0.846005 0.843904 11.7807 12.3925 21.8425 121.544 13.8877 12.2249
775 150 10000 2854 649 10 0 204 300 0.887543 0.899637 0.860276 0 0.837963 0.907829 11.8145 12.278 15.6981 0 15.5363 12.1376
775 200 10000 2714 669 1 0 202 279 0.891758 0.908576 0.823062 0 0.815899 0.893961 11.9308 11.2338 100.802 0 17.7722 13.211
775 225 10000 2716 691 3 0 186 290 0.893429 0.918529 1.5298 0 0.854293 0.878511 11.9036 11.3299 21.7371 0 15.8502 11.1405
775 250 10000 2561 683 3 2 143 303 0.90866 0.90556 0.806968 0.864115 0.829663 0.916962 11.8707 10.9461 74.4346 69.5894 17.2519 13.8115
775 275 10000 2375 728 6 2 130 270 0.898854 0.899949 0.891393 1.07617 0.858362 0.912209 12.2176 10.6077 12.841 35.3083 16.5775 11.0325
775 300 10000 2121 675 9 1 151 272 0.90772 0.929601 1.02906 0.813576 0.885043 0.936005 12.3478 10.4499 20.5892 22.0362 15.7491 12.8059
775 400 10000 1204 625 2 3 64 141 0.912348 0.930331 0.654864 0.42742 0.822291 0.854631 15.0565 11.2544 39.6974 131.132 17.7102 19.307
775 450 10000 743 457 0 1 48 118 0.897226 0.929469 0 1.22173 0.967556 0.896238 16.0133 14.0726 0 78.1482 23.1376 17.0476
775 475 10000 563 380 1 0 26 111 0.888139 0.957577 0.470565 0 0.837333 0.891451 18.054 12.3858 20.9122 0 18.9326 15.0775
775 500 10000 399 294 1 0 20 81 0.963964 0.917179 0.75562 0 0.824803 0.958629 16.7298 14.5899 30.4267 0 15.9682 14.574
775 525 10000 300 230 0 0 21 63 0.901463 0.924889 0 0 0.930493 0.884017 17.9388 12.7602 0 0 21.2452 19.4577
775 550 10000 268 135 0 0 24 37 0.929953 0.910836 0 0 0.902103 0.908983 15.9987 16.9959 0 0 19.5744 21.4365
775 650 10000 108 24 0 0 13 8 0.946821 0.728658 0 0 0.991919 0.901346 17.5512 41.3308 0 0 19.733 28.171
775 675 10000 114 16 0 0 8 6 0.871215 0.815087 0 0 0.869537 0.828178 19.1284 35.3305 0 0 44.9643 47.7667
775 700 10000 49 6 0 0 3 0 0.807515 0.779638 0 0 1.2882 0 20.7659 22.4498 0 0 27.4147 0
775 725 10000 20 0 0 0 2 1 1.09279 0 0 0 0.480999 1.09039 22.2457 0 0 0 113.655 71.8773
800 75 10000 3160 604 5 2 297 338 0.885628 0.924425 0.897815 0.647139 0.833095 0.85331 11.7123 12.1695 12.3501 36.9773 15.2678 13.7666
800 100 10000 3139 640 10 3 237 346 0.88251 0.905456 1.03648 0.665555 0.864787 0.854663 11.7158 12.3299 17.0759 78.5078 15.9857 11.7065
800 200 10000 2885 627 9 0 194 316 0.889887 0.938045 0.779068 0 0.892267 0.899885 11.6743 10.9945 16.223 0 17.3947 11.4356
800 225 10000 2808 679 6 2 208 308 0.899497 0.936153 0.959866 1.05212 0.84299 0.840516 11.3411 11.012 31.2481 97.3207 13.2832 11.9879
800 275 10000 2627 632 5 0 164 285 0.908048 0.903683 1.6142 0 0.838649 0.916053 11.94 10.6751 27.0622 0 15.0911 11.5792
800 300 10000 2490 685 3 2 129 226 0.902242 0.905544 1.22387 1.50222 0.842114 0.925671 11.8136 10.8919 48.323 31.302 17.7459 11.9229
800 325 10000 2247 692 6 2 129 259 0.902958 0.920942 0.785061 0.426396 0.858327 0.855632 12.396 10.4464 20.65 100.535 18.2398 12.3283
800 400 10000 1542 636 3 3 84 198 0.895925 0.937639 1.16447 1.07602 0.861743 0.916884 14.3201 11.2329 11.597 37.3035 13.4085 12.5369
800 425 10000 1246 585 5 0 64 166 0.897706 0.910364 0.942499 0 0.863025 0.881721 15.2426 9.88792 17.6379 0 16.5355 12.6955
800 500 10000 567 351 2 2 35 104 0.90486 0.958341 1.61128 0.81574 0.923493 0.915999 16.6327 12.0114 39.0898 26.3234 18.9566 13.6719
800 600 10000 198 119 0 2 23 31 0.955826 0.900104 0 0.81857 0.892489 0.831133 17.0084 18.9337 0 42.274 28.2538 27.1112
800 625 10000 169 61 0 0 14 20 0.904999 0.997143 0 0 0.974644 0.856123 22.9939 21.8124 0 0 32.0828 22.4404
800 650 10000 159 33 1 0 12 11 0.912684 0.905752 0.802026 0 0.829744 0.892517 17.771 24.3184 12.8508 0 28.7634 20.7074
800 725 10000 46 8 0 0 4 1 0.865377 1.0192 0 0 1.09254 0.730283 22.1798 19.7145 0 0 25.361 142.66
800 750 10000 18 3 0 0 3 0 0.964206 0.490891 0 0 0.676141 0 19.644 45.3211 0 0 43.8555 0
825 50 10000 3366 549 4 1 305 356 0.887665 0.912392 0.876275 0.543607 0.851206 0.836567 11.7489 12.1021 18.4588 16.224 15.57 12.71
825 75 10000 3307 586 12 0 307 380 0.875885 0.901844 0.787885 0 0.838925 0.824744 11.6762 12.4872 11.9431 0 12.8342 13.3624
825 100 10000 3220 603 7 1 285 352 0.893663 0.892623 0.54889 0.360925 0.833821 0.85018 11.7024 13.5909 41.7003 218.357 14.2466 12.8766
825 150 10000 3367 579 6 2 254 314 0.874085 0.900909 0.923281 0.351796 0.855423 0.888397 11.6498 12.2199 25.699 23.6388 14.8436 11.5965
825 175 10000 3319 606 6 2 262 289 0.895729 0.898156 0.732285 0.593133 0.874283 0.901532 11.3475 12.4191 22.046 18.5785 14.9405 11.8292
825 200 10000 3158 591 8 4 265 311 0.890823 0.929912 0.540773 0.815159 0.803249 0.860476 11.5848 11.309 27.3246 30.9413 14.1139 11.6383
825 225 10000 3099 613 3 1 247 320 0.892566 0.897104 1.46916 2.57675 0.870493 0.875275 11.6846 11.875 27.1267 75.9122 13.4983 12.8007
825 250 10000 2981 630 4 0 212 258 0.893854 0.910863 1.23677 0 0.856988 0.917123 11.6973 13.3148 22.5669 0 13.2392 11.5333
825 275 10000 2855 633 12 1 173 279 0.892076 0.923658 0.79364 1.95231 0.833165 0.903634 11.6798 10.951 29.3202 15.9252 15.1711 11.954
825 300 10000 2634 643 8 1 152 258 0.904682 0.903441 0.57563 0.842196 0.904124 0.949561 11.8698 12.5908 30.1232 13.1331 15.6867 11.7645
825 325 10000 2488 683 10 1 149 253 0.91189 0.917851 0.704725 1.51531 0.864052 0.915558 11.8529 10.8929 17.5034 89.1581 14.6155 11.4036
825 350 10000 2343 665 3 3 124 243 0.913792 0.935646 0.518068 0.831279 0.869913 0.911624 12.4502 10.9731 69.2318 12.56 17.5408 13.6153
825 375 10000 2076 702 10 1 112 226 0.910108 0.929036 0.863878 0.845531 0.867126 0.951151 12.6786 10.2535 18.5919 353.702 17.2662 15.127
825 425 10000 1541 585 5 4 57 201 0.901792 0.932948 0.703116 0.752423 0.829306 0.889306 14.0939 11.2218 26.6624 64.2432 21.4878 10.7452
825 450 10000 1283 521 5 2 70 157 0.908067 0.942542 0.978308 0.841127 0.824329 0.958202 14.2185 10.0018 39.4581 75.1113 17.8482 13.5914
825 500 10000 736 444 1 0 44 120 0.909286 0.925393 0.6974 0 0.919086 0.883786 16.9516 12.6493 33.2064 0 21.8005 14.1132
825 525 10000 563 371 1 3 35 75 0.92057 0.909917 0.700106 0.574564 0.895821 1.03291 16.9925 12.0751 129.249 68.6114 19.9706 12.136
825 550 10000 375 271 3 1 21 71 0.932263 0.903833 1.07773 0.89664 0.80963 0.89417 17.0413 13.3188 15.7683 20.0173 28.141 21.1281
825 575 10000 317 213 1 0 16 54 0.912548 0.914273 0.367812 0 1.01677 0.814678 16.5546 12.9865 105.912 0 30.7233 31.6652
825 600 10000 240 148 2 0 20 30 0.935336 0.901409 0.73501 0 0.914738 0.971098 17.658 18.5064 55.8615 0 20.667 23.4457
825 625 10000 214 106 1 2 16 27 0.911468 0.933467 0.437564 0.785989 0.963728 0.912761 17.1011 19.1989 23.4515 61.8823 27.5046 19.7207
825 700 10000 114 26 0 0 17 6 0.884457 0.832526 0 0 0.847579 1.01288 18.2971 35.6601 0 0 24.4345 26.885
825 725 10000 68 12 0 0 6 0 1.00245 1.1264 0 0 1.21041 0 20.9908 18.0823 0 0 42.9379 0
825 750 10000 59 1 0 0 6 3 0.816696 1.64904 0 0 1.01544 1.01531 19.305 108.424 0 0 29.7166 58.9325
850 50 10000 3530 543 4 0 327 350 0.870597 0.87018 0.893027 0 0.858637 0.839313 11.831 12.1183 15.2616 0 14.2894 14.3053
850 100 10000 3424 551 12 1 335 353 0.893518 0.912734 0.77452 0.805371 0.84687 0.834154 11.5127 14.4889 12.0649 142.96 14.2036 13.7333
850 125 10000 3461 578 9 1 325 314 0.879749 0.896873 0.990749 1.55228 0.828157 0.883389 11.6021 11.8739 12.9647 11.8928 14.5742 12.6621
850 225 10000 3275 576 7 2 231 322 0.891403 0.906363 0.787587 0.733023 0.836665 0.842082 11.615 12.2756 12.8635 57.9348 17.6756 11.8925
850 250 10000 3206 616 7 0 243 285 0.896383 0.908162 0.804214 0 0.860294 0.884815 11.6681 10.7605 25.013 0 14.3129 12.3844
850 275 10000 3117 643 8 3 217 269 0.883817 0.901165 0.788576 0.772843 0.857901 0.867228 11.504 10.8607 18.4731 74.1792 15.3234 12.1535
850 300 10000 3012 579 5 2 168 240 0.8942 0.942223 0.747899 0.439682 0.896067 0.860272 11.7187 10.8654 25.5249 22.4173 15.5494 17.1662
850 400 10000 2153 697 5 0 102 205 0.899167 0.932471 0.691543 0 0.88973 0.86865 12.4075 10.1961 18.8241 0 15.2486 14.8873
850 450 10000 1598 614 4 2 81 184 0.901019 0.914424 0.954014 0.765451 0.848244 0.917654 14.8159 10.2891 31.199 17.2972 16.94 13.388
850 500 10000 954 477 1 1 57 160 0.9102 0.940568 2.03781 0.901926 0.849942 0.903698 17.4356 9.9421 12.0655 186.676 18.1333 13.9893
850 525 10000 777 466 3 1 50 121 0.895808 0.922468 0.855496 0.834352 0.776672 0.991559 15.7258 10.5939 65.7197 28.7736 23.7577 12.7972
850 575 10000 425 279 0 1 26 57 0.910634 0.914072 0 0.860197 0.967614 1.09442 18.5025 13.1531 0 17.4106 18.8704 22.0802
850 625 10000 253 140 0 0 28 43 0.918886 0.941008 0 0 0.841269 0.816741 19.2481 24.7395 0 0 19.252 19.3695
850 650 10000 231 97 1 0 14 16 0.888086 0.923695 0.620749 0 0.978037 0.949711 19.2897 13.7182 23.1983 0 20.7101 42.3841
850 725 10000 116 15 2 0 9 9 0.881455 1.0218 0.659359 0 1.16351 0.678192 20.7071 38.0918 25.7776 0 22.4667 34.6048
850 750 10000 89 8 1 0 11 3 0.883664 0.991397 0.742431 0 0.989292 1.13591 22.5491 25.4857 20.4399 0 21.686 43.5666
850 800 10000 17 0 0 0 4 1 1.02391 0 0 0 0.961441 0.438778 31.3517 0 0 0 27.3639 144.495
875 50 10000 3628 519 2 1 377 350 0.872078 0.872415 1.43869 0.858558 0.811384 0.860372 11.8573 13.8603 14.8991 20.7833 14.0941 12.5912
875 125 10000 3606 510 3 1 325 333 0.872985 0.89804 1.21879 0.792184 0.863822 0.85947 11.6116 13.9474 12.1592 17.2873 13.5567 12.6991
875 200 10000 3500 532 7 1 282 268 0.883531 0.912612 1.02619 0.698226 0.855169 0.844952 11.6149 11.6231 21.6278 19.1161 15.1976 15.7939
875 250 10000 3465 607 8 1 276 279 0.884889 0.8872 0.700249 0.805137 0.84996 0.855547 11.6677 11.7878 17.1565 101.364 13.0495 13.2093
875 275 10000 3304 571 6 1 236 275 0.89225 0.911499 1.06242 3.05992 0.841982 0.926327 11.7262 12.3391 19.0507 25.0239 14.2676 13.3401
875 300 10000 3148 617 10 4 234 270 0.89987 0.913219 0.883527 0.626778 0.842567 0.877709 11.7898 12.2141 22.1828 102.583 15.0248 12.6259
875 375 10000 2639 654 7 1 147 238 0.894603 0.913439 0.924405 0.695717 0.929201 0.929759 12.0245 10.5788 22.0765 153.674 15.416 11.9728
875 425 10000 2170 635 7 2 114 234 0.897853 0.943456 1.0999 0.830632 0.86658 0.873265 13.0794 10.8748 11.1659 18.0327 16.8818 11.2373
875 475 10000 1657 645 1 1 79 200 0.911389 0.923113 0.907332 0.759472 0.840194 0.925662 14.0909 10.0922 14.9002 14.4792 21.6753 12.1891
875 500 10000 1296 571 6 6 62 147 0.922413 0.935094 0.673411 0.868451 0.873739 0.967191 14.7101 12.2797 27.1196 9.66999 23.4894 16.0229
875 525 10000 1065 517 4 0 36 140 0.902631 0.938632 0.80861 0 0.993818 0.927241 15.9148 12.8875 41.125 0 25.3158 12.492
875 575 10000 597 334 1 1 34 89 0.901306 0.947208 1.70755 0.697464 0.878987 0.885035 16.6201 11.647 16.1163 18.4359 32.5917 19.5814
875 600 10000 413 270 1 2 31 81 0.896776 0.939817 1.68135 0.733638 0.957485 0.821167 17.1764 13.0232 16.5779 19.4955 15.9264 16.3514
875 650 10000 258 142 0 0 15 35 0.904371 0.936837 0 0 0.95159 0.871685 18.9016 18.4792 0 0 24.6016 21.7652
875 675 10000 212 109 1 1 18 25 0.920956 0.841312 0.49482 0.851042 1.07721 0.925127 19.4928 16.5253 106.339 13.4242 22.5424 19.3263
875 700 10000 182 56 0 0 12 20 0.872417 0.882494 0 0 1.03839 1.04954 20.8053 19.4832 0 0 27.2585 24.1364
875 725 10000 149 41 1 0 13 16 0.893579 0.874038 0.732784 0 0.815695 0.866701 19.7609 15.8776 17.3658 0 27.9758 25.9857
875 750 10000 99 24 0 0 12 6 0.989454 0.851012 0 0 0.684875 0.753713 20.1903 33.9285 0 0 32.7155 51.3606
875 775 10000 79 13 0 0 5 5 0.994852 0.743906 0 0 1.02327 0.884734 22.4909 47.3084 0 0 23.7941 38.405
875 800 10000 51 2 1 0 3 3 0.829113 0.73288 0.789693 0 0.818093 0.836 21.2476 49.3259 46.9638 0 43.751 54.415
875 825 10000 10 1 0 0 2 1 1.45816 0.643999 0 0 0.462745 0.494952 33.0137 103.925 0 0 107.957 42.2446
900 50 10000 3802 468 5 0 417 330 0.855831 0.909329 0.724355 0 0.830836 0.866432 11.9896 13.9989 19.8934 0 14.9523 13.5452
900 125 10000 3746 470 4 2 357 323 0.876851 0.903933 0.991242 0.862292 0.84146 0.892963 11.7925 13.1689 16.6945 65.3943 14.4953 13.1575
900 150 10000 3770 494 7 2 358 355 0.87101 0.927534 0.69179 1.03371 0.812422 0.801223 11.7389 13.2517 22.125 67.7816 13.1672 13.2127
900 175 10000 3797 525 3 0 325 320 0.867549 0.905303 1.32413 0 0.839358 0.863401 11.6385 12.0281 27.8906 0 13.6886 13.3113
900 200 10000 3724 531 5 2 309 308 0.87062 0.893039 1.14191 0.551152 0.871561 0.854677 11.5467 13.2249 23.6122 64.5497 14.9341 12.9023
900 225 10000 3779 525 11 0 310 292 0.874089 0.91544 0.899033 0 0.851685 0.898221 11.4512 12.1067 14.0839 0 13.8331 11.7134
900 250 10000 3593 572 7 5 283 326 0.884625 0.923992 0.807459 0.693997 0.860167 0.850977 11.5269 11.5399 19.6047 19.2256 13.5391 11.881
900 275 10000 3631 543 5 0 270 269 0.88459 0.905359 0.981315 0 0.828946 0.905354 11.5018 11.6968 35.1609 0 13.589 11.8835
900 300 10000 3433 568 11 1 235 270 0.885616 0.918429 0.767829 0.792138 0.841875 0.925381 11.4872 11.328 12.3617 122.869 14.3456 13.1597
900 325 10000 3263 598 5 2 211 268 0.89979 0.912036 0.927569 1.08728 0.859658 0.870277 11.4297 12.2037 12.3036 81.2199 15.377 12.7993
900 350 10000 3069 642 5 3 216 269 0.901615 0.917071 0.846243 0.756575 0.846262 0.874395 11.5702 11.8904 18.5649 39.0938 13.787 11.4041
900 400 10000 2812 642 5 1 172 233 0.888494 0.9307 1.34769 0.840725 0.9042 0.90295 11.9862 10.9286 16.8634 101.27 15.6267 13.481
900 425 10000 2547 636 2 3 158 263 0.906969 0.902346 1.17063 0.695108 0.829331 0.848692 12.1886 10.1353 92.343 48.1283 14.3478 12.2162
900 450 10000 2251 657 4 4 108 235 0.896883 0.925894 0.595077 0.507465 0.873618 0.889692 12.8346 10.1027 32.5546 48.8211 15.9246 11.1498
900 475 10000 1970 626 5 0 95 198 0.90512 0.918591 0.679293 0 0.861232 0.922023 13.226 10.0537 35.3068 0 16.5607 13.1861
900 525 10000 1358 554 2 1 79 176 0.906265 0.921837 1.05249 0.480527 0.831773 0.859391 14.5624 11.4938 34.3197 23.7835 18.5312 13.299
900 550 10000 1068 527 4 0 53 130 0.893574 0.909079 0.97581 0 0.929394 0.894009 16.0151 10.4252 12.4566 0 21.2366 12.6716
900 575 10000 799 467 3 2 34 112 0.908657 0.935175 0.433962 0.872396 0.88636 0.90937 16.3711 13.3886 13.779 12.0856 21.4491 12.036
900 600 10000 570 356 3 3 28 81 0.88634 0.934009 0.745014 0.743945 0.819064 0.975102 17.0423 12.4252 31.8199 51.1686 35.9708 15.5264
900 625 10000 407 297 2 0 31 78 0.923936 0.949026 0.767276 0 0.844384 0.938066 18.1804 15.5722 21.3464 0 26.2981 15.7285
900 650 10000 333 195 0 0 24 44 0.913337 0.938017 0 0 0.917251 0.930304 17.856 14.8599 0 0 20.0784 25.5912
900 675 10000 258 164 0 0 22 31 0.919264 0.917094 0 0 0.941192 0.909095 19.7505 17.6527 0 0 22.5912 38.9301
900 700 10000 213 114 3 1 15 32 0.927833 0.947831 0.779647 0.922103 0.989894 0.745232 19.309 17.2561 38.4476 17.8013 26.8823 27.325
900 725 10000 167 56 0 0 15 21 0.884135 0.869571 0 0 0.940211 0.855412 20.5543 22.5427 0 0 23.6883 22.6636
900 750 10000 149 27 2 0 7 9 0.880297 0.864524 0.740135 0 1.17185 0.953378 19.9656 28.544 58.0094 0 26.0338 24.5377
900 775 10000 133 16 0 0 9 8 0.871735 0.983411 0 0 1.0065 0.980656 23.4079 29.5013 0 0 26.2388 33.6837
900 825 10000 46 7 0 0 2 0 0.961425 0.665896 0 0 1.86944 0 24.4291 48.8087 0 0 22.3783 0
900 850 10000 15 1 0 0 1 0 0.869294 1.53576 0 0 0.340418 0 34.3004 60.6637 0 0 42.1636 0
925 50 10000 3872 435 6 2 408 354 0.861789 0.898064 0.673722 0.831851 0.849889 0.838135 12.0386 13.7825 13.9111 73.3159 13.1892 14.1416
925 75 10000 3863 496 9 4 425 342 0.866715 0.874122 0.829449 0.809717 0.829496 0.815588 11.9642 12.7661 16.6906 33.6511 13.3856 14.8403
925 125 10000 4024 493 4 0 376 310 0.853179 0.860463 0.521626 0 0.840871 0.826573 11.9941 12.2175 31.5361 0 13.4504 12.6393
925 150 10000 3902 428 12 0 366 326 0.871774 0.910759 0.944571 0 0.856078 0.869566 11.7037 14.1619 13.1359 0 12.8201 12.5934
925 200 10000 3838 469 4 0 310 300 0.871295 0.919961 1.29656 0 0.900303 0.874396 11.5181 12.292 16.9679 0 13.8134 13.1129
925 225 10000 3875 510 5 2 341 267 0.874153 0.9036 0.676961 0.430077 0.837951 0.884163 11.5969 12.4816 22.8461 210.829 12.8803 12.433
925 300 10000 3619 548 8 1 254 274 0.880935 0.934391 0.828625 0.659153 0.898275 0.862191 11.4102 12.059 28.9647 128.358 13.5161 12.409
925 325 10000 3478 597 7 1 228 259 0.8881 0.902198 0.846485 0.901912 0.858422 0.893612 11.31 11.7487 24.7376 16.4073 14.3309 13.201
925 350 10000 3413 565 10 1 226 248 0.886874 0.923086 0.772572 1.08327 0.844576 0.912017 11.462 11.1013 21.035 104.6 15.3411 11.2587
925 375 10000 3212 601 4 0 192 251 0.893498 0.926357 1.45723 0 0.853062 0.927585 11.4597 10.989 18.6338 0 14.2681 12.7621
925 425 10000 2806 671 4 0 160 233 0.900567 0.921239 1.05989 0 0.842982 0.890136 11.8607 10.7199 27.9881 0 13.37 11.8779
925 450 10000 2509 663 6 3 112 244 0.901521 0.921245 0.820594 0.704638 0.845297 0.910714 12.0003 10.6264 11.6194 22.7488 16.7048 14.3594
925 475 10000 2284 618 5 3 137 198 0.896104 0.931779 1.01962 0.804144 0.834417 0.952915 12.3676 10.6297 21.1998 41.1379 14.8887 12.0325
925 525 10000 1664 619 5 2 85 180 0.90843 0.926217 0.865156 0.296361 0.923465 0.887262 13.6852 10.7463 31.1073 152.4 19.9768 12.4351
925 550 10000 1419 554 2 0 54 144 0.912462 0.930598 1.30369 0 0.909517 0.953716 15.1548 10.2186 38.536 0 17.8574 12.4949
925 575 10000 1098 517 5 2 45 135 0.906381 0.904826 0.775198 0.891036 1.01867 0.922509 16.8197 12.0296 31.1866 76.4259 20.5947 12.6887
925 600 10000 792 442 3 1 39 122 0.903096 0.933315 0.731533 1.62272 0.89002 0.915248 15.6569 11.7025 32.9747 94.7649 22.2387 12.8035
925 625 10000 620 358 1 1 27 105 0.872422 0.910612 0.676966 0.868847 0.961762 0.888664 18.3394 12.2561 20.5922 247.524 32.9549 12.8208
925 700 10000 265 154 0 0 19 22 0.911999 0.914343 0 0 0.889258 0.926293 17.9845 17.7491 0 0 22.4636 18.0951
925 725 10000 210 115 1 0 11 25 0.923851 0.917688 0.850152 0 1.04134 0.918003 20.1124 18.7486 26.2401 0 34.7204 26.4427
925 750 10000 171 56 1 0 20 18 0.9493 0.904035 0.707621 0 0.751876 1.03704 20.1448 22.3753 17.6113 0 25.0485 31.6877
925 825 10000 73 8 3 0 4 4 0.932562 0.816698 0.717537 0 1.12716 0.585214 20.2778 31.3263 24.9246 0 28.2447 19.17
925 850 10000 51 11 0 0 6 2 0.834857 0.629183 0 0 0.868303 0.763398 22.3074 41.3148 0 0 26.6174 50.8495
925 875 10000 17 0 0 0 1 0 0.979815 0 0 0 0.43864 0 28.4275 0 0 0 33.7576 0
950 50 10000 3959 435 10 1 396 346 0.860382 0.874502 0.78041 1.52815 0.797967 0.786833 12.2058 13.4824 17.488 12.0601 14.7582 13.6485
950 75 10000 4008 428 7 0 483 357 0.854513 0.87846 0.806522 0 0.799372 0.844693 12.0911 13.5341 17.1069 0 14.2914 14.8898
950 100 10000 4011 425 7 1 456 310 0.854672 0.864116 0.895744 0.693804 0.807444 0.812589 11.9884 13.6226 14.8364 27.5787 13.9169 12.992
950 225 10000 3963 491 3 2 358 306 0.882998 0.906824 1.0026 1.09154 0.800799 0.857785 11.6446 12.9043 50.7341 53.3636 13.5574 12.4771
950 275 10000 3808 498 6 0 324 284 0.888987 0.894124 0.75864 0 0.819461 0.89693 11.4823 11.711 22.8683 0 13.3082 11.5513
950 300 10000 3772 517 13 1 262 253 0.882334 0.932165 0.852792 1.48123 0.850257 0.87744 11.3828 12.1092 14.3191 13.4383 15.2857 13.0596
950 325 10000 3696 562 6 1 274 276 0.885924 0.906549 0.876767 0.834119 0.858639 0.861609 11.4216 11.3504 16.6364 154.311 13.3346 11.963
950 350 10000 3535 555 9 1 233 259 0.885915 0.926294 0.938879 0.941628 0.894734 0.938601 11.3363 11.5574 18.5422 17.0774 14.6683 11.8509
950 425 10000 3128 597 15 2 200 247 0.895744 0.915396 0.7703 0.882568 0.797736 0.864391 11.819 10.7378 22.4981 54.479 13.755 11.5966
950 475 10000 2703 591 3 0 134 210 0.902109 0.946904 0.872898 0 0.897657 0.926925 11.8222 10.7671 64.604 0 17.7382 11.7547
950 500 10000 2352 623 4 2 137 213 0.904729 0.932245 0.795747 0.854275 0.81444 0.864284 12.2954 11.401 13.1116 72.4199 17.922 11.3189
950 525 10000 2082 626 3 1 95 218 0.89889 0.91703 0.737032 0.849172 0.86735 0.885716 12.93 13.0467 48.3892 17.1125 15.6546 12.7226
950 550 10000 1782 597 2 2 75 170 0.906228 0.920824 0.820174 0.75128 0.963126 0.8775 14.2423 10.5035 101.83 20.7435 16.0812 11.775
950 575 10000 1350 549 4 4 63 182 0.902961 0.933466 1.33079 0.814265 0.893249 0.863851 15.2282 10.373 31.5287 13.0703 20.6611 12.4057
950 625 10000 849 417 4 0 35 132 0.910031 0.947146 1.11224 0 0.853406 0.930046 16.7324 11.1324 49.5628 0 26.0629 15.4436
950 650 10000 576 358 2 1 30 89 0.908844 0.882155 1.24938 0.571596 0.975519 0.922592 16.8288 14.2325 35.8758 23.012 30.5726 19.9556
950 725 10000 249 137 0 0 19 28 0.927039 0.951079 0 0 0.990392 1.02349 18.3717 18.5129 0 0 27.5043 34.897
950 750 10000 206 85 0 1 15 19 0.869384 0.96748 0 0.859427 0.879665 0.985661 20.0612 18.8224 0 15.3907 29.1798 22.0637
950 775 10000 175 66 1 1 18 13 0.890071 0.913747 0.438353 0.7427 0.819621 0.916662 21.9286 22.5747 21.6788 20.3681 20.1845 53.9056
950 825 10000 111 14 2 0 4 7 0.896861 1.07402 1.00076 0 1.54823 0.521693 22.1547 25.6645 20.2993 0 40.3554 87.7924
975 50 10000 4137 398 6 2 454 328 0.847184 0.870619 0.68349 0.599064 0.805567 0.78588 12.2463 12.9434 22.4832 81.7962 13.8886 14.5873
975 75 10000 4097 408 9 2 461 306 0.847118 0.884841 0.838889 1.05461 0.784699 0.813482 12.1543 12.9741 16.7143 58.9446 14.1524 15.0971
975 100 10000 4143 388 9 2 434 315 0.845531 0.91658 0.759226 0.408954 0.831033 0.836816 12.1665 13.848 23.4373 195.769 13.7957 13.9174
975 125 10000 4184 425 6 0 464 292 0.852331 0.879663 0.861148 0 0.826506 0.865761 12.1508 13.8223 12.3003 0 13.9783 13.0973
975 150 10000 4176 429 12 1 434 285 0.857382 0.868208 0.708961 0.792307 0.792579 0.83247 11.9721 13.6337 21.1655 102.122 13.8057 16.2363
975 200 10000 4207 438 8 1 352 318 0.854338 0.896807 0.846614 0.326578 0.841782 0.849772 11.7846 12.8703 24.7465 250.196 13.9092 12.6178
975 250 10000 4083 476 9 2 346 251 0.872895 0.887235 0.822242 0.354506 0.806944 0.855085 11.681 13.0878 15.4189 137.489 13.0032 12.8422
975 275 10000 4061 487 8 1 350 285 0.887359 0.874788 0.701063 0.491091 0.857578 0.836058 11.5068 12.0971 15.4496 18.6599 14.5219 12.533
975 300 10000 3995 486 7 0 305 292 0.877824 0.908223 0.625279 0 0.826477 0.839134 11.5067 14.6364 21.4181 0 14.5025 12.6438
975 350 10000 3851 530 5 0 269 252 0.884838 0.926267 0.923152 0 0.836937 0.888337 11.5575 12.1584 17.7436 0 14.0417 11.9492
975 500 10000 2677 649 3 2 150 222 0.894287 0.918803 1.29541 0.792414 0.857934 0.905427 12.1675 10.8706 48.4449 75.7598 15.0022 11.8226
975 550 10000 2056 629 3 4 89 214 0.909919 0.926648 1.02329 0.812109 0.924273 0.888051 12.8614 10.4379 32.7778 11.5202 15.0979 11.8908
975 575 10000 1817 575 4 0 79 161 0.896602 0.948868 1.19621 0 0.87808 0.959283 13.7622 9.81202 43.8263 0 16.9619 11.2578
975 600 10000 1447 566 0 1 58 161 0.905669 0.91445 0 0 0.899475 0.89915 14.5534 10.2481 0 8.59512e+07 16.9398 12.3501
975 625 10000 1124 503 3 3 45 129 0.908841 0.915587 0.88984 0.827405 0.920352 0.951109 15.858 10.47 64.2455 38.7866 20.3809 15.3083
975 650 10000 886 430 2 1 28 94 0.886455 0.912145 0.644253 0.811233 1.01367 0.897586 16.4275 12.6726 73.674 17.2399 21.1849 20.2829
975 675 10000 576 344 2 0 19 91 0.893681 0.93087 0.763817 0 0.944517 0.996033 21.4938 15.2079 14.3925 0 23.8311 16.4584
975 725 10000 295 203 0 0 23 57 0.888941 0.93313 0 0 0.869744 0.946355 19.4213 17.6894 0 0 27.9238 19.908
975 800 10000 137 58 0 0 11 17 0.918533 0.861097 0 0 0.877184 0.938343 19.6448 22.8322 0 0 28.0615 26.793
975 825 10000 146 33 1 0 11 10 0.87343 0.912132 0.484049 0 0.878514 0.79626 22.7487 21.9105 142.63 0 22.1607 35.5812
975 850 10000 120 20 2 0 9 8 0.883434 0.934385 1.0315 0 0.900572 0.71673 21.5977 26.6243 35.5939 0 27.1229 36.2506
975 875 10000 88 7 2 0 9 6 0.927769 1.0773 0.664633 0 0.819233 0.709248 21.134 42.17 28.3876 0 36.2808 32.5533
975 925 10000 12 0 1 0 1 0 1.41724 0 0.331464 0 0.439883 0 27.2491 0 32.8675 0 205.163 0
1000 50 10000 4109 404 7 0 482 320 0.848132 0.862858 0.818315 0 0.825769 0.824276 12.2918 12.9876 18.3205 0 14.4951 14.8118
1000 75 10000 4179 381 5 1 477 332 0.851633 0.86949 1.46447 0.786263 0.828485 0.824227 12.2812 13.3782 22.1757 27.9785 14.5316 14.8357
1000 100 10000 4218 376 6 0 484 355 0.849996 0.850127 0.919417 0 0.804747 0.802305 12.1741 14.4821 20.7763 0 14.1462 13.5841
1000 150 10000 4233 400 4 1 423 303 0.871417 0.868776 0.81543 0.830356 0.835608 0.824631 12.1157 13.8005 34.1115 18.6099 14.1729 13.5961
1000 175 10000 4291 450 15 0 438 273 0.851363 0.857714 0.849462 0 0.805926 0.805514 12.1232 13.7595 13.7173 0 14.8207 12.9906
1000 200 10000 4268 454 8 1 442 269 0.863191 0.844085 0.701873 0.614148 0.825836 0.901103 11.9571 13.6379 16.4817 23.4015 13.7967 15.4133
1000 225 10000 4314 407 15 0 372 281 0.86731 0.885722 0.620482 0 0.847872 0.829328 11.7579 15.3065 18.2794 0 13.7647 13.5148
1000 250 10000 4250 427 5 1 370 266 0.867087 0.8972 0.758592 0.81583 0.82596 0.854303 11.8006 12.9678 22.3991 56.6814 13.4188 14.3059
1000 275 10000 4267 444 3 0 355 309 0.86062 0.927291 1.19069 0 0.82969 0.837774 11.7135 14.6675 54.5787 0 13.6955 12.3677
1000 300 10000 4116 467 15 0 367 260 0.879875 0.890947 0.80403 0 0.812235 0.898462 11.6591 12.3233 15.8145 0 13.3058 14.1016
1000 325 10000 4036 500 12 1 325 262 0.887504 0.913725 0.789888 0.748727 0.836781 0.84821 11.5216 12.624 23.9705 143.515 13.9425 13.0005
1000 425 10000 3604 530 5 3 224 263 0.887146 0.943234 1.07206 0.83302 0.890176 0.889218 11.4973 12.294 42.9789 34.741 13.1056 11.5427
1000 450 10000 3412 564 10 1 196 255 0.896004 0.933803 0.742539 1.32125 0.86676 0.88969 11.5157 12.2865 17.0906 37.3632 13.6611 11.3739
1000 475 10000 3204 594 4 0 189 256 0.89415 0.90868 0.8018 0 0.863681 0.883038 11.527 10.2182 27.4552 0 14.5972 11.2176
1000 500 10000 3053 607 6 1 130 206 0.890226 0.924077 0.784378 0.919526 0.886525 0.931282 11.711 10.7244 43.6682 133.244 14.6919 13.0682
1000 550 10000 2459 585 4 2 128 226 0.906071 0.909076 0.778258 0.764238 0.850862 0.894095 11.998 10.2369 26.9542 76.4172 15.0493 11.6353
1000 675 10000 800 447 3 1 41 101 0.928608 0.926487 0.826554 0.818419 0.803779 0.85808 17.132 10.9161 59.1279 22.0322 21.6565 19.3533
1000 725 10000 398 257 1 1 28 70 0.915382 0.947187 0.754701 0 0.90414 0.924206 20.0874 13.3855 102.014 1.1813e+08 20.1601 20.3323
1000 775 10000 241 141 0 1 18 31 0.927596 0.87854 0 0.706655 0.849181 0.859181 20.6546 20.4327 0 142.755 26.2338 32.6855
1000 800 10000 187 70 0 1 18 12 0.969209 0.922018 0 0.710739 0.877395 1.01487 21.3553 28.4078 0 19.1437 29.0774 35.7037
1000 825 10000 175 43 0 0 11 17 0.931742 0.870224 0 0 0.942364 0.800742 20.501 29.3261 0 0 35.8178 45.333
1000 875 10000 115 17 1 0 7 8 0.892976 0.867333 0.71254 0 1.11763 1.01152 22.8514 37.0141 17.7291 0 20.213 27.8524
1000 950 10000 13 0 0 0 6 0 0.993711 0 0 0 0.523257 0 28.8692 0 0 0 28.5492 0
1025 50 10000 4266 346 15 1 511 298 0.840498 0.861083 0.719373 0.360237 0.818773 0.789788 12.5043 15.0429 14.7583 73.2196 14.6758 14.0262
1025 75 10000 4375 363 14 1 510 293 0.838452 0.826665 0.654945 0 0.801222 0.815521 12.4105 17.3863 16.4932 8.51886e+07 14.7847 14.3364
1025 100 10000 4337 375 6 0 470 313 0.837593 0.855292 0.773298 0 0.805235 0.778518 12.328 13.9066 17.7209 0 14.4208 15.5347
1025 150 10000 4464 367 5 0 493 272 0.845437 0.880784 0.849929 0 0.79255 0.79541 12.2578 14.0988 16.4394 0 13.9528 15.7657
1025 200 10000 4411 394 6 1 445 286 0.852021 0.893839 0.858762 0.818204 0.789181 0.813287 12.1127 13.0028 35.7626 18.007 13.9748 13.4357
1025 225 10000 4314 422 11 2 426 308 0.858614 0.878785 0.764446 0.55152 0.796099 0.819069 11.9387 15.0682 17.5006 21.8829 13.301 13.0391
1025 250 10000 4371 415 12 2 382 284 0.86307 0.866225 0.809065 0.413055 0.848808 0.809066 11.8982 13.0259 14.5804 99.4839 13.4817 13.238
1025 300 10000 4292 453 9 0 358 278 0.867291 0.891573 0.731493 0 0.845735 0.871879 11.7437 13.5011 14.0864 0 13.5856 12.6527
1025 325 10000 4269 473 12 0 328 244 0.868485 0.900862 0.837673 0 0.879185 0.860872 11.6714 12.0852 15.9897 0 12.768 12.5223
1025 375 10000 4066 483 7 0 298 254 0.882216 0.933887 0.862277 0 0.854077 0.861896 11.3921 11.9039 15.055 0 13.2786 13.7822
1025 400 10000 3964 545 10 4 234 259 0.877703 0.88999 0.696495 0.8639 0.864459 0.915553 11.5057 11.9737 18.2711 17.5179 15.7313 12.2
1025 450 10000 3572 526 15 0 237 248 0.890905 0.946407 0.833407 0 0.860616 0.84839 11.4132 14.3675 16.3306 0 14.7003 11.8989
1025 500 10000 3252 604 5 2 147 259 0.894798 0.914335 0.661315 1.07736 0.929625 0.861265 11.5544 10.4719 14.02 32.8475 14.8114 13.7412
1025 525 10000 3039 605 7 1 145 200 0.895179 0.910208 0.936278 0.856576 0.86195 0.851959 11.5425 10.4771 15.8075 127.359 15.0074 12.8044
1025 550 10000 2826 587 5 0 116 202 0.899797 0.923339 0.674515 0 0.874144 0.91854 12.0571 10.3318 41.7218 0 21.7673 11.3738
1025 575 10000 2532 610 6 0 115 190 0.889443 0.937022 1.06472 0 0.857864 0.912941 11.9471 10.1009 14.9003 0 15.7265 11.8259
1025 600 10000 2147 595 6 2 106 187 0.89818 0.935022 0.791091 0.593384 0.847266 0.926199 13.0299 10.533 42.4223 75.0805 22.8523 12.5986
1025 700 10000 838 427 3 2 41 116 0.920779 0.936248 0.674793 1.11432 0.869813 0.874378 17.1243 12.0624 26.745 33.1218 23.9946 17.6673
1025 725 10000 595 364 1 1 32 71 0.906771 0.90936 0.767522 0.805999 0.863894 0.978827 17.5328 14.9387 34.5749 27.0978 19.1128 15.6773
1025 775 10000 303 181 1 1 19 41 0.932792 0.951371 0.823024 0.84493 0.865781 0.9473 19.8346 17.1479 102.308 18.1436 29.0378 17.7942
1025 825 10000 208 98 1 0 15 19 0.897958 0.909693 0.706378 0 0.85175 0.991491 19.7597 23.5571 28.0311 0 43.5364 23.8794
1025 875 10000 123 30 1 0 9 12 0.961277 0.876125 0.850866 0 1.08861 1.01216 23.3317 21.4388 27.4885 0 23.9131 24.2915
1025 900 10000 120 20 0 1 5 2 0.866075 0.853628 0 0.853547 0.866235 1.488 22.846 23.1697 0 101.598 76.1709 84.788
1050 75 10000 4440 376 8 0 522 326 0.832147 0.835585 0.994828 0 0.791238 0.788046 12.5088 15.0994 20.8182 0 14.3657 15.6463
1050 100 10000 4416 358 11 0 560 309 0.838933 0.832636 0.940502 0 0.789541 0.831342 12.3334 14.5123 16.0934 0 13.7778 13.7958
1050 125 10000 4297 356 13 0 502 325 0.854447 0.849165 0.760155 0 0.800326 0.785386 12.3466 15.9555 16.4503 0 14.1633 14.1261
1050 150 10000 4403 375 8 2 505 288 0.843434 0.849225 0.746673 1.40954 0.816686 0.809472 12.3394 14.5965 16.8115 46.5058 14.5546 13.5853
1050 225 10000 4451 385 13 0 451 269 0.856512 0.894663 0.907534 0 0.809978 0.843795 12.1781 13.8653 15.1844 0 13.4736 13.4666
1050 275 10000 4309 433 12 1 391 313 0.862338 0.872613 0.880806 0.792015 0.837939 0.867921 11.8839 13.1969 15.3596 103.173 14.0243 14.15
1050 325 10000 4368 434 8 0 343 273 0.871466 0.845271 0.86797 0 0.861839 0.874293 11.8387 13.7526 25.9174 0 13.6352 13.2672
1050 350 10000 4259 436 9 3 351 245 0.874342 0.894073 1.11668 0.805191 0.836955 0.832959 11.6559 12.4549 26.408 13.7433 14.6139 14.7494
1050 400 10000 4046 517 7 0 306 270 0.884195 0.886868 0.785536 0 0.801113 0.886955 11.6314 12.5596 16.2434 0 13.9078 12.633
1050 425 10000 3986 505 12 1 299 242 0.883355 0.893976 0.752639 0.794885 0.86518 0.900258 11.4645 12.2859 28.3063 17.2587 12.863 12.9297
1050 450 10000 3798 504 11 1 228 256 0.898513 0.963224 0.953225 1.57835 0.887797 0.899442 11.3752 11.975 21.8023 76.3227 15.2923 12.2352
1050 475 10000 3711 554 3 3 183 224 0.892204 0.913221 1.00026 0.831897 0.884349 0.898863 11.2474 12.8369 57.0212 66.3007 14.6381 11.8771
1050 500 10000 3461 614 7 1 191 224 0.902994 0.92588 1.05474 0.859627 0.862203 0.887085 11.3498 10.7603 20.4652 24.8721 14.079 12.0405
1050 550 10000 3133 613 4 1 151 225 0.897704 0.946542 0.75873 0.815454 0.840391 0.902969 11.7298 10.5948 13.5051 22.9888 14.0048 11.8733
1050 575 10000 2838 620 7 1 142 211 0.889391 0.933326 0.851242 0.813424 0.895893 0.904293 11.7761 10.6802 32.4017 18.9562 15.7296 10.8983
1050 625 10000 2247 628 4 2 108 188 0.91806 0.934662 0.781831 0.83348 0.865363 0.878876 12.945 10.0137 19.6133 74.2216 13.3848 11.6533
1050 650 10000 1910 538 4 1 91 192 0.901544 0.949046 0.750098 0 0.828574 0.904744 13.2255 10.4126 40.3028 9.15921e+07 17.4255 12.3418
1050 675 10000 1514 529 2 0 72 143 0.895205 0.918383 1.18057 0 0.898669 0.922301 14.0324 11.019 55.2292 0 18.462 15.4478
1050 700 10000 1164 546 2 0 41 140 0.903134 0.901211 0.693073 0 0.827927 0.883654 16.5544 10.9023 17.051 0 35.4453 12.3813
1050 750 10000 562 339 0 0 26 87 0.939172 0.939539 0 0 0.922166 0.929493 17.6917 13.3077 0 0 27.374 19.839
1050 800 10000 339 163 1 1 12 39 0.911167 0.974153 0.761309 0.873408 0.986872 0.878911 19.8723 20.0733 17.6334 20.8995 28.2496 24.3889
1050 850 10000 224 90 1 0 17 21 0.867122 0.907391 0.819152 0 0.838195 0.892814 21.4881 24.9301 17.5894 0 25.0745 21.9876
1050 875 10000 166 53 3 0 16 15 0.945885 0.932116 0.761195 0 0.920917 0.822051 21.3369 25.2437 13.4786 0 27.9618 19.2679
1050 925 10000 117 19 1 0 11 6 0.918221 0.79812 0.7427 0 0.744538 0.798958 23.3577 29.3997 50.0213 0 23.9392 26.197
1050 950 10000 83 6 0 0 5 2 0.872874 0.734765 0 0 1.18511 1.10049 24.8143 66.9938 0 0 29.0006 43.5391
1050 975 10000 38 6 0 0 2 1 0.966679 0.740422 0 0 1.43707 0.494319 29.9432 70.2923 0 0 29.6568 35.2118
1075 50 10000 4548 312 12 0 591 324 0.815677 0.848694 0.624231 0 0.75717 0.768605 12.7509 17.5148 20.307 0 13.9436 14.8549
1075 100 10000 4491 346 7 0 548 266 0.832942 0.830762 0.608182 0 0.789429 0.770173 12.7308 13.4689 14.6856 0 14.2806 16.4876
1075 150 10000 4608 331 10 0 533 280 0.837671 0.851021 1.00402 0 0.78825 0.812042 12.4619 14.6579 15.3806 0 13.7332 15.1705
1075 175 10000 4578 375 8 0 486 295 0.839384 0.858594 0.668853 0 0.810228 0.81372 12.4628 14.9593 35.3571 0 13.6181 13.7038
1075 200 10000 4531 363 9 0 509 282 0.848375 0.818525 1.04232 0 0.769788 0.812291 12.3564 14.4012 36.3136 0 14.196 14.1421
1075 225 10000 4604 363 6 0 481 294 0.840268 0.941334 0.653964 0 0.792332 0.773675 12.1794 14.0047 28.6121 0 13.5919 13.6152
1075 250 10000 4589 363 10 2 463 292 0.841496 0.895321 0.775318 0.753578 0.795336 0.826529 12.123 13.7917 17.8956 21.9044 13.8661 15.8023
1075 300 10000 4488 407 9 1 428 265 0.860205 0.896289 1.02778 0.827882 0.826077 0.839939 11.9198 14.453 13.2335 18.5819 13.424 12.7732
1075 375 10000 4411 434 8 1 357 248 0.871579 0.909369 0.831902 0.77505 0.823021 0.857583 11.6058 15.8698 32.7367 24.032 13.3626 13.5362
1075 450 10000 4097 464 12 2 251 254 0.880616 0.910954 0.950789 0.807003 0.833271 0.84669 11.3823 11.8752 12.213 18.8505 13.3203 12.1577
1075 475 10000 3823 523 3 2 265 260 0.892909 0.892453 0.88873 0.836159 0.877045 0.876614 11.2935 12.4569 30.3641 68.6647 15.1469 13.2023
1075 500 10000 3748 525 7 1 226 276 0.884603 0.917341 0.89618 0.911494 0.87753 0.861592 11.3632 11.4249 24.3304 101.439 13.6549 11.8584
1075 525 10000 3601 543 11 1 218 207 0.889932 0.94434 0.892135 0.746739 0.858502 0.915626 11.1942 12.371 21.2587 24.1584 15.276 13.7349
1075 650 10000 2220 564 8 2 92 186 0.897237 0.942593 0.721458 0.657152 0.9082 0.899756 12.6119 10.0702 42.3065 88.4948 20.1184 13.1435
1075 675 10000 1832 584 5 0 74 165 0.902856 0.941148 0.716568 0 0.870299 0.937823 14.2652 9.89877 26.6647 0 17.3669 12.8093
1075 700 10000 1514 537 3 0 65 177 0.916915 0.927115 1.0623 0 0.809937 0.856181 14.3384 10.6693 30.7661 0 18.6205 12.3304
1075 725 10000 1170 459 4 0 48 118 0.908967 0.91577 0.763869 0 0.86244 0.94438 15.231 10.815 21.189 0 22.5589 14.052
1075 775 10000 608 321 4 3 23 92 0.91464 0.952209 0.784079 0.828146 0.883145 0.907188 18.0242 12.4841 45.3826 50.0123 23.567 14.989
1075 800 10000 471 249 3 2 24 64 0.895676 0.968302 0.73095 0.792446 0.879659 0.899153 19.5001 15.1762 30.6544 39.1172 22.8571 14.2727
1075 850 10000 213 134 1 0 17 24 0.939124 0.901753 0.726781 0 0.904329 0.802878 20.4363 17.7667 17.2238 0 26.7059 29.2517
1075 875 10000 190 72 1 0 12 22 0.900949 0.88766 0.782049 0 0.932903 0.927267 23.4502 16.4729 27.2201 0 28.3389 25.5337
1075 925 10000 131 34 1 0 14 9 0.891094 0.819927 0.679875 0 0.776943 1.08517 22.8428 28.5281 102.153 0 22.7034 39.478
1075 950 10000 91 18 0 0 8 1 0.872401 0.92028 0 0 0.765057 2.81677 23.2864 39.4415 0 0 31.6146 85.4049
1075 975 10000 66 3 0 0 4 0 0.925679 1.17827 0 0 0.952885 0 26.2618 75.264 0 0 39.3427 0
1075 1025 10000 12 0 0 0 0 1 1.09881 0 0 0 0 0.447163 33.9502 0 0 0 0 18.6747
1100 100 10000 4606 310 11 0 536 272 0.818501 0.853018 0.935289 0 0.777195 0.823309 12.7612 15.5869 15.6571 0 14.8398 16.3228
1100 125 10000 4669 286 13 1 541 264 0.827189 0.867157 0.710352 0.912028 0.806212 0.795437 12.781 14.4885 19.4878 65.0178 14.7647 17.4852
1100 150 10000 4583 345 8 0 595 284 0.833665 0.899638 0.862515 0 0.762014 0.810236 12.4922 14.2608 21.7492 0 13.7346 13.8683
1100 200 10000 4677 338 7 0 531 276 0.835231 0.866118 0.841468 0 0.784582 0.781976 12.4102 13.2904 16.921 0 14.1682 14.6878
1100 225 10000 4639 342 11 0 498 252 0.838644 0.84914 0.718281 0 0.786318 0.797451 12.3377 16.2596 28.7943 0 14.011 14.9519
1100 300 10000 4604 394 13 2 453 291 0.855807 0.871767 0.76416 1.16356 0.815105 0.860901 11.979 14.5591 23.3155 76.0725 13.5412 13.4752
1100 375 10000 4459 421 9 0 396 267 0.857157 0.884795 0.805576 0 0.805522 0.843191 11.6966 12.5722 22.362 0 13.6868 13.1635
1100 400 10000 4306 389 9 1 384 249 0.870242 0.942293 0.835937 0.818057 0.817028 0.81695 11.5442 13.0517 18.0928 143.335 13.5746 15.4666
1100 425 10000 4388 458 10 2 335 236 0.874089 0.882621 0.782179 0.396628 0.849748 0.85101 11.546 13.1439 21.7425 51.7152 15.7102 12.5621
1100 450 10000 4180 445 8 1 304 246 0.872759 0.906753 1.19297 0.811706 0.819102 0.874125 11.4319 13.2845 13.0656 19.962 13.5139 13.3105
1100 475 10000 4062 453 9 1 287 261 0.889058 0.946108 0.753933 0.806622 0.840924 0.841913 11.6002 12.2175 22.8551 148.066 13.0214 12.4406
1100 525 10000 3769 527 6 1 213 242 0.890061 0.91605 1.07644 0.925578 0.880595 0.91183 11.371 11.7277 30.9038 22.1865 15.2397 13.7325
1100 550 10000 3621 535 14 1 219 247 0.890996 0.915962 0.743303 2.35961 0.882709 0.890274 11.6627 10.9484 15.3697 41.3112 13.1459 12.7563
1100 600 10000 3291 569 11 3 180 214 0.893875 0.946721 0.773838 1.61425 0.839745 0.93366 11.5778 10.9671 22.6038 28.878 13.1521 11.3848
1100 625 10000 2916 612 7 0 150 212 0.900299 0.949191 0.803029 0 0.907037 0.900141 11.7952 10.04 14.1285 0 13.6312 11.0519
1100 650 10000 2662 593 11 4 127 211 0.904504 0.926471 0.893582 0.714011 0.873731 0.895895 11.7652 10.4171 23.4635 40.4029 20.1093 12.8444
1100 675 10000 2244 589 5 1 93 173 0.902929 0.9378 0.766477 0.835516 0.838243 0.908657 12.45 10.4769 12.7665 148.569 17.6437 14.7894
1100 700 10000 1958 578 7 1 86 155 0.905828 0.902419 0.796742 0.855474 0.90609 0.937709 13.0347 10.0236 20.41 101.458 16.043 11.6374
1100 725 10000 1566 502 2 2 50 154 0.904121 0.947681 0.747524 0.417578 0.97931 0.921684 14.0283 10.3051 21.1241 46.3691 29.0476 16.0316
1100 750 10000 1176 462 6 2 60 124 0.899731 0.934157 0.511203 0.772704 0.975378 0.907931 15.3693 10.938 22.5255 56.0057 20.3128 14.1041
1100 775 10000 834 400 1 5 40 96 0.900636 0.91847 0.728797 0.608028 0.837629 0.937682 17.4791 11.2717 259.123 63.3878 21.6384 16.2074
1100 850 10000 298 193 3 1 24 47 0.878257 0.898981 0.799619 0.794623 0.864338 0.94983 22.2235 17.3315 15.6146 17.8573 25.8106 18.3533
1100 875 10000 230 121 2 1 16 27 0.935603 0.91158 0.569897 0.877289 0.959276 0.91318 20.9457 16.4196 32.5522 21.886 20.9463 16.7845
1100 925 10000 152 48 0 0 15 13 0.916469 0.892365 0 0 0.842315 0.792673 22.2644 25.6337 0 0 27.3469 45.1436
1100 950 10000 124 23 2 0 9 8 0.964063 1.05116 0.819269 0 1.00816 0.90814 21.0145 26.3224 59.6972 0 26.002 29.7993
1100 975 10000 110 14 0 0 6 5 0.821342 0.661496 0 0 0.96154 0.779082 28.3801 23.6077 0 0 23.4762 29.5046
1100 1000 10000 75 6 2 0 2 3 0.893191 0.875049 0.794168 0 1.13933 1.04335 22.6734 29.1866 14.4756 0 58.53 34.8749
1100 1050 10000 13 0 0 0 1 1 1.09428 0 0 0 1.09176 0.708419 29.4389 0 0 0 27.5639 103.711
1125 50 10000 4546 292 11 0 674 326 0.821893 0.85462 0.968393 0 0.740483 0.768855 12.9875 15.3102 24.4994 0 14.2643 14.788
1125 100 10000 4705 294 11 1 619 278 0.816739 0.819586 0.817576 1.71606 0.759282 0.798343 12.9239 15.7714 15.6856 16.5509 14.7012 14.2706
1125 150 10000 4678 296 11 0 553 251 0.82775 0.867141 0.736804 0 0.776605 0.811311 12.8451 15.7095 19.4838 0 14.435 15.8964
1125 225 10000 4747 334 16 0 472 277 0.834669 0.839435 0.759625 0 0.796825 0.797883 12.4472 13.5513 18.5243 0 14.1011 14.024
1125 250 10000 4739 334 10 1 525 271 0.842424 0.849662 1.07201 0.658307 0.792773 0.772556 12.3081 13.861 21.3774 22.3193 14.1192 15.8631
1125 300 10000 4696 347 6 1 432 261 0.843926 0.8848 0.951421 0 0.82453 0.765759 12.0856 14.0378 26.5541 200.131 13.7128 13.861
1125 350 10000 4631 369 17 0 411 268 0.857668 0.880427 0.817096 0 0.824014 0.846066 11.9883 14.3262 17.8066 0 13.6814 14.9665
1125 375 10000 4556 425 10 2 398 282 0.855986 0.88189 0.969892 0.812318 0.813814 0.835859 11.8348 12.2537 20.8973 15.1575 13.4781 12.9157
1125 425 10000 4458 434 10 1 349 245 0.867878 0.895868 0.656407 1.56167 0.814812 0.876429 11.6897 11.6852 22.3074 68.2132 13.6209 12.9318
1125 450 10000 4390 467 9 0 309 258 0.871921 0.897652 0.939826 0 0.872921 0.902497 11.618 13.6575 15.918 0 13.2753 13.153
1125 475 10000 4270 425 5 3 289 224 0.881726 0.916628 0.900185 0.698924 0.859191 0.935089 11.4505 13.417 15.2671 33.4138 14.1797 13.0464
1125 500 10000 4176 448 10 1 276 277 0.884445 0.915565 0.62952 0.428214 0.840471 0.856812 11.3675 12.0713 29.7482 213.588 15.2149 11.7715
1125 525 10000 4065 509 9 2 236 214 0.878726 0.913893 0.840597 0.81456 0.82869 0.946208 11.3345 11.9415 17.3304 18.8536 17.5224 13.7362
1125 550 10000 3801 515 8 2 232 229 0.88595 0.942828 0.889194 0.845187 0.876283 0.918562 11.3764 10.9185 27.1715 45.6526 14.7465 11.5802
1125 575 10000 3680 537 6 1 204 235 0.88823 0.943491 0.946941 0.84493 0.886713 0.911805 11.2157 11.1144 17.4927 17.7539 13.9758 11.2598
1125 600 10000 3500 558 5 1 181 214 0.898161 0.945179 0.940624 0.780912 0.850324 0.919954 11.8432 11.007 20.3508 34.751 15.2529 12.1442
1125 650 10000 2920 579 7 1 125 205 0.894054 0.938486 1.06705 0.827424 0.849433 0.905136 12.1482 10.351 43.1738 140.515 16.5726 12.278
1125 700 10000 2276 586 8 3 97 186 0.901084 0.932548 0.979537 0.796869 0.879844 0.916418 12.4361 10.1813 28.5774 36.8566 18.6634 11.552
1125 825 10000 647 301 1 0 29 71 0.910507 0.943085 0.859725 0 0.821725 0.890355 17.8036 11.2626 17.3028 0 26.7801 19.9611
1125 875 10000 343 182 0 0 19 40 0.859203 0.905755 0 0 1.05937 0.942276 18.8977 19.2659 0 0 26.3516 23.5642
1125 925 10000 179 85 1 1 9 25 0.916442 0.845943 0.635259 0.737621 0.850215 0.80219 23.8328 23.1259 28.7588 102.853 25.7113 25.3356
1125 950 10000 139 54 1 0 17 18 0.967505 0.944076 0.73137 0 0.819889 0.975634 21.2883 23.9607 34.6004 0 27.4398 44.9008
1125 975 10000 121 19 1 1 9 6 0.904759 0.803438 0.486586 0.93056 0.844523 0.890456 24.4768 35.6187 18.9741 58.0366 33.6656 24.833
1125 1000 10000 103 17 0 0 9 4 0.893238 0.836614 0 0 1.06554 1.04427 24.689 36.1432 0 0 33.2406 29.187
1150 50 10000 4691 297 12 0 621 299 0.811377 0.780487 0.622061 0 0.762299 0.743264 13.0516 14.8151 33.0958 0 14.5255 17.4459
1150 75 10000 4794 279 5 0 628 303 0.806351 0.806876 1.24532 0 0.735189 0.791499 13.0875 17.821 31.2001 0 14.8862 14.8031
1150 100 10000 4642 280 9 1 631 303 0.816469 0.824814 0.803066 0.711132 0.739837 0.732202 13.0288 18.3776 17.192 20.3283 14.8202 15.3912
1150 125 10000 4765 284 8 2 605 297 0.824382 0.850798 0.703718 0.720014 0.723751 0.736794 12.9197 13.9036 16.6837 57.5871 14.2182 15.97
1150 150 10000 4756 296 9 2 586 260 0.825252 0.865323 0.885829 0.33459 0.75902 0.778327 12.7613 13.8003 13.1374 47.2531 14.7243 14.7248
1150 200 10000 4920 262 8 1 532 270 0.808803 0.893735 0.761807 1.52512 0.809619 0.74906 12.7314 17.8626 20.0459 73.9262 14.6324 17.8976
1150 225 10000 4794 316 11 0 529 252 0.829982 0.834313 0.843475 0 0.791608 0.79248 12.6144 13.8155 22.9902 0 14.1466 14.3747
1150 250 10000 4840 327 8 0 502 248 0.832511 0.881533 1.13666 0 0.797275 0.76799 12.5537 15.7851 19.1683 0 13.9733 18.0674
1150 275 10000 4736 302 8 0 510 295 0.838477 0.900396 0.954714 0 0.819199 0.779037 12.3967 12.8547 30.0019 0 13.4085 14.3713
1150 300 10000 4886 365 8 2 502 251 0.835478 0.858612 0.789539 0.749009 0.798301 0.808658 12.2088 12.9032 28.291 57.94 14.4642 13.5627
1150 325 10000 4760 340 13 1 493 260 0.847561 0.885268 0.765376 0.905737 0.799239 0.812276 12.273 14.466 23.7636 17.8476 13.4335 14.7008
1150 350 10000 4699 356 11 4 461 283 0.845913 0.875855 0.657963 0.737735 0.80285 0.813185 12.0826 16.6362 22.6824 37.9387 13.4792 14.1706
1150 400 10000 4664 384 9 0 389 238 0.86529 0.884338 0.903337 0 0.825982 0.881984 11.8208 12.618 20.2245 0 13.6029 13.0387
1150 425 10000 4664 408 7 2 379 243 0.858488 0.89223 0.835056 0.862921 0.825223 0.838666 11.7745 12.7353 21.3886 57.3558 13.2818 12.8175
1150 450 10000 4503 440 13 0 392 263 0.862357 0.863974 0.929097 0 0.805398 0.812254 11.6657 12.3868 18.1292 0 13.6607 13.8284
1150 475 10000 4429 469 10 3 333 256 0.871224 0.882052 1.07869 0.874558 0.843498 0.854651 11.538 13.6211 15.114 69.8913 14.0223 12.6267
1150 600 10000 3683 522 5 0 197 227 0.889669 0.926631 1.01873 0 0.857932 0.904891 11.3169 11.1839 16.2496 0 16.9543 12.1521
1150 625 10000 3452 567 6 2 173 233 0.904562 0.964384 0.924116 0.894478 0.848735 0.882129 11.2821 10.9415 17.5744 54.8852 16.441 11.2692
1150 650 10000 3261 546 8 1 146 197 0.892953 0.949248 0.951497 0.855676 0.907947 0.905363 11.6868 11.6598 15.1132 144.315 16.9221 12.4199
1150 675 10000 3006 605 9 1 142 182 0.907934 0.942762 0.670807 0.729889 0.893442 0.905765 11.5717 10.848 13.172 101.63 13.5033 11.8394
1150 700 10000 2608 588 6 0 124 190 0.907926 0.922881 0.806983 0 0.890683 0.915437 12.1921 10.2256 12.3544 0 17.4263 12.0812
1150 725 10000 2298 624 4 0 91 171 0.909513 0.930683 0.845474 0 0.918951 0.952946 12.9504 13.0693 28.6324 0 18.8529 12.745
1150 750 10000 2000 555 6 3 77 166 0.906157 0.912759 0.921099 0.504336 0.977527 0.921363 13.0731 10.4286 42.2193 86.6704 20.7581 13.2469
1150 775 10000 1608 556 5 0 65 152 0.903047 0.915091 1.04024 0 0.843357 0.930018 14.3081 10.3174 45.382 0 20.8081 14.6396
1150 825 10000 895 402 1 1 36 94 0.91059 0.946881 0.678441 1.51546 0.938034 0.878847 17.2592 12.1389 125.201 74.0583 28.7539 14.7589
1150 850 10000 578 313 3 1 32 88 0.904005 0.903404 0.526424 0.804625 0.877197 0.964861 18.4528 15.3063 55.9644 107.05 22.0003 17.0679
1150 875 10000 391 241 5 1 19 52 0.935503 0.898685 0.785305 0.833674 0.926843 0.938586 21.4095 14.3179 48.7443 104.529 31.9997 26.7094
1150 925 10000 224 99 1 1 17 29 0.916555 0.951054 1.6044 0.804072 0.980801 0.956026 23.8551 21.143 17.4184 103.145 27.4302 23.2909
1150 975 10000 142 28 1 0 5 17 0.925643 0.978492 0.814736 0 1.18473 0.749968 23.1032 23.3115 109.121 0 27.4888 32.4954
1150 1000 10000 134 20 1 0 13 10 0.844857 1.03041 0.752284 0 1.01069 1.08062 23.9305 28.2105 24.2792 0 29.8587 29.6125
1150 1050 10000 70 3 0 0 5 1 0.917439 1.20028 0 0 0.809013 0 25.1473 35.3917 0 0 24.7855 1.78589e+08
1150 1100 10000 17 2 0 0 2 1 0.936778 0.318912 0 0 0.778683 0.552225 28.2852 72.3564 0 0 47.9851 135.456
1175 50 10000 4846 259 10 0 641 291 0.794646 0.797713 0.919293 0 0.761545 0.739991 13.2518 15.0249 16.4986 0 14.6783 15.8722
1175 75 10000 4783 258 14 1 627 302 0.801169 0.822196 0.87102 0.76735 0.752922 0.751952 13.2073 15.2415 14.9988 33.71 14.5811 15.2229
1175 100 10000 4876 254 16 2 643 273 0.806324 0.854019 0.829275 0 0.727926 0.76852 13.1293 15.488 20.9972 1.20098e+08 14.7151 14.9471
1175 150 10000 4794 266 11 0 594 252 0.812876 0.817387 0.650947 0 0.747532 0.793769 13.0063 13.6759 21.1551 0 14.5345 15.4992
1175 175 10000 4904 274 8 1 627 278 0.80954 0.82376 0.843904 1.35372 0.75856 0.778358 12.9934 15.8208 13.3353 53.7359 14.1552 15.7643
1175 200 10000 4833 315 8 0 545 250 0.824255 0.866233 0.81158 0 0.791218 0.82331 12.7718 14.0655 30.5827 0 14.0581 15.9775
1175 250 10000 4935 335 9 0 524 201 0.824055 0.818158 0.745846 0 0.800319 0.835663 12.6164 14.0626 18.4128 0 14.315 15.7576
1175 325 10000 4816 348 9 1 448 233 0.837843 0.863609 0.95263 0.811912 0.821411 0.869521 12.3018 12.7329 26.8121 22.849 13.9011 15.3749
1175 400 10000 4745 386 12 0 434 250 0.853926 0.874641 0.803313 0 0.801362 0.846623 12.0071 16.7131 20.6498 0 13.2906 14.6096
1175 450 10000 4650 370 14 1 367 268 0.860166 0.876583 0.729548 0 0.824463 0.838586 11.7508 12.9049 16.1674 4.68055e+07 14.3161 13.191
1175 475 10000 4608 414 15 1 326 229 0.867249 0.911888 0.75074 0.80328 0.85314 0.831517 11.698 12.3982 19.6014 20.7108 14.0599 13.4571
1175 500 10000 4441 478 9 0 312 232 0.875254 0.879911 0.874518 0 0.836701 0.862277 11.5458 12.2984 17.8919 0 13.3789 12.4243
1175 525 10000 4273 471 3 3 303 242 0.877546 0.933788 0.742937 0.96583 0.829029 0.862644 11.5098 13.1548 56.5231 17.5409 12.5954 12.011
1175 550 10000 4224 479 7 2 270 236 0.878224 0.912299 1.13153 0.809136 0.839746 0.901517 11.4231 11.84 17.2512 51.2915 14.3795 12.836
1175 575 10000 4043 476 14 4 247 219 0.883702 0.932539 0.97133 0.592671 0.867534 0.903165 11.3886 12.0576 19.8258 42.4176 14.4368 12.3732
1175 625 10000 3761 533 8 0 213 224 0.898135 0.897433 0.765861 0 0.831405 0.890041 11.4206 11.0461 13.6635 0 13.2776 12.1107
1175 675 10000 3230 578 6 0 154 212 0.899042 0.95275 0.94244 0 0.893418 0.900232 11.6935 11.0413 28.8025 0 15.1899 11.2042
1175 700 10000 3017 603 4 0 142 213 0.89111 0.919577 0.76096 0 0.875697 0.912019 11.8491 10.285 52.2447 0 15.9335 11.0843
1175 800 10000 1529 527 1 0 69 139 0.903637 0.921464 2.08173 0 0.824369 0.972756 15.1596 10.286 98.9422 0 20.5665 19.1875
1175 825 10000 1215 441 2 1 42 122 0.907339 0.94456 0.833874 0.834174 0.934537 0.910862 14.8947 11.6506 14.8702 103.754 24.5548 12.1797
1175 850 10000 837 394 2 0 31 95 0.924955 0.935325 0.337077 0 0.969426 0.914883 17.4988 11.4526 258.702 0 20.3363 13.562
1175 875 10000 604 338 0 1 19 93 0.901728 0.924001 0 0.730288 0.982036 0.968962 19.3317 14.1252 0 102.348 25.2923 14.703
1175 925 10000 283 187 0 2 18 46 0.915819 0.926506 0 0.693603 0.93722 0.947887 22.1625 15.9136 0 65.3702 28.5903 22.1318
1175 950 10000 218 135 2 0 18 31 0.916855 0.918754 1.05777 0 0.958806 0.850155 21.8113 19.2412 53.3771 0 24.3189 36.3657
1175 975 10000 177 79 2 0 15 18 0.908906 0.937094 0.53327 0 0.766952 1.00801 23.5097 22.6436 37.0253 0 29.172 32.1326
1175 1075 10000 67 8 0 0 3 3 0.863301 0.948062 0 0 0.985084 0.632252 28.5283 38.6488 0 0 60.4917 82.8798
1175 1125 10000 8 1 0 0 0 0 1.44273 1.42061 0 0 0 0 31.0806 47.9565 0 0 0 0
1200 150 10000 4873 240 8 0 660 231 0.808542 0.832238 0.85905 0 0.739052 0.77241 13.061 15.1007 22.6209 0 14.4638 16.1401
1200 200 10000 4978 282 12 1 629 262 0.812393 0.820783 0.73805 0.729779 0.738525 0.774961 13.0828 17.3659 19.806 19.4069 14.1501 16.2873
1200 225 10000 4898 261 14 0 517 241 0.822538 0.859527 0.694841 0 0.803216 0.811682 12.8114 17.5607 16.0247 0 15.0815 17.1848
1200 275 10000 4943 313 8 0 520 263 0.833684 0.843365 0.927684 0 0.765089 0.785925 12.4659 14.2613 19.195 0 14.2461 16.2966
1200 375 10000 4884 332 10 0 439 284 0.841992 0.881625 0.616265 0 0.821177 0.835865 12.1996 13.5494 24.2016 0 14.1863 15.2261
1200 400 10000 4854 356 5 1 450 232 0.844619 0.8889 0.733503 0.794003 0.826416 0.809426 12.116 14.0833 16.9522 153.123 13.7277 14.725
1200 425 10000 4740 377 11 0 398 278 0.858775 0.907667 0.817357 0 0.79086 0.830551 11.9289 14.0992 24.0744 0 13.8885 13.4879
1200 450 10000 4770 345 9 0 420 227 0.861912 0.874835 1.03189 0 0.812549 0.809706 11.9063 16.4547 20.1461 0 14.3661 13.1051
1200 475 10000 4672 388 9 1 339 243 0.862314 0.861327 0.703918 1.66335 0.847585 0.854105 11.7919 12.7966 35.3836 50.0583 13.5178 15.005
1200 550 10000 4356 447 8 0 305 236 0.872983 0.885847 0.899 0 0.859985 0.875097 11.3983 13.724 15.7259 0 14.1235 14.2539
1200 575 10000 4246 460 11 4 311 248 0.882128 0.867304 0.710457 0.807086 0.825177 0.856063 11.4897 11.0241 30.7937 45.3627 12.636 11.7574
1200 600 10000 4112 494 16 1 235 206 0.895372 0.921878 0.700209 0.826392 0.85258 0.899749 11.3939 12.3717 20.1048 107.766 14.0312 12.6616
1200 650 10000 3844 535 4 1 208 221 0.894422 0.893613 1.0018 0.822355 0.88547 0.926857 11.3877 10.8035 51.6219 34.5096 12.8782 12.2752
1200 675 10000 3511 558 8 4 189 212 0.88844 0.919847 0.993404 0.615059 0.836564 0.906118 11.4055 11.9637 18.1763 52.0239 12.8739 11.521
1200 700 10000 3210 582 9 1 177 221 0.904791 0.912321 0.764968 0.828022 0.896876 0.898367 11.3613 10.3334 26.7135 136.729 14.95 13.5209
1200 725 10000 3052 580 8 3 145 187 0.906664 0.909868 0.790898 0.826017 0.861345 0.89033 11.6862 10.2283 20.021 82.0944 18.7213 13.0619
1200 750 10000 2749 566 5 3 120 183 0.901314 0.929364 1.00857 0.789388 0.846271 0.926022 11.9857 10.3827 25.265 53.185 13.7437 10.9596
1200 800 10000 2003 610 6 0 82 171 0.897602 0.927386 0.763563 0 0.881276 0.880673 12.8463 13.3001 21.4522 0 18.1002 12.4331
1200 875 10000 859 431 1 2 33 102 0.89112 0.91319 0.782185 0.637512 0.872595 0.887355 17.169 14.35 30.9412 65.2399 23.1691 19.5804
1200 900 10000 634 297 2 1 27 78 0.891668 0.93951 1.13725 0.829093 0.871236 0.892658 18.092 14.5692 93.0753 156.461 31.9269 18.9323
1200 925 10000 445 269 3 0 21 56 0.899174 0.926328 0.788604 0 0.897857 0.919572 19.0711 15.5076 18.0137 0 30.3268 28.7864
1200 950 10000 273 176 0 0 14 34 0.92059 0.88452 0 0 0.959697 0.955166 19.4206 18.2802 0 0 34.3275 18.0692
1200 975 10000 240 138 0 1 10 31 0.935483 0.910725 0 0.814996 0.851798 0.86921 22.2081 17.9782 0 123.814 35.6013 30.5325
1200 1025 10000 162 42 0 0 5 13 0.929095 1.05389 0 0 0.968624 0.859298 23.2337 22.6123 0 0 53.9176 33.3887
1200 1100 10000 61 4 0 0 9 0 0.908943 0.640099 0 0 0.845331 0 25.1611 88.2656 0 0 27.772 0
