125 75 10000 6 4 0 0 1 2 0.645544 0.850457 0 0 1.2483 0.256989 35.9214 33.7033 0 0 55.3461 52.6892
150 50 10000 8 6 0 0 6 2 0.816161 1.06284 0 0 0.477927 1.91883 26.3364 44.6631 0 0 43.0156 21.7558
150 75 10000 10 6 0 0 8 4 0.615125 0.776766 0 0 0.460711 0.670846 25.9162 36.1313 0 0 30.0775 29.6901
150 100 10000 8 4 0 0 5 2 0.683221 0.441568 0 0 0.43902 1.03005 20.9642 39.1621 0 0 30.4544 34.1072
175 50 10000 9 14 0 0 10 7 1.2046 0.713199 0 0 0.551336 1.23045 24.7746 36.8725 0 0 21.1866 31.7699
175 75 10000 9 13 0 0 5 5 1.18389 0.896068 0 0 0.751266 0.794284 30.2242 28.0344 0 0 33.9537 30.1066
175 100 10000 7 9 0 0 8 5 1.33495 0.830757 0 0 0.602136 0.682754 28.4408 31.6197 0 0 24.0913 38.8277
175 125 10000 11 5 0 0 1 2 0.652764 0.42291 0 0 1.63588 0.579836 25.5145 31.5834 0 0 40.0636 46.5003
200 75 10000 24 23 0 0 12 7 0.757376 0.704196 0 0 0.636149 0.731521 26.2387 21.3663 0 0 25.4847 68.1593
200 100 10000 23 21 0 0 9 6 0.607733 0.827065 0 0 0.56848 1.03466 27.3591 25.4853 0 0 24.1537 32.7415
200 125 10000 23 7 1 0 9 2 0.593847 0.849239 0.18974 0 0.446379 1.08758 26.4773 33.4789 22.7957 0 30.2765 52.2741
200 150 10000 5 1 0 0 2 0 1.38897 2.06161 0 0 0.889181 0 24.4414 32.9756 0 0 63.0133 0
225 75 10000 42 58 0 0 17 20 0.776934 0.65429 0 0 0.559761 0.728699 23.6809 21.3976 0 0 25.8121 27.1582
225 100 10000 31 36 0 0 10 14 0.923225 0.756702 0 0 0.752701 0.594142 21.9272 24.9602 0 0 32.8723 20.9968
225 150 10000 21 10 1 0 8 3 0.686657 0.596475 0.188833 0 0.550625 0.714459 22.1736 41.6771 22.1561 0 26.693 41.6614
225 175 10000 9 3 0 0 5 2 1.06969 0.647793 0 0 0.562852 0.493949 27.9249 24.5859 0 0 37.3695 26.9377
250 50 10000 56 100 0 0 13 25 0.833846 0.783441 0 0 0.806917 0.834715 24.7875 21.5093 0 0 23.9755 25.2161
250 75 10000 45 73 0 0 21 23 0.843732 0.740094 0 0 0.723226 0.86454 28.7076 25.8909 0 0 26.082 21.9343
250 100 10000 56 53 0 0 12 15 0.690067 0.734602 0 0 0.743219 0.803333 25.6365 22.9024 0 0 26.8602 23.2934
250 125 10000 40 33 0 0 17 11 0.8332 0.710036 0 0 0.592719 1.0173 24.9785 34.4292 0 0 26.1443 22.025
250 150 10000 40 25 0 0 8 5 0.659293 0.886612 0 0 0.887284 0.984007 23.5604 24.7313 0 0 25.3213 35.8695
250 175 10000 27 13 0 0 3 2 0.614147 0.705934 0 0 0.841537 0.777677 22.4974 27.8729 0 0 55.715 48.7644
250 200 10000 12 2 0 0 0 0 0.527498 1.8228 0 0 0 0 27.6559 25.7922 0 0 0 0
275 50 10000 99 141 0 1 15 39 0.84603 0.770567 0 0.291199 0.664177 0.72575 23.6465 25.4171 0 132.289 37.9473 24.3413
275 75 10000 103 129 0 2 21 24 0.727237 0.762911 0 0.227605 0.658852 0.837936 24.3467 23.1479 0 109.368 27.0287 27.4215
275 100 10000 85 85 0 0 23 24 0.798449 0.794734 0 0 0.646912 0.682891 22.4026 22.7547 0 0 23.6242 29.6242
275 125 10000 72 74 1 1 17 14 0.747661 0.700852 0.42531 0.319722 0.834749 0.802605 25.4469 23.8305 17.3623 117.46 21.6645 35.2287
275 150 10000 66 54 1 2 12 16 0.696101 0.593134 0.371185 0.372303 0.738112 0.708251 22.3763 22.1184 18.5055 63.8871 27.6283 20.4283
275 175 10000 35 32 0 0 10 18 0.871513 0.684548 0 0 0.71679 0.549616 26.853 24.0816 0 0 28.8986 23.5035
275 225 10000 20 2 0 0 1 2 0.497148 0.714181 0 0 0.641388 0.451671 26.0642 37.4434 0 0 61.7365 48.5984
300 50 10000 175 243 0 0 13 46 0.780327 0.773744 0 0 1.03088 0.729962 26.0221 20.6316 0 0 29.8586 28.251
300 75 10000 147 193 0 0 23 36 0.783537 0.746577 0 0 0.781611 0.838857 22.9483 21.4685 0 0 26.7139 22.5516
300 100 10000 124 154 1 0 10 26 0.771284 0.782238 1.36857 0 1.21218 0.727361 22.2265 22.7706 17.9309 0 28.0725 29.425
300 125 10000 94 94 0 0 32 27 0.795062 0.768191 0 0 0.492207 0.774874 22.179 24.0549 0 0 26.9755 22.1658
300 150 10000 91 66 0 0 20 22 0.753731 0.754114 0 0 0.760875 0.745612 22.8247 24.634 0 0 26.95 22.2398
300 175 10000 58 52 0 0 19 8 0.769493 0.735475 0 0 0.703901 1.50864 26.6651 23.0788 0 0 26.8966 22.3535
300 200 10000 46 28 0 0 8 4 0.764633 0.824896 0 0 0.914989 1.42878 23.7343 23.9068 0 0 26.9259 40.5559
300 225 10000 39 13 0 1 7 3 0.664929 0.74601 0 0.188704 0.599415 0.806104 26.0569 22.5126 0 102.407 30.585 29.3782
300 250 10000 15 4 0 0 4 3 0.597821 0.7398 0 0 0.311289 0.428636 25.0688 42.2843 0 0 37.6966 23.3455
325 50 10000 258 321 0 0 42 60 0.832621 0.77125 0 0 0.727717 0.866085 23.5486 19.631 0 0 25.6062 26.6908
325 75 10000 231 265 0 1 30 50 0.764856 0.866087 0 1.00815 0.817735 0.835889 25.3267 19.9457 0 19.8806 29.1368 20.8794
325 100 10000 219 235 1 0 40 39 0.73326 0.786109 1.08994 0 0.65561 0.836295 22.7114 20.9259 22.3546 0 21.5028 27.6044
325 125 10000 153 155 1 1 24 27 0.778318 0.840542 0.405259 0.233058 0.794144 0.85984 22.593 21.1515 18.2287 22.2611 22.9943 25.0494
325 150 10000 115 128 1 0 17 27 0.732338 0.794571 0.183009 0 1.05806 0.771659 24.1115 20.2257 45.7206 0 24.1365 30.4102
325 175 10000 82 76 1 0 19 15 0.774553 0.724999 0.441633 0 0.700424 0.793798 21.1096 25.3992 23.8586 0 19.6976 32.7346
325 200 10000 77 56 1 1 14 13 0.793605 0.734859 0.8602 0.228611 0.890662 0.792252 22.5687 25.5441 31.6317 102.11 25.1798 38.3767
325 225 10000 53 31 0 0 10 9 0.756324 0.836874 0 0 1.03385 0.84641 23.9167 30.267 0 0 26.4883 24.9336
325 250 10000 38 21 0 0 5 0 0.704363 0.586801 0 0 0.954096 0 22.3444 26.3297 0 0 35.4912 0
325 275 10000 13 2 0 0 1 2 0.765747 1.20007 0 0 0.762092 0.294247 31.2715 39.6503 0 0 56.8434 49.8702
350 50 10000 405 416 2 1 48 85 0.806303 0.807078 0.345861 0.616936 0.704743 0.881391 22.8309 19.7054 62.5972 72.9869 22.6465 20.3784
350 75 10000 370 381 0 0 39 66 0.762419 0.826672 0 0 0.877329 0.796345 23.324 20.0346 0 0 21.6421 23.1322
350 125 10000 249 234 0 1 39 44 0.797032 0.784976 0 0.54422 0.774738 0.856913 22.2621 20.915 0 75.431 23.6768 21.8945
350 150 10000 183 176 1 0 32 30 0.835302 0.765114 0.362911 0 0.6007 0.947438 22.447 22.5311 47.1221 0 24.8617 22.3539
350 175 10000 140 140 0 0 36 23 0.870035 0.693403 0 0 0.642637 0.720413 21.8605 19.5891 0 0 22.3822 23.7585
350 200 10000 118 84 0 0 20 14 0.756226 0.808203 0 0 0.733158 0.803449 22.1595 23.3944 0 0 24.544 21.6539
350 225 10000 82 46 1 1 12 12 0.722459 0.867877 0.799131 0.728965 0.90423 0.731128 25.6804 25.3643 42.7589 41.9698 28.4433 26.044
350 250 10000 59 22 0 0 11 5 0.840727 0.845635 0 0 0.704668 0.934389 23.8354 25.5444 0 0 21.2443 24.9624
350 275 10000 41 15 1 0 4 4 0.654256 0.644818 0.560037 0 0.825169 0.78546 22.8607 30.3673 39.3831 0 41.2826 24.285
350 300 10000 13 0 0 0 2 0 0.781752 0 0 0 0.690311 0 25.7094 0 0 0 47.0655 0
375 50 10000 556 517 6 0 54 105 0.788684 0.844813 0.534709 0 0.891631 0.730929 22.4761 18.2486 19.6742 0 22.359 19.318
375 75 10000 531 496 0 0 50 82 0.772435 0.805973 0 0 0.741725 0.796025 22.6163 18.6382 0 0 26.0763 20.2437
375 100 10000 451 426 0 0 45 77 0.77212 0.82668 0 0 0.792908 0.840116 23.1099 18.5909 0 0 26.4596 22.4653
375 125 10000 350 343 1 1 44 71 0.784747 0.828059 0.79806 1.3849 0.736227 0.707077 22.6785 19.1002 39.1975 23.8479 27.0584 24.7068
375 150 10000 285 280 2 0 30 51 0.828835 0.765797 0.791383 0 0.819873 0.853106 21.7458 20.7224 21.1679 0 23.1843 20.4711
375 175 10000 195 214 1 0 35 33 0.790236 0.783265 0.71389 0 0.720036 0.853114 21.9908 19.0193 19.6293 0 23.1424 22.5302
375 200 10000 146 124 1 0 29 32 0.863293 0.870271 0.453921 0 0.657943 0.797892 23.3582 19.9993 17.3373 0 28.0112 28.3221
375 225 10000 119 87 1 0 32 12 0.744089 0.801631 0.544784 0 0.697423 1.10302 22.8327 23.7241 31.5786 0 24.3791 32.3534
375 250 10000 96 55 0 1 19 13 0.853443 0.69737 0 0.360099 0.79992 0.973326 22.4777 22.9196 0 44.697 20.0102 27.9528
375 275 10000 75 25 0 0 7 8 0.755276 0.80282 0 0 1.05844 1.04681 21.5917 27.3797 0 0 24.9689 24.805
375 300 10000 33 13 0 0 7 10 0.730907 0.782102 0 0 0.562389 0.492818 26.1094 30.569 0 0 29.1004 36.701
375 325 10000 10 2 0 0 2 2 0.892562 0.884415 0 0 0.541695 0.499733 22.484 26.7884 0 0 37.9592 26.2543
400 50 10000 786 587 0 3 91 133 0.81751 0.825851 0 0.522838 0.719807 0.777644 20.5589 18.2326 0 72.3567 22.241 21.5188
400 75 10000 720 575 2 1 75 120 0.757379 0.787916 0.867874 0.455943 0.650682 0.776793 21.7314 18.2 32.0685 101.625 25.7118 22.8685
400 100 10000 595 501 0 0 70 95 0.798731 0.809801 0 0 0.737389 0.788544 22.001 18.4222 0 0 21.2692 21.3668
400 125 10000 558 504 3 0 59 79 0.781 0.771081 0.483338 0 0.663828 0.867265 22.8738 18.7581 21.1576 0 22.6408 22.7118
400 150 10000 419 366 1 1 34 74 0.797236 0.786564 1.5036 2.02621 0.845273 0.772578 24.7703 18.8046 19.426 37.3746 25.7943 19.3126
400 175 10000 331 295 1 1 39 51 0.750437 0.772127 0.785315 1.01331 0.732715 0.684843 22.7789 20.0767 72.6335 54.7895 26.2701 20.3262
400 200 10000 245 193 1 0 30 39 0.783221 0.794436 0.913833 0 0.753083 0.749052 22.2641 20.9506 22.9189 0 23.6591 20.448
400 225 10000 192 149 0 0 30 29 0.759042 0.75333 0 0 0.635657 0.575134 24.1928 21.998 0 0 23.0291 36.9665
400 250 10000 147 93 1 0 22 28 0.689836 0.690378 0.585593 0 0.773109 0.64648 22.5407 21.3178 15.454 0 27.4038 23.4197
400 275 10000 100 54 0 0 25 7 0.775865 0.814233 0 0 0.632761 1.42925 23.2035 21.393 0 0 23.0474 26.464
400 300 10000 80 20 0 0 14 7 0.697159 1.07189 0 0 0.746362 0.83914 21.3601 21.7468 0 0 24.0268 32.7308
400 325 10000 31 14 0 0 12 0 0.842446 0.882652 0 0 0.380012 0 25.5629 28.3409 0 0 25.2804 0
400 350 10000 15 2 0 0 1 0 0.553475 0.83629 0 0 1.00861 0 25.3523 38.1656 0 0 52.957 0
425 50 10000 1046 660 3 3 80 142 0.756769 0.797856 0.95816 0.654809 0.853953 0.836137 20.4097 18.7298 23.3278 68.8238 29.0054 20.2109
425 75 10000 965 646 2 1 94 136 0.757047 0.807597 0.653491 0.562315 0.767713 0.731942 20.3904 18.0493 21.3063 26.706 23.7029 21.3229
425 100 10000 849 664 2 0 86 118 0.7618 0.793337 1.21607 0 0.780597 0.77285 21.187 18.6354 26.8262 0 23.8532 20.3007
425 125 10000 752 549 1 0 53 77 0.775364 0.828485 0.361553 0 0.895544 0.88868 21.2275 18.6051 29.6443 0 22.3358 25.8851
425 150 10000 596 452 2 1 53 72 0.769621 0.823904 0.623027 0.462659 0.812734 0.797843 22.1909 19.0437 50.4175 19.7831 25.2496 23.5151
425 200 10000 382 284 1 2 41 50 0.769568 0.763573 0.821753 0.399451 0.790825 0.734487 20.6761 20.8773 48.7444 42.188 22.1829 26.7265
425 250 10000 193 128 0 2 21 22 0.799582 0.819613 0 0.48606 0.957768 0.850755 21.5919 20.8533 0 24.0102 21.3397 23.9248
425 325 10000 82 28 0 0 13 7 0.750842 0.74257 0 0 0.688364 0.683159 21.8287 24.1594 0 0 26.9966 23.7168
425 350 10000 39 15 0 0 4 3 0.667649 0.82392 0 0 1.02848 0.586227 24.0886 29.2084 0 0 30.5284 48.9069
425 375 10000 17 4 0 0 1 2 0.536992 0.319804 0 0 1.02746 0.329428 27.9108 74.5807 0 0 40.8636 65.927
450 50 10000 1250 690 5 0 120 162 0.785516 0.822396 0.464046 0 0.77599 0.742156 19.8419 17.8147 37.5257 0 21.621 22.4346
450 75 10000 1119 623 3 2 104 149 0.804995 0.83328 0.681481 1.13766 0.789041 0.722117 20.2862 18.472 29.0795 38.2494 22.6553 20.8448
450 100 10000 1023 700 3 5 96 122 0.815643 0.79887 0.520442 0.555538 0.822447 0.855893 20.1646 17.6284 42.6529 28.3534 23.5746 19.8502
450 150 10000 859 548 1 2 72 99 0.757192 0.861737 2.29647 0.579636 0.740849 0.726131 20.3771 18.5624 27.8875 24.3721 27.3002 21.4473
450 175 10000 719 478 2 1 75 78 0.805215 0.808312 1.31735 0.703836 0.631617 0.761227 21.3789 18.4704 22.4703 38.087 22.7933 20.1899
450 225 10000 427 314 0 2 28 52 0.742966 0.801503 0 0.41045 0.764847 0.81099 22.038 19.6315 0 52.8261 23.5945 21.7833
450 250 10000 306 234 1 2 32 28 0.713015 0.730132 0.664525 0.411653 0.881015 0.91843 22.561 21.2559 68.5263 67.9178 22.4566 28.1352
450 275 10000 206 154 0 1 33 28 0.784867 0.772621 0 0.424236 0.692423 0.77537 21.2801 21.1854 0 47.9359 23.8427 26.096
450 300 10000 161 102 0 0 19 21 0.82205 0.674486 0 0 0.944254 0.722589 20.307 21.8007 0 0 23.5892 23.0858
450 325 10000 99 60 0 0 13 9 0.872254 0.663505 0 0 0.962213 1.09943 21.4929 25.3957 0 0 22.8126 30.1319
450 350 10000 90 30 0 0 13 7 0.646848 0.820176 0 0 0.718943 0.881156 23.4681 28.852 0 0 27.1059 26.8659
450 375 10000 50 3 0 0 3 5 0.640536 2.7019 0 0 1.01418 0.306115 24.4816 22.8071 0 0 46.4692 27.7406
450 400 10000 12 2 0 0 2 1 0.955823 0.62583 0 0 0.566535 0.110649 26.5955 80.0561 0 0 34.3702 339.021
475 50 10000 1436 708 3 2 147 173 0.779601 0.815737 0.650841 1.0787 0.748048 0.787765 19.9093 18.0394 38.2499 33.3576 23.9412 20.0838
475 75 10000 1377 783 3 2 146 161 0.787246 0.760816 0.45743 0.558234 0.707867 0.815998 19.9067 18.2331 24.0806 82.1046 23.3616 21.2433
475 100 10000 1271 686 4 1 123 169 0.791092 0.808468 0.548369 1.01712 0.731261 0.788304 19.9963 17.642 35.5523 65.3522 23.4254 20.4114
475 125 10000 1188 649 4 2 106 149 0.822785 0.814079 0.597242 0.194164 0.75494 0.735107 19.7025 17.6168 49.6718 289.142 22.454 20.3595
475 150 10000 1069 624 6 2 92 134 0.795668 0.814961 0.713999 1.07537 0.749521 0.763378 19.9887 17.5537 26.5847 25.9997 22.5219 20.4082
475 175 10000 929 592 1 0 86 90 0.774787 0.782085 0.86189 0 0.786607 0.877865 20.2948 18.2595 49.5466 0 21.0316 21.7717
475 200 10000 756 487 1 2 64 81 0.774269 0.82326 0 0.660763 0.817047 0.771747 20.8178 18.0437 7.51738e+07 72.3433 22.4969 19.1758
475 225 10000 593 425 0 1 51 80 0.780842 0.766991 0 1.03368 0.754263 0.678845 22.3419 17.787 0 47.7407 29.3849 20.4781
475 325 10000 152 92 3 0 21 13 0.777557 0.734093 0.435494 0 0.727969 1.10579 22.5164 22.2801 24.6768 0 19.9906 31.383
475 375 10000 80 34 0 0 11 7 0.742411 0.658476 0 0 0.712033 0.670015 23.3305 22.8879 0 0 21.0708 22.53
475 400 10000 42 8 0 0 3 3 0.759154 0.936284 0 0 0.657071 0.714463 23.7325 32.4638 0 0 49.717 28.7492
475 425 10000 11 2 0 0 2 0 0.819903 0.526119 0 0 0.60792 0 29.2863 60.454 0 0 39.0891 0
500 50 10000 1659 707 3 0 178 191 0.78081 0.816631 0.727424 0 0.735875 0.801654 19.6843 18.3095 22.955 0 22.9215 19.8286
500 75 10000 1626 732 1 1 159 161 0.776491 0.805213 2.21633 1.13963 0.697116 0.845612 19.7985 18.5704 33.9834 27.525 21.8906 21.6325
500 100 10000 1563 688 2 0 132 175 0.795658 0.842628 1.31443 0 0.779237 0.763212 19.8114 17.9335 20.0008 0 22.6222 22.7071
500 125 10000 1456 676 3 2 100 168 0.798278 0.809793 1.28454 0.537863 0.835115 0.759234 19.6046 18.312 32.0542 55.0906 24.0948 20.9263
500 150 10000 1396 701 2 3 115 126 0.762784 0.813616 1.38854 0.420603 0.730681 0.853739 20.1085 17.8569 23.158 39.0112 22.4006 20.2117
500 175 10000 1214 671 6 0 98 130 0.774799 0.798454 0.429691 0 0.796515 0.749077 20.0456 18.536 22.8735 0 20.6093 20.0696
500 200 10000 1045 588 3 1 84 91 0.78 0.809292 0.524425 0.437798 0.792005 0.843408 19.9437 18.2623 33.0605 140.106 22.7768 21.5033
500 225 10000 822 512 1 1 64 82 0.769713 0.803595 1.22521 0.815026 0.805234 0.710645 20.344 18.0886 32.7914 46.4077 20.4736 23.0517
500 250 10000 611 406 1 0 62 84 0.806156 0.777958 0.00177783 0 0.670247 0.752737 21.1455 20.7246 21.7551 0 25.4542 22.2469
500 300 10000 312 222 0 0 23 40 0.787078 0.767535 0 0 1.14746 0.887502 22.1595 19.3601 0 0 23.7999 22.4488
500 325 10000 251 156 1 1 29 28 0.704684 0.80698 0.295384 0.581639 0.849538 0.771224 21.0029 24.4467 128.605 94.5795 25.5333 24.3209
500 350 10000 178 94 1 0 20 18 0.7772 0.791143 1.11704 0 0.80983 0.864874 22.031 23.2592 25.4258 0 29.9856 26.1349
500 375 10000 109 72 0 0 25 18 0.886271 0.700222 0 0 0.634508 0.701316 22.5002 22.0057 0 0 21.4328 22.5262
500 425 10000 47 13 0 0 6 2 0.69623 0.753944 0 0 0.682549 1.97383 25.4346 27.9823 0 0 28.1955 28.6947
500 450 10000 16 0 0 0 1 1 0.680149 0 0 0 1.2247 0.276578 24.7859 0 0 0 24.3261 58.4725
525 50 10000 1794 728 4 4 207 204 0.764608 0.813233 0.843682 0.982125 0.743033 0.777234 20.0016 18.5649 19.8709 22.3115 21.9809 20.363
525 75 10000 1854 723 3 0 203 208 0.774718 0.813104 1.14646 0 0.701404 0.755683 19.6983 18.457 28.5727 0 23.599 19.679
525 100 10000 1739 700 3 0 174 197 0.786636 0.819486 1.31327 0 0.69588 0.759596 19.5489 18.7168 18.6813 0 24.1004 20.9123
525 150 10000 1533 687 4 0 135 163 0.810622 0.820932 0.734548 0 0.784911 0.716211 19.2773 17.7509 20.0169 0 21.5017 19.7879
525 175 10000 1451 669 1 0 135 151 0.781458 0.812325 1.14373 0 0.775454 0.740537 19.8651 17.5155 50.3763 0 21.3612 22.9677
525 200 10000 1282 641 2 0 87 121 0.783161 0.787439 0.847065 0 0.79139 0.823237 19.887 17.7094 59.8326 0 21.7989 19.8759
525 225 10000 1062 621 5 1 74 95 0.794643 0.801415 0.49063 1.29105 0.803758 0.77889 20.1242 17.8854 22.6555 19.5824 26.5899 22.5862
525 250 10000 902 496 2 2 83 86 0.781655 0.810689 0.771511 0.445275 0.761059 0.843168 20.5095 18.1664 46.5471 80.396 23.1166 19.9088
525 275 10000 654 423 2 3 56 65 0.787414 0.761857 0.837472 0.484475 0.781617 0.949341 21.8279 19.086 35.8759 39.4405 22.3211 21.5882
525 300 10000 489 341 1 1 40 50 0.762517 0.763475 0.839405 0.458455 0.747004 0.903179 21.3667 19.6633 52.8125 87.9962 25.3713 23.0081
525 325 10000 351 242 3 0 36 51 0.780885 0.748877 0.785941 0 0.773974 0.687885 21.9694 19.243 21.5153 0 29.4208 27.236
525 375 10000 200 101 0 0 21 11 0.763301 0.761812 0 0 0.816395 0.987645 21.4381 22.3833 0 0 22.4979 22.1219
525 425 10000 89 29 1 0 8 8 0.760226 0.729321 0.66267 0 0.799879 0.511838 23.5002 21.3729 20.6283 0 40.6924 39.9757
525 450 10000 47 14 0 0 8 2 0.742707 0.625033 0 0 0.431771 1.54531 27.7917 23.3022 0 0 37.0122 40.0762
525 475 10000 10 0 0 0 2 1 1.0462 0 0 0 0.49399 0.567866 27.1242 0 0 0 44.9361 76.1423
550 50 10000 2025 693 2 2 218 211 0.772123 0.822482 1.2894 1.12609 0.764219 0.775396 20.0457 19.5517 39.7305 25.1623 22.2285 21.1269
550 75 10000 1980 676 5 1 234 203 0.788728 0.860511 0.911498 2.1785 0.666421 0.808197 19.7031 18.9199 27.5124 35.6216 22.4567 22.0864
550 125 10000 1860 668 3 4 179 173 0.791317 0.861014 1.15809 0.57644 0.702996 0.791808 19.736 18.2199 25.607 29.7504 21.964 20.0187
550 150 10000 1828 694 5 2 166 166 0.785994 0.818464 0.99394 0.438937 0.790783 0.743838 19.8254 18.485 21.831 30.0888 20.9845 22.8054
550 175 10000 1682 666 3 2 160 147 0.799964 0.828329 0.692151 0.635616 0.757195 0.876749 19.5163 17.7495 22.729 51.13 22.7316 19.3259
550 200 10000 1567 684 4 0 119 146 0.777088 0.812029 0.557176 0 0.817598 0.738303 19.355 17.5793 43.495 0 22.1913 20.9915
550 225 10000 1333 629 1 0 100 124 0.787726 0.795754 2.71415 0 0.744424 0.807822 19.6772 18.302 33.3168 0 21.558 20.3539
550 250 10000 1086 584 3 1 85 112 0.777856 0.807316 0.841464 1.0197 0.783404 0.77729 20.0269 18.2776 41.2198 81.5854 23.5503 18.9622
550 275 10000 874 531 3 0 66 73 0.769234 0.795415 0.923988 0 0.801467 0.847346 21.1131 18.8773 19.652 0 23.7374 22.331
550 325 10000 498 302 1 0 39 53 0.821543 0.815345 1.36842 0 0.746134 0.703712 20.6387 19.4152 19.0988 0 24.9161 21.095
550 350 10000 343 236 2 0 38 40 0.782616 0.837657 0.625154 0 0.768046 0.78464 21.7669 20.3928 59.2945 0 27.0805 21.4865
550 375 10000 269 138 0 0 39 27 0.728394 0.837958 0 0 0.633473 0.743951 22.2825 21.4371 0 0 23.3422 22.4447
550 400 10000 181 84 1 0 21 18 0.85715 0.853139 0.455141 0 0.814051 0.907404 23.0336 22.2242 18.213 0 22.0922 19.4856
550 450 10000 93 24 0 0 19 7 0.749113 0.80816 0 0 0.698634 0.697472 23.1683 27.2873 0 0 23.6174 21.1786
550 475 10000 30 4 1 0 10 3 0.8746 1.57513 0.214822 0 0.606584 0.485173 25.9344 34.237 23.457 0 29.8179 40.6696
550 500 10000 12 3 0 0 2 0 0.738155 0.573503 0 0 0.494078 0 30.4331 31.6001 0 0 78.4502 0
575 50 10000 2166 648 6 0 249 220 0.777953 0.835752 0.592571 0 0.697478 0.772805 20.0711 19.3084 24.0296 0 23.098 20.9252
575 75 10000 2130 659 3 4 209 220 0.78526 0.817232 1.1978 0.847006 0.765712 0.71309 19.896 19.2008 28.2177 29.6581 21.6313 20.6652
575 100 10000 2120 670 3 1 213 166 0.786491 0.819904 0.927093 0.84565 0.774647 0.807444 19.6599 19.1388 24.8112 30.6269 22.0423 21.1835
575 125 10000 2120 692 3 0 200 188 0.789909 0.793769 0.93595 0 0.750141 0.786485 19.405 18.8771 37.2936 0 22.5044 20.7863
575 150 10000 2009 652 4 5 196 202 0.792349 0.822841 0.948178 0.429356 0.703749 0.742768 19.4883 18.622 27.9311 65.2483 22.9853 20.9564
575 200 10000 1775 674 4 2 168 144 0.791949 0.815906 0.682527 0.582578 0.69646 0.785108 19.4046 17.6786 24.9722 54.6786 23.6501 22.3082
575 225 10000 1681 688 6 2 121 125 0.763808 0.80623 0.761778 1.11611 0.791984 0.863308 19.4321 17.5926 18.6945 22.1417 22.3619 20.3782
575 250 10000 1398 660 3 1 104 134 0.788173 0.77287 0.957488 0.608774 0.754487 0.789956 19.8056 17.5305 27.8873 74.9116 23.1234 21.6875
575 375 10000 395 232 0 0 28 39 0.77195 0.755581 0 0 0.85112 0.856576 21.4831 20.562 0 0 27.493 27.6215
575 400 10000 279 146 0 0 25 22 0.779272 0.792932 0 0 0.809247 0.837114 22.3391 21.345 0 0 21.3824 23.6788
575 450 10000 128 58 0 1 20 9 0.728023 0.847485 0 0.380511 0.685532 0.749891 22.8212 26.4506 0 62.5534 23.9442 23.6691
575 475 10000 75 36 0 0 16 7 0.794191 0.661674 0 0 0.521104 0.964259 25.6442 27.2346 0 0 29.1019 25.1187
575 525 10000 9 1 0 0 1 0 0.766721 1.07001 0 0 0.650458 0 25.8632 54.5633 0 0 61.7743 0
600 75 10000 2254 679 8 2 221 216 0.783946 0.798692 0.568531 0.289796 0.722418 0.756579 20.1426 19.8229 28.2343 88.2177 24.2705 21.2171
600 100 10000 2342 617 4 3 220 201 0.770007 0.889169 0.783984 0.231369 0.731026 0.741541 19.7429 19.3167 22.8196 39.789 21.8165 23.0669
600 125 10000 2195 651 8 1 224 216 0.772286 0.852339 0.640264 1.66145 0.702806 0.698495 19.9254 19.2826 30.59 39.7914 22.0762 20.3106
600 150 10000 2137 693 3 1 219 169 0.787057 0.822381 0.822634 0 0.733024 0.731898 19.6655 18.6244 46.6887 7.27655e+07 22.4401 20.7769
600 175 10000 2097 633 8 3 202 170 0.800904 0.835286 0.523974 0.623721 0.689806 0.786409 19.3646 18.4808 22.2354 48.2034 21.569 20.9756
600 200 10000 1991 683 7 0 180 176 0.79046 0.828004 0.549841 0 0.737624 0.783526 19.162 18.0949 20.8421 0 22.6971 19.6025
600 225 10000 1913 626 2 0 169 151 0.764778 0.829757 0.854937 0 0.703306 0.823467 19.2989 18.0482 29.0578 0 22.3307 20.5556
600 250 10000 1691 628 3 0 117 141 0.797906 0.818334 0.76639 0 0.841987 0.789826 19.3214 17.859 33.6775 0 22.4451 20.6696
600 275 10000 1565 660 4 1 103 108 0.756594 0.807589 0.55674 2.34984 0.766111 0.803634 19.6162 17.7127 42.7736 69.755 24.965 20.2763
600 300 10000 1247 574 1 4 99 101 0.807555 0.808001 1.52971 0.620566 0.783535 0.759087 19.7209 17.6681 39.5408 21.3422 22.697 21.4918
600 325 10000 1040 543 2 1 82 78 0.751431 0.765596 0.414392 1.91434 0.666264 0.847158 20.2778 18.1487 55.8197 26.603 24.8678 20.165
600 350 10000 788 456 2 1 56 83 0.773944 0.779377 0.552147 1.44413 0.642966 0.703072 20.7569 17.8679 45.8276 62.8489 23.971 21.9668
600 400 10000 400 224 2 2 43 40 0.781265 0.83924 0.630022 0.650035 0.64626 0.730398 21.2476 20.0799 42.0538 50.658 20.7171 23.0813
600 425 10000 296 178 1 1 37 27 0.741597 0.742036 1.21266 0.402021 0.630884 0.886011 22.2958 19.6236 21.9157 19.0598 27.7799 20.8599
600 450 10000 190 98 2 0 26 17 0.779058 0.709258 0.463205 0 0.785788 0.790828 22.4509 23.265 24.3546 0 21.7622 25.8661
600 475 10000 131 51 0 0 22 11 0.813874 0.731042 0 0 0.766263 0.886177 22.3007 26.1563 0 0 21.8574 23.3625
600 525 10000 41 10 0 0 2 2 0.760917 0.72474 0 0 1.54061 0.9322 24.851 27.7195 0 0 29.7471 59.2628
600 550 10000 12 0 0 0 3 1 0.71021 0 0 0 0.231461 0.481721 30.1025 0 0 0 36.4292 59.8321
625 50 10000 2416 606 5 2 290 252 0.747353 0.815364 0.700907 0.836124 0.707355 0.681861 20.5675 20.9087 24.605 32.5156 23.2204 22.0381
625 75 10000 2420 572 8 2 262 219 0.770065 0.855208 0.631794 0.539603 0.756287 0.753594 20.3991 20.3306 22.1751 39.1838 23.5818 22.6292
625 100 10000 2394 657 10 5 299 204 0.778571 0.7771 0.731905 0.613364 0.678139 0.724103 20.0316 19.8388 21.5038 33.8982 22.9022 23.0975
625 125 10000 2371 612 8 1 269 193 0.787878 0.817545 0.923013 0.838759 0.710893 0.701703 20.1249 19.9893 21.0104 35.6579 23.0766 22.2671
625 150 10000 2395 667 5 4 220 191 0.785855 0.811933 0.775083 0.512012 0.767139 0.723457 19.7938 19.1631 20.8027 23.65 22.5969 21.6797
625 175 10000 2293 657 6 4 236 170 0.78141 0.859783 0.884384 0.275434 0.727126 0.811769 19.4915 19.0927 34.0665 55.6338 22.8097 21.4291
625 200 10000 2183 638 4 2 180 182 0.79319 0.834627 0.548867 0.558421 0.70281 0.751728 19.5285 18.5587 21.1023 31.9575 21.5308 20.2327
625 225 10000 2014 660 9 3 170 154 0.809128 0.797962 0.405087 0.574034 0.685284 0.802927 19.6255 19.2491 33.8623 39.4966 22.8907 21.1331
625 275 10000 1724 696 4 0 131 161 0.792707 0.792975 0.889421 0 0.781755 0.753127 19.4297 17.831 22.615 0 21.5721 19.9549
625 300 10000 1551 633 2 2 116 107 0.79726 0.786662 0.89676 0.775188 0.734569 0.814657 19.4594 17.687 23.2075 39.9385 22.5729 20.4631
625 325 10000 1311 581 3 2 97 125 0.795307 0.833324 0.710246 1.04002 0.749283 0.746431 19.6683 17.807 43.3414 34.5544 21.4669 19.6564
625 350 10000 1017 523 5 0 77 75 0.779178 0.798026 0.514221 0 0.704034 0.866643 20.4071 18.0536 22.2081 0 22.0087 22.0095
625 375 10000 794 420 3 3 70 43 0.769565 0.790129 0.785283 0.834071 0.685361 1.02505 20.0577 19.1274 68.3694 52.5662 23.9376 22.871
625 400 10000 581 338 0 1 49 49 0.743028 0.78614 0 0.719892 0.733583 0.85941 21.121 18.7625 0 38.9595 23.4252 25.2751
625 500 10000 129 53 1 1 15 7 0.802634 0.786419 0.394357 0.469776 0.72167 0.729863 24.3945 23.5955 24.3693 105.775 23.5362 47.4207
625 525 10000 98 28 0 0 7 3 0.709885 0.667443 0 0 0.971281 1.48885 25.8936 22.8884 0 0 28.3873 27.1361
625 575 10000 6 1 0 0 1 0 1.32664 1.9149 0 0 0.651893 0 27.9346 30.2601 0 0 24.6152 0
650 50 10000 2542 525 3 1 329 219 0.768685 0.823691 0.775951 1.65446 0.658221 0.757609 20.7757 21.888 22.6926 44.5085 23.221 22.2848
650 75 10000 2531 538 2 0 320 218 0.767132 0.817552 1.21601 0 0.68319 0.786891 20.5869 20.7125 33.9294 0 22.8934 22.4256
650 100 10000 2471 623 4 0 274 239 0.774656 0.785083 0.962924 0 0.705978 0.730992 20.687 20.4275 30.567 0 23.3077 22.3286
650 125 10000 2502 617 4 2 270 227 0.788762 0.820035 0.796126 0.323105 0.676516 0.748286 20.2324 21.2363 27.957 37.4138 22.9794 21.1978
650 150 10000 2494 576 4 1 295 197 0.772107 0.824599 0.629615 1.30063 0.691872 0.744554 20.1823 19.751 23.3692 51.7191 22.3349 21.3125
650 200 10000 2341 633 4 3 204 166 0.794436 0.786772 0.744622 0.617339 0.744942 0.758851 19.6971 19.1243 40.2106 32.6855 22.1266 23.4457
650 300 10000 1807 623 4 2 128 114 0.777653 0.845692 0.873278 0.513115 0.801975 0.834998 19.3661 17.7965 25.4668 28.6845 23.4521 20.6946
650 325 10000 1601 636 2 1 108 119 0.771992 0.808663 0.878931 0.162867 0.782474 0.826192 19.6665 17.5111 24.5367 23.1388 20.8165 19.5338
650 375 10000 1121 554 3 1 75 90 0.736611 0.785104 0.318949 1.53957 0.790234 0.743455 20.7148 18.7277 30.1605 42.9746 22.2332 21.6736
650 425 10000 557 354 4 0 48 54 0.762342 0.752053 0.491047 0 0.695911 0.797248 21.9151 19.5421 34.5071 0 26.7722 21.7406
650 500 10000 191 97 2 1 25 12 0.780736 0.778685 0.443711 0.596869 0.903393 0.950741 23.5688 22.9841 21.0341 19.8309 21.9024 37.9061
650 525 10000 133 66 1 0 12 5 0.815892 0.751854 0.822604 0 0.910916 1.5278 24.4172 22.7828 20.3973 0 22.1459 34.794
650 550 10000 82 20 0 0 13 8 0.760157 0.937625 0 0 0.730657 0.743763 24.9978 31.0649 0 0 24.0876 20.1816
650 575 10000 32 10 0 0 3 3 0.857162 0.722583 0 0 0.703171 0.600716 28.9573 27.6395 0 0 21.8593 27.4046
650 600 10000 11 2 0 0 1 1 0.90283 0.432775 0 0 0.868311 0.229289 28.218 28.9396 0 0 26.6123 176.395
675 50 10000 2624 531 11 1 350 220 0.745625 0.798189 0.620142 0.986907 0.648563 0.750301 21.0773 21.1917 23.3789 41.6585 23.5328 23.0311
675 75 10000 2688 555 7 2 306 267 0.745871 0.802723 0.559827 0.311515 0.700212 0.679712 20.9833 20.4821 36.5598 44.9754 24.0864 22.283
675 100 10000 2604 533 4 0 323 213 0.772279 0.797333 0.93087 0 0.701319 0.738083 20.5972 21.1374 31.0534 0 23.2185 22.2799
675 125 10000 2625 566 9 2 301 194 0.760532 0.81064 0.548876 0.942039 0.689666 0.770871 20.6161 20.5147 32.9296 20.2602 23.3698 22.6631
675 200 10000 2561 583 4 1 208 168 0.77147 0.811042 0.794531 0.169493 0.719322 0.783349 19.998 19.444 20.4608 113.647 22.4578 20.6441
675 275 10000 2163 668 3 2 164 138 0.798817 0.820414 0.957119 0.734407 0.742896 0.827625 19.4775 18.4392 24.2971 44.6638 22.4039 19.6655
675 300 10000 2020 603 7 0 173 147 0.786654 0.860126 0.76523 0 0.692905 0.740895 19.6399 18.6047 19.9208 0 22.4605 19.6476
675 325 10000 1882 676 4 0 143 114 0.803489 0.812641 0.707075 0 0.756747 0.807313 19.1963 17.6982 20.3373 0 22.0456 19.9422
675 400 10000 1128 538 1 2 78 77 0.779662 0.798715 3.22348 0.504629 0.788549 0.841208 19.9932 18.0153 21.1582 58.3575 25.2295 22.0001
675 425 10000 797 395 2 0 52 64 0.795661 0.847163 0.432983 0 0.800305 0.839561 20.5368 18.9954 23.2739 0 24.4315 25.6039
675 450 10000 566 323 2 0 47 54 0.805114 0.794416 0.264566 0 0.808176 0.727804 21.856 18.6625 81.0519 0 21.2102 23.9368
675 500 10000 266 167 1 0 39 24 0.855452 0.709523 0.761256 0 0.655404 0.748163 21.574 19.3559 32.4185 0 23.6962 30.2393
675 525 10000 210 98 0 2 23 16 0.800555 0.723495 0 0.396782 0.652419 0.708614 23.0196 21.5223 0 58.7918 27.5096 23.4131
675 550 10000 135 63 2 0 16 9 0.794309 0.656271 0.411899 0 0.776133 0.703316 23.653 20.5672 58.9348 0 25.1481 42.9251
675 575 10000 97 23 1 0 16 7 0.781208 0.696426 0.437428 0 0.559113 0.612941 24.8147 29.237 22.8118 0 35.0332 21.72
675 600 10000 29 8 0 0 3 1 0.912794 0.804114 0 0 1.31114 1.36102 27.1992 26.8195 0 0 27.7 28.6072
675 625 10000 10 2 0 0 1 0 0.988035 0.845485 0 0 0.492817 0 29.4995 43.155 0 0 58.408 0
700 100 10000 2770 514 3 2 339 198 0.754276 0.79247 0.764383 0.698106 0.711003 0.747417 21.0032 21.6549 28.7143 38.6088 23.1188 22.6417
700 150 10000 2716 550 4 2 311 202 0.766849 0.816313 0.953676 0.176095 0.63294 0.718451 20.6257 20.3563 23.3791 41.2048 23.4244 22.076
700 175 10000 2722 544 6 2 293 194 0.766191 0.864415 0.780061 0.435673 0.685134 0.744704 20.4612 20.4822 23.508 18.3339 22.4066 21.6248
700 250 10000 2527 603 4 2 234 159 0.769026 0.85681 0.775826 0.41879 0.710095 0.864272 19.8186 18.79 19.4868 57.9426 22.2955 21.3069
700 300 10000 2285 625 5 1 189 155 0.786192 0.822735 0.775856 0.457855 0.711078 0.77399 19.3805 18.1745 22.3558 21.5077 20.8904 21.2678
700 375 10000 1668 642 3 1 99 101 0.786624 0.822164 1.03209 0.814735 0.812519 0.763112 19.4799 18.7397 26.8717 24.3501 21.9363 25.4654
700 400 10000 1398 575 3 0 107 95 0.783643 0.801749 1.17989 0 0.729451 0.841481 19.6125 17.6953 22.0754 0 21.4453 20.8929
700 425 10000 1131 519 1 1 73 81 0.78096 0.814383 1.54974 0.87948 0.742949 0.810521 20.2695 18.4835 45.5452 58.4982 25.8791 19.5414
700 450 10000 849 431 6 1 46 75 0.785652 0.779376 0.722109 0.377381 0.745185 0.701872 20.5352 17.9607 34.948 182.638 22.7608 22.4143
700 475 10000 536 347 2 1 44 52 0.825069 0.776152 0.70044 0.557489 0.873766 0.731432 21.5662 18.2216 26.0678 35.7826 22.7774 21.5747
700 525 10000 265 139 1 0 25 27 0.824302 0.728744 0.407322 0 0.765662 0.65074 22.2401 20.8113 64.7223 0 29.9901 26.2905
700 600 10000 85 18 0 0 6 6 0.743285 0.909289 0 0 0.989738 0.732506 25.0395 33.6699 0 0 28.5848 36.3332
700 625 10000 39 14 0 0 0 2 0.925433 0.625316 0 0 0 0.958112 26.2261 31.3737 0 0 0 27.3676
700 650 10000 8 2 0 0 0 0 1.18306 0.672336 0 0 0 0 28.746 53.6304 0 0 0 0
725 75 10000 2821 496 5 0 401 229 0.730909 0.757337 0.617627 0 0.633989 0.680547 21.5238 21.7757 22.663 0 23.8785 23.6919
725 100 10000 2866 501 5 1 375 195 0.738788 0.788967 0.501986 0.297641 0.674694 0.714105 21.3979 21.6966 21.6597 59.5867 23.8296 25.0121
725 125 10000 2857 529 11 1 338 198 0.730551 0.774432 0.744684 1.25371 0.700819 0.797771 21.1623 21.2194 25.5778 41.4882 23.7338 22.9638
725 150 10000 2799 501 0 1 320 205 0.758819 0.789991 0 0.418471 0.686095 0.733035 20.9481 22.6794 0 99.2638 22.894 22.0484
725 200 10000 2746 553 7 0 298 177 0.762771 0.785053 0.529156 0 0.682666 0.832812 20.6244 20.4888 22.0357 0 23.271 21.5368
725 225 10000 2769 545 9 1 285 192 0.758924 0.814845 0.862335 0.729522 0.68551 0.69038 20.0913 20.0523 23.4898 58.3548 22.5521 20.5479
725 250 10000 2682 593 3 0 234 178 0.77072 0.835001 0.835501 0 0.730858 0.726851 19.9998 18.9437 32.4919 0 22.5236 21.1199
725 275 10000 2537 583 7 1 234 180 0.791886 0.810515 0.610608 0.312206 0.702742 0.790012 19.7574 18.9467 34.5641 202.164 22.2377 21.0988
725 325 10000 2241 659 3 1 143 157 0.803037 0.817955 0.742542 0.643739 0.827708 0.741897 19.3643 18.735 32.3359 96.3081 22.138 20.3507
725 350 10000 2198 614 5 0 145 163 0.78507 0.844532 0.968893 0 0.704676 0.698159 19.3196 18.1981 27.126 0 22.9927 20.7487
725 375 10000 1951 649 5 2 141 128 0.78152 0.803691 0.900592 0.79686 0.777292 0.765192 19.2309 17.7521 22.1811 35.5617 22.3793 20.268
725 400 10000 1657 636 2 2 113 121 0.793959 0.825308 1.50458 0.535714 0.698128 0.786984 19.2817 17.9882 38.6038 51.0728 22.3653 19.2012
725 425 10000 1406 607 3 2 90 113 0.77614 0.799511 1.28422 0.710848 0.680423 0.700924 19.8707 17.5076 24.2351 25.2986 23.5722 21.9708
725 450 10000 1136 525 4 1 65 88 0.775162 0.787765 0.61619 0.448387 0.764344 0.772068 19.9945 17.513 37.4058 177.951 21.7932 21.9998
725 475 10000 867 433 1 1 58 74 0.76343 0.774343 1.50821 0.452098 0.791856 0.771873 20.2045 18.4022 36.1358 37.6693 23.3049 24.7735
725 550 10000 274 155 4 1 38 18 0.80408 0.784653 0.438442 0.403191 0.727211 0.743541 23.2556 19.3354 26.175 117.28 22.8253 31.9133
725 575 10000 186 91 0 1 23 15 0.8019 0.709578 0 0.373593 0.576023 0.661628 22.2922 28.2906 0 74.1966 25.9364 20.1806
725 600 10000 153 50 2 0 11 6 0.717398 0.716245 0.20104 0 0.9271 0.687214 23.0525 22.3175 94.3271 0 24.8061 42.9875
725 650 10000 44 19 0 0 4 2 0.638381 0.500585 0 0 0.670146 1.10599 29.1565 26.9077 0 0 37.7489 50.3827
725 675 10000 5 4 0 0 2 0 1.68868 0.657382 0 0 0.298722 0 31.8801 30.3956 0 0 34.1711 0
750 50 10000 2868 458 3 2 443 211 0.733462 0.738304 0.933786 0.290729 0.598421 0.683428 22.1099 22.7497 31.3891 63.9658 24.1271 24.7772
750 75 10000 2901 432 3 1 384 224 0.726685 0.777972 0.966638 1.4391 0.688032 0.706963 21.9137 22.0779 32.6322 45.9136 23.7912 23.7874
750 125 10000 2909 515 5 2 367 209 0.732651 0.753686 0.584411 0.312032 0.632416 0.724123 21.3374 21.5142 24.7311 69.9351 24.286 24.155
750 150 10000 2881 468 13 0 338 193 0.740927 0.817098 0.589165 0 0.744285 0.752325 21.3152 22.113 21.8816 0 23.5231 23.346
750 175 10000 2866 533 3 0 339 205 0.759238 0.780395 1.46437 0 0.663405 0.629437 21.0181 21.8538 22.588 0 23.212 22.8003
750 200 10000 2910 529 7 1 325 187 0.742647 0.809897 1.11788 1.52239 0.6738 0.737714 20.7853 20.2618 23.4561 36.6617 22.5833 22.1834
750 250 10000 2718 563 9 1 251 203 0.769971 0.830248 0.458586 2.21762 0.717833 0.704054 20.3748 19.8759 24.7937 43.0032 21.8906 21.9917
750 275 10000 2746 505 9 0 257 157 0.780247 0.859628 0.582811 0 0.713302 0.843935 20.0925 19.27 23.896 0 22.6446 22.6022
750 325 10000 2539 596 4 0 197 189 0.776962 0.816307 0.748798 0 0.752094 0.770223 19.521 19.4687 26.8096 0 23.7715 19.7902
750 350 10000 2322 661 2 2 181 131 0.796741 0.803241 1.57434 0.809065 0.788745 0.841241 19.6762 18.6526 45.7397 70.4604 22.6996 20.1529
750 375 10000 2217 638 6 3 166 160 0.768821 0.804323 0.846036 0.709313 0.705793 0.759416 19.2971 18.1784 24.9075 59.4849 22.3314 20.7043
750 400 10000 2055 625 7 1 122 121 0.788447 0.802985 0.683171 1.78717 0.764294 0.788083 19.3306 18.184 32.595 36.9977 21.9755 20.6506
750 425 10000 1743 621 4 2 128 116 0.775639 0.83422 0.611228 0.376891 0.72725 0.761866 19.5154 17.3329 30.182 34.7686 21.6851 20.4467
750 475 10000 1220 513 4 2 73 85 0.745923 0.815226 0.566865 0.656209 0.775662 0.779793 20.2982 17.5776 33.0275 70.6679 23.0938 25.2009
750 550 10000 440 232 1 0 31 37 0.763873 0.776821 1.0699 0 0.803811 0.680237 22.0219 21.3059 23.5343 0 26.4859 27.2184
750 575 10000 306 152 0 0 18 24 0.755733 0.785393 0 0 0.882092 0.693826 22.3009 21.0354 0 0 26.7783 24.0682
750 625 10000 146 42 1 1 14 8 0.740687 0.90272 0.305364 0.506952 0.591493 0.547132 23.2513 21.8424 100.662 101.543 30.1226 35.8645
750 675 10000 24 6 0 0 4 1 1.20331 0.846415 0 0 0.412487 1.21131 29.3187 47.1397 0 0 56.8816 47.2127
750 700 10000 4 1 0 0 1 0 1.64227 1.15695 0 0 0.411407 0 33.371 76.7078 0 0 41.5671 0
775 75 10000 2985 417 8 0 390 226 0.719762 0.750792 0.417836 0 0.642277 0.65237 22.4193 22.6231 27.805 0 24.9686 25.0713
775 100 10000 2961 405 9 1 412 204 0.72433 0.771431 0.685424 0.558398 0.633208 0.712301 22.1185 22.8336 26.5632 97.3936 24.2899 24.5021
775 125 10000 2936 439 5 0 400 210 0.737783 0.766019 1.01875 0 0.658367 0.685422 21.7372 22.5853 32.8353 0 24.677 24.1363
775 150 10000 2958 437 4 0 380 205 0.735113 0.789771 0.937046 0 0.659369 0.683885 21.6452 21.6061 30.9507 0 23.4402 23.65
775 200 10000 3008 463 3 1 337 166 0.736496 0.808961 0.458544 0.462104 0.702535 0.784937 21.0333 21.0593 35.3045 209.34 23.6756 23.0123
775 225 10000 2935 496 6 0 298 180 0.763246 0.832667 0.696943 0 0.714014 0.786087 20.9503 21.0559 27.1157 0 22.622 22.0694
775 250 10000 2919 505 4 2 311 188 0.757896 0.799264 0.653725 0.496854 0.66808 0.793724 20.5466 20.7619 38.0092 64.5736 22.8802 23.4498
775 275 10000 2798 549 3 0 268 183 0.775405 0.786361 1.16473 0 0.682048 0.764614 20.3515 20.3659 28.2246 0 22.4269 21.1799
775 300 10000 2653 567 9 0 265 195 0.781539 0.807037 0.784786 0 0.710248 0.787527 20.164 19.6129 24.2455 0 23.0714 22.3787
775 400 10000 2265 666 4 2 167 114 0.792181 0.802653 1.09201 0.229094 0.719782 0.814413 19.2837 18.1757 34.1261 236.604 21.586 20.6471
775 450 10000 1789 609 4 3 124 98 0.780033 0.819235 0.414215 0.584846 0.796888 0.792855 19.3714 17.6202 48.583 36.9505 22.0428 22.524
775 475 10000 1491 601 3 0 97 114 0.78564 0.817958 1.30294 0 0.641932 0.814159 19.9812 17.3961 26.4832 0 27.0454 19.1015
775 500 10000 1179 524 1 0 85 90 0.778875 0.799518 1.97928 0 0.638667 0.747437 20.3562 17.4559 23.4956 0 25.3942 20.4948
775 525 10000 896 435 4 0 56 77 0.780496 0.787888 0.48101 0 0.712342 0.678896 20.3929 18.2999 40.7846 0 24.0772 23.3099
775 550 10000 583 300 2 0 52 51 0.805863 0.786538 1.00713 0 0.703417 0.692377 21.1813 19.2283 35.5906 0 23.0851 23.9022
775 650 10000 115 65 0 0 12 10 0.895254 0.606596 0 0 0.787298 0.680681 23.0109 25.9128 0 0 25.6406 28.768
775 675 10000 85 15 0 0 10 7 0.757964 0.953564 0 0 0.43755 0.637714 24.4958 31.0459 0 0 34.6438 55.0234
775 700 10000 38 9 1 0 3 1 0.725074 0.776266 0.55492 0 0.374066 0.41007 26.8812 23.3234 29.1058 0 71.0504 70.6433
775 725 10000 9 2 0 0 0 1 0.957867 0.295986 0 0 0 0.284749 25.3026 43.7296 0 0 0 127.794
800 75 10000 3046 409 5 2 462 197 0.693068 0.761485 0.69626 0.380465 0.619035 0.66628 22.9238 22.9415 24.9701 48.741 25.0733 25.9396
800 100 10000 2969 396 4 3 404 209 0.71123 0.802754 1.3712 0.292271 0.65046 0.645661 22.6613 23.3654 26.5735 91.5014 25.0658 24.4167
800 200 10000 2949 426 7 0 358 200 0.747229 0.828545 0.651102 0 0.66848 0.720718 21.5111 21.0871 27.5264 0 23.9254 22.6463
800 225 10000 2961 481 6 1 350 199 0.744339 0.816685 0.758399 0.772599 0.657836 0.676284 21.2139 21.6672 30.8414 92.3073 23.5794 22.4433
800 275 10000 2945 490 4 0 315 198 0.757331 0.776729 1.62051 0 0.675143 0.767165 20.6283 20.2529 26.87 0 23.2407 21.5888
800 300 10000 2913 540 6 3 260 156 0.763493 0.773252 0.601279 0.515391 0.708515 0.729606 20.4029 20.2186 27.6675 36.8703 23.2986 22.6402
800 325 10000 2873 573 3 1 289 169 0.751933 0.78862 1.02049 0.457564 0.706281 0.73102 20.2495 19.5774 29.7139 99.4275 22.518 22.2029
800 400 10000 2416 608 7 3 169 149 0.783662 0.830205 0.68192 0.825854 0.749958 0.797802 19.5907 18.6068 24.4122 36.3477 21.9785 21.6628
800 425 10000 2307 572 8 0 164 128 0.773607 0.857939 0.726169 0 0.790461 0.772338 19.2597 17.9982 19.7767 0 21.9276 20.1298
800 500 10000 1561 593 4 1 93 98 0.78255 0.802408 0.936511 0.787941 0.720265 0.766421 19.6435 16.926 30.1575 91.9852 21.9255 20.9857
800 600 10000 432 242 1 2 48 27 0.784487 0.774099 0.43259 0.54848 0.664207 0.724347 22.5972 21.1716 79.8705 42.4084 24.0073 33.1315
800 625 10000 303 133 1 0 32 19 0.786654 0.873144 0.687272 0 0.643894 0.774133 22.4569 20.2245 32.7062 0 25.3829 32.0626
800 650 10000 191 77 1 0 19 12 0.803265 0.779961 0.919777 0 0.841512 0.642687 22.7648 24.4267 20.7589 0 20.9951 28.2228
800 725 10000 36 8 0 0 3 2 0.725001 0.804333 0 0 0.812149 0.742779 26.7066 25.173 0 0 33.6458 43.6106
800 750 10000 10 1 0 0 4 0 0.862634 0.870017 0 0 0.290376 0 27.727 78.4132 0 0 33.789 0
825 50 10000 3053 356 3 1 463 226 0.681844 0.754184 0.889393 0.105563 0.630006 0.596231 23.3261 22.9208 26.8024 25.1474 25.5592 26.0385
825 75 10000 3009 386 9 0 450 221 0.701999 0.732308 0.515861 0 0.605066 0.626065 22.8186 23.8786 23.837 0 25.3896 25.6983
825 100 10000 3055 397 2 0 445 231 0.707922 0.738601 1.26786 0 0.589723 0.606053 22.7004 23.6333 24.8786 0 25.6099 25.0545
825 150 10000 3097 414 7 1 396 183 0.718063 0.724606 0.706618 0.202561 0.646263 0.74399 22.3827 23.5953 25.8245 235.146 24.3118 23.1771
825 175 10000 3102 414 6 0 419 166 0.726539 0.754129 0.534334 0 0.637451 0.784709 21.9598 22.7597 27.0625 0 24.6902 24.3485
825 200 10000 3099 403 8 4 401 202 0.731929 0.784661 0.421792 0.530903 0.602604 0.65778 21.8137 21.5126 32.062 36.1311 23.8822 23.416
825 225 10000 3074 412 5 0 368 190 0.739698 0.786781 0.891726 0 0.657006 0.75998 21.6422 22.5995 27.7638 0 24.0722 23.7806
825 250 10000 3083 424 1 0 364 157 0.735457 0.815947 6.07987 0 0.647622 0.787706 21.3256 22.8477 25.6189 0 23.0432 22.9281
825 275 10000 3047 480 4 1 311 170 0.739967 0.806968 1.62898 0.515248 0.657259 0.778937 21.1065 20.7778 24.468 47.7546 23.5643 21.9531
825 300 10000 3024 477 7 1 292 175 0.747559 0.819684 0.633848 0.439364 0.709824 0.754152 20.7072 21.2569 25.2162 98.5256 22.7586 22.2116
825 325 10000 2954 527 6 2 272 186 0.751986 0.808888 0.641407 0.483263 0.69169 0.697132 20.429 20.4027 22.9065 83.5143 23.2409 21.6472
825 350 10000 2897 541 4 2 266 153 0.752407 0.835181 0.682388 0.646612 0.71412 0.801888 20.2944 19.7857 24.1565 21.0605 21.475 22.8206
825 375 10000 2752 596 6 1 244 175 0.778974 0.814947 0.926425 1.11462 0.670063 0.736098 19.9946 19.6931 27.172 155.987 21.5344 21.8022
825 425 10000 2455 601 9 4 171 145 0.776115 0.826814 0.588718 0.439214 0.743321 0.828778 19.5325 18.2237 25.5684 47.6669 22.8113 20.1566
825 450 10000 2263 568 9 2 156 129 0.804252 0.829228 0.609134 0.855653 0.772138 0.787809 19.2656 18.7951 23.9329 38.7244 21.6968 20.589
825 500 10000 1836 613 4 2 115 110 0.788346 0.791301 0.87681 0.562061 0.722626 0.804969 19.4822 17.5638 48.1729 81.2589 22.7175 20.169
825 525 10000 1543 585 5 5 103 84 0.777004 0.796904 0.714565 0.356011 0.702031 0.814056 19.6261 17.5746 24.1761 71.6412 22.3618 17.9337
825 550 10000 1226 491 3 0 60 73 0.776164 0.795826 0.77014 0 0.840561 0.858578 19.6391 17.2379 24.6219 0 24.6771 22.0742
825 575 10000 907 441 0 2 52 72 0.761784 0.777282 0 0.413064 0.86659 0.708574 20.5826 18.0395 0 22.4187 27.6336 25.406
825 600 10000 658 305 3 1 47 40 0.749714 0.817255 0.603478 1.1231 0.751272 0.859447 21.5294 19.701 23.7732 47.1195 25.0009 24.0746
825 625 10000 434 245 0 2 34 33 0.767532 0.789791 0 0.588583 0.731317 0.790167 23.0859 20.5844 0 36.5965 27.659 23.5686
825 700 10000 136 49 1 0 17 13 0.752994 0.815518 0.406628 0 0.7186 0.644224 23.4435 22.4621 27.4138 0 26.2307 26.5969
825 725 10000 75 21 1 0 6 2 0.755144 0.815694 0.368593 0 0.663815 0.560577 27.0771 26.1866 22.1365 0 26.6202 38.2769
825 750 10000 43 9 1 0 7 3 0.668817 0.743848 0.375049 0 0.548753 0.582514 26.3004 30.1365 66.2769 0 38.8124 35.5415
850 50 10000 3018 348 5 0 458 226 0.688004 0.697391 0.549467 0 0.619087 0.566622 23.6939 23.8217 25.3337 0 25.7438 28.2
850 100 10000 3101 364 6 0 496 239 0.700813 0.74597 0.669444 0 0.591001 0.527413 23.2008 25.109 29.525 0 25.3123 27.3369
850 125 10000 3106 359 6 1 429 192 0.696113 0.767398 0.734921 0.732144 0.636189 0.664112 23.0329 23.0548 24.6777 26.3894 26.2538 26.0175
850 225 10000 3085 400 4 1 356 198 0.739239 0.756309 0.86402 0.549802 0.669859 0.681308 21.9061 22.493 31.015 77.6667 24.1854 23.9389
850 250 10000 3105 402 3 0 344 182 0.737053 0.816404 1.07496 0 0.707893 0.695407 21.4787 20.9968 23.7406 0 23.7251 23.9872
850 275 10000 3054 472 4 4 317 166 0.745118 0.757394 1.0179 0.45817 0.717959 0.725964 21.4795 21.5821 26.8543 26.7157 23.9934 22.7774
850 300 10000 3101 424 4 1 339 151 0.739742 0.816218 0.865705 0.679478 0.665589 0.686018 21.1643 20.6541 37.6251 31.6394 23.545 26.3811
850 400 10000 2802 563 8 1 231 153 0.764465 0.836951 0.801989 0.38015 0.721908 0.713628 19.9481 19.2528 21.5492 97.9082 22.1654 21.1261
850 450 10000 2502 631 5 0 177 161 0.772495 0.788727 0.842318 0 0.77915 0.724333 19.633 18.4561 23.6113 0 22.1384 20.7755
850 500 10000 2151 568 5 2 135 132 0.780032 0.829583 0.691373 0.719763 0.673369 0.774739 19.2033 17.5542 32.5371 58.8776 23.0148 20.6638
850 525 10000 1846 613 9 3 117 113 0.79313 0.841872 0.699079 0.444132 0.728198 0.815355 19.2245 17.4361 25.3245 40.2731 21.1343 18.8687
850 575 10000 1279 482 1 2 69 77 0.773717 0.836188 1.30981 0.766859 0.759737 0.773845 19.81 17.9357 66.3654 57.1667 23.1557 22.6185
850 625 10000 617 316 0 0 51 45 0.771107 0.800354 0 0 0.654562 0.806563 22.0129 19.5339 0 0 26.5073 19.6528
850 650 10000 453 250 1 0 24 26 0.755215 0.718512 0.529175 0 0.911861 0.828073 22.801 19.8662 25.682 0 25.8279 24.708
850 725 10000 138 33 0 0 17 9 0.73834 0.953303 0 0 0.64371 0.732669 25.4074 26.1898 0 0 28.086 38.7187
850 750 10000 82 15 0 0 9 3 0.693795 0.873416 0 0 0.64829 1.10302 25.929 29.2343 0 0 34.9167 38.2167
850 800 10000 5 0 0 0 2 0 1.08782 0 0 0 0.849589 0 40.1173 0 0 0 39.4641 0
875 50 10000 3118 326 4 1 528 200 0.663789 0.699508 0.62062 0.495983 0.567379 0.637722 24.0026 25.7705 28.8715 33.5949 26.4145 26.312
875 125 10000 3200 336 4 0 456 205 0.685764 0.71603 0.636816 0 0.602203 0.629043 23.347 24.4038 27.6862 0 25.3607 25.8517
875 200 10000 3149 342 7 2 441 167 0.700404 0.820359 0.958774 0.336685 0.610439 0.642978 22.6727 23.2623 22.1063 73.2847 25.251 27.7123
875 250 10000 3111 413 7 0 425 180 0.734449 0.739112 0.620153 0 0.622586 0.628695 21.9739 22.4175 27.0998 0 24.2119 26.0062
875 275 10000 3129 372 3 0 390 187 0.734663 0.79992 0.863808 0 0.609512 0.71128 21.9044 22.3824 32.0402 0 23.8636 23.821
875 300 10000 3094 434 9 4 376 179 0.744729 0.771299 0.68572 0.457072 0.66579 0.68913 21.4541 22.3915 34.5797 78.2815 23.5611 23.448
875 375 10000 2994 523 6 0 255 164 0.753373 0.78061 0.919002 0 0.749533 0.76449 20.634 20.3748 22.726 0 23.3268 21.8924
875 425 10000 2736 539 6 2 235 175 0.785542 0.82458 0.823697 0.444036 0.736764 0.695377 20.0012 19.5858 24.1938 21.8904 22.6723 20.904
875 475 10000 2531 561 5 0 207 143 0.777719 0.864619 0.631543 0 0.702718 0.777182 19.6245 18.8421 21.316 0 21.4436 20.3378
875 500 10000 2325 614 4 4 161 126 0.800669 0.83055 1.08138 0.754904 0.731615 0.795121 19.1195 18.232 38.7103 18.4794 22.3023 20.322
875 525 10000 2109 593 6 1 124 126 0.782731 0.833656 0.952598 0.454065 0.826358 0.777255 19.0825 18.0911 23.1429 101.692 21.6194 20.0701
875 575 10000 1626 543 7 1 109 79 0.769513 0.810376 0.718885 0.966937 0.706985 0.909287 19.5659 17.3115 21.1705 43.0173 22.7862 21.4433
875 600 10000 1282 509 5 1 62 90 0.766115 0.835989 0.47532 1.48717 0.90006 0.716015 19.6436 17.8554 35.741 36.3535 24.3952 19.7413
875 650 10000 621 336 2 0 40 39 0.788667 0.776004 0.593948 0 0.842713 0.812255 21.3773 19.2198 79.2686 0 23.5276 22.6776
875 675 10000 451 257 0 1 32 42 0.738328 0.698097 0 0.660353 0.706313 0.647987 22.4126 20.1346 0 37.5273 28.8379 24.6757
875 700 10000 297 155 1 0 19 25 0.739788 0.733969 0.50214 0 0.933333 0.678939 22.9573 20.2412 22.115 0 25.6331 26.1495
875 725 10000 213 86 1 0 11 13 0.747619 0.711983 0.236193 0 1.15951 0.858394 24.0499 19.543 26.0026 0 25.2853 28.5553
875 750 10000 131 49 2 0 21 7 0.762933 0.697106 0.289046 0 0.447666 0.671187 25.3538 28.7033 23.6401 0 26.5208 37.5736
875 775 10000 75 25 0 0 6 3 0.810724 0.764382 0 0 0.65327 0.746247 27.3759 26.6514 0 0 28.9013 37.7794
875 800 10000 42 8 0 0 3 3 0.646672 0.615514 0 0 0.479346 0.525341 29.0257 32.1491 0 0 36.1697 41.8285
875 825 10000 5 1 0 0 0 0 1.00224 0.513005 0 0 0 0 28.9025 87.235 0 0 0 0
900 50 10000 3082 290 5 0 507 189 0.657881 0.729348 0.82858 0 0.582989 0.621933 24.5892 26.1651 27.3152 0 26.5704 27.3927
900 125 10000 3140 273 2 2 500 205 0.679052 0.797485 1.02551 0.584588 0.588959 0.636611 23.8206 24.7336 33.2989 57.96 26.2864 27.2086
900 150 10000 3208 309 7 0 476 207 0.673958 0.771226 0.574104 0 0.60663 0.628898 23.6391 24.3092 28.0995 0 25.3854 26.4296
900 175 10000 3270 301 1 0 425 188 0.674854 0.821146 2.41703 0 0.62177 0.667377 23.4055 23.5633 30.0603 0 25.3175 25.7656
900 200 10000 3218 352 5 0 439 178 0.6829 0.73533 0.667185 0 0.618307 0.673507 23.1444 23.8275 33.9949 0 24.5346 25.3777
900 225 10000 3244 322 9 0 402 176 0.699837 0.802972 0.575938 0 0.649115 0.725119 22.8148 23.3485 22.7739 0 25.4509 24.0354
900 250 10000 3265 388 5 2 396 199 0.702599 0.766035 0.625055 0.649154 0.657237 0.684129 22.424 22.2401 31.8521 30.7087 24.4006 24.4377
900 275 10000 3225 374 7 0 379 167 0.717372 0.764619 0.495477 0 0.657125 0.713092 22.4127 22.5617 25.5436 0 24.3928 23.9051
900 300 10000 3215 399 9 2 375 181 0.72324 0.777063 0.760397 0.351034 0.647528 0.705109 21.7286 21.7116 27.0198 45.9624 24.1821 24.4399
900 325 10000 3180 417 8 1 338 167 0.734716 0.787667 0.510509 1.34219 0.691578 0.704374 21.3717 22.0513 26.7954 96.9426 23.4814 23.9611
900 350 10000 3109 466 4 1 323 176 0.748172 0.777584 0.877925 0.929855 0.649516 0.705439 21.1577 21.6713 27.1867 48.9415 23.4686 22.4264
900 400 10000 3047 501 7 0 314 153 0.758216 0.790169 0.666615 0 0.694227 0.766536 20.5621 20.4101 28.2807 0 22.5037 23.7214
900 425 10000 2939 480 5 2 281 191 0.761792 0.822411 0.629281 0.611358 0.68529 0.668232 20.3712 20.1744 36.676 39.0118 22.2691 21.409
900 450 10000 2800 523 6 3 223 170 0.776698 0.848115 0.701881 0.452851 0.681046 0.776749 20.0907 19.6692 27.7696 46.7304 23.2497 20.7787
900 475 10000 2746 570 4 0 206 151 0.776065 0.796409 0.918548 0 0.711623 0.781429 19.5657 18.9579 27.738 0 22.4781 21.297
900 525 10000 2324 611 4 0 159 139 0.785558 0.805934 1.08393 0 0.777143 0.762265 19.2297 17.9657 24.2692 0 21.7037 20.1146
900 550 10000 2136 619 5 0 142 119 0.790149 0.808071 0.753457 0 0.747259 0.742355 19.2313 17.8486 22.7896 0 22.8593 20.0875
900 575 10000 1872 600 4 2 116 109 0.805211 0.835947 0.47844 0.523749 0.725123 0.748724 19.149 17.8367 50.133 20.836 22.1038 20.1602
900 600 10000 1609 578 10 3 73 85 0.768983 0.783326 0.590535 0.424781 0.801008 0.799902 19.4305 17.61 27.0865 55.5754 24.2059 20.621
900 625 10000 1249 532 3 0 68 86 0.762721 0.786317 0.738452 0 0.91677 0.818085 20.497 18.2448 26.3647 0 20.0061 19.8673
900 650 10000 1005 412 3 0 49 55 0.728718 0.79883 0.597963 0 0.933026 0.830902 20.5367 17.8424 29.6388 0 22.6798 21.0189
900 675 10000 704 350 1 2 45 34 0.75553 0.778024 0.601604 0.358337 0.766034 0.803214 21.5926 18.7338 24.3848 102.219 29.367 42.5172
900 700 10000 447 243 1 0 27 38 0.746907 0.78121 1.26828 0 0.754116 0.70584 22.2067 19.9117 32.4145 0 27.9067 23.6132
900 725 10000 250 132 0 0 28 18 0.834195 0.708691 0 0 0.801414 0.851187 24.8661 24.2378 0 0 25.6051 23.8018
900 750 10000 202 73 1 0 13 16 0.78823 0.689713 0.484246 0 0.993142 0.608348 23.9405 24.6654 35.0593 0 29.2423 41.0411
900 775 10000 136 41 0 0 13 8 0.725147 0.733594 0 0 0.634031 0.639084 24.8819 28.8389 0 0 29.7308 34.3722
900 825 10000 43 13 0 0 2 0 0.590216 0.513191 0 0 0.714217 0 29.5214 44.6474 0 0 28.2794 0
900 850 10000 6 1 0 0 2 0 1.19225 0.751704 0 0 0.115977 0 45.7663 168.55 0 0 181.137 0
925 50 10000 3107 257 7 2 521 214 0.654563 0.746829 0.526084 0.442875 0.597515 0.573852 24.8328 25.9045 25.9295 77.8882 26.9313 28.5394
925 75 10000 3136 302 5 1 489 200 0.656874 0.682545 0.544946 1.57245 0.600881 0.561649 24.513 25.1434 36.194 32.6332 26.932 29.5331
925 125 10000 3238 320 2 0 510 182 0.65465 0.680842 0.355476 0 0.56875 0.638234 24.3415 23.7598 24.7126 0 26.4009 26.9515
925 150 10000 3240 257 9 0 482 178 0.669113 0.77855 0.475051 0 0.581456 0.713346 23.848 25.4655 29.72 0 26.7146 25.8557
925 200 10000 3281 302 5 0 440 194 0.67242 0.767657 0.919077 0 0.636925 0.6098 23.3067 23.1667 24.5066 0 25.7818 26.7583
925 225 10000 3201 335 7 0 427 166 0.706787 0.734374 0.543759 0 0.631866 0.666512 23.3074 23.8173 30.9699 0 25.2553 25.1859
925 300 10000 3336 336 12 1 353 172 0.71029 0.860571 0.435719 0.607957 0.666583 0.668715 21.984 22.6966 25.425 83.9082 25.1259 24.1298
925 325 10000 3176 422 6 1 361 175 0.7342 0.751114 0.683774 0.797769 0.667959 0.671184 21.8446 21.8441 23.4808 25.5993 23.7778 23.8143
925 350 10000 3214 396 10 0 367 154 0.735675 0.774093 0.45592 0 0.66501 0.790559 21.4227 21.4108 25.8963 0 23.8207 22.3975
925 375 10000 3159 448 7 0 333 167 0.743306 0.785112 0.781421 0 0.676902 0.726247 21.1809 20.6721 25.7171 0 23.0419 23.2826
925 425 10000 2993 516 7 0 270 156 0.769275 0.822346 0.744168 0 0.716867 0.743217 20.5228 20.3221 26.047 0 22.6431 21.255
925 450 10000 2997 550 7 1 261 168 0.754244 0.784801 0.771874 1.16758 0.701887 0.754227 20.2129 19.9686 25.4785 29.913 22.3471 22.3613
925 475 10000 2866 508 2 2 248 142 0.773941 0.840584 1.83718 0.614194 0.704587 0.818883 20.0081 19.6114 21.534 54.5657 22.5157 21.134
925 525 10000 2593 627 5 3 188 140 0.76635 0.797201 0.754288 0.614943 0.734747 0.740888 19.371 18.2327 25.7656 33.1019 21.272 21.1536
925 550 10000 2385 603 7 1 189 114 0.792036 0.833468 0.81949 0.911467 0.696784 0.851998 19.1908 17.8119 20.6795 22.6741 21.5948 20.4385
925 575 10000 2099 613 7 1 134 111 0.819706 0.794244 0.764178 1.66875 0.711197 0.828883 19.2902 17.7959 27.8562 56.9254 24.2619 20.0852
925 600 10000 1872 570 4 0 114 111 0.790657 0.830305 1.06045 0 0.803776 0.738808 19.2185 17.6715 24.9158 0 22.6455 19.5839
925 625 10000 1639 605 1 1 87 103 0.778708 0.782125 1.63715 1.10949 0.804358 0.774255 19.1544 17.5117 31.0327 119.975 23.0459 18.9515
925 700 10000 655 324 0 0 47 46 0.767136 0.812855 0 0 0.638851 0.667533 21.9866 20.2845 0 0 27.2197 21.8871
925 725 10000 434 250 0 1 41 33 0.794046 0.739434 0 0.84497 0.602757 0.696924 22.4476 20.5524 0 55.7805 27.76 27.1641
925 750 10000 294 137 1 0 26 14 0.766583 0.764693 0.212235 0 0.625307 1.03448 23.2651 21.338 26.0755 0 27.247 29.5485
925 825 10000 73 23 0 0 5 4 0.732715 0.644039 0 0 0.811168 0.573023 28.4346 27.796 0 0 31.3753 34.7619
925 850 10000 32 15 0 0 4 2 0.690919 0.400405 0 0 0.673325 0.394737 29.5609 24.7099 0 0 27.9646 36.1332
925 875 10000 8 3 0 0 0 1 0.754481 0.423187 0 0 0 0.14666 28.8358 36.3763 0 0 0 33.7435
950 50 10000 3147 266 4 0 518 201 0.630407 0.676201 0.821119 0 0.532257 0.543835 25.4348 26.2847 24.7774 0 27.8958 28.9757
950 75 10000 3124 261 2 0 529 202 0.644829 0.689242 1.40145 0 0.564489 0.626419 25.157 24.9284 24.0593 0 27.5399 29.1673
950 100 10000 3165 270 6 0 529 180 0.652405 0.65515 0.638483 0 0.55118 0.57554 24.5974 25.8308 29.6831 0 27.6813 27.606
950 225 10000 3249 288 4 1 441 192 0.686054 0.801126 0.768084 0.880925 0.587114 0.633612 23.5919 24.4354 29.0003 36.4459 26.0062 25.557
950 275 10000 3291 327 5 0 399 171 0.70042 0.760033 0.693881 0 0.621566 0.716955 22.9733 22.4889 23.2746 0 24.9332 23.2574
950 300 10000 3345 351 9 1 430 147 0.693313 0.766493 0.619652 0.602088 0.600682 0.746347 22.5517 22.9593 27.0566 25.9991 25.1013 24.3112
950 325 10000 3250 380 6 0 382 180 0.724369 0.765595 0.643721 0 0.655509 0.636193 22.4967 21.943 28.7338 0 24.4548 24.6169
950 350 10000 3248 370 9 1 353 157 0.724169 0.806571 0.680559 0.955131 0.685698 0.781182 21.9538 21.9361 25.8183 18.63 24.0637 23.5386
950 425 10000 3079 454 9 1 279 149 0.760728 0.792421 0.677697 1.07772 0.715788 0.762177 20.9429 21.023 28.5763 61.815 22.9782 22.8826
950 475 10000 3085 460 4 0 253 142 0.75871 0.874308 0.913405 0 0.729218 0.769734 20.235 20.1362 26.3377 0 23.1897 21.5464
950 500 10000 2895 538 5 1 253 160 0.770612 0.80316 0.774732 0.921792 0.68489 0.643876 19.9431 19.8792 39.8487 111.857 22.8816 21.9121
950 525 10000 2758 547 1 2 207 159 0.782457 0.833777 1.43594 0.438919 0.749124 0.790622 19.6642 19.2424 26.3347 46.7602 22.8971 22.3566
950 550 10000 2643 596 8 4 185 126 0.781315 0.804539 0.700164 0.489751 0.735015 0.793865 19.4122 18.633 29.3532 54.0421 20.5153 20.1385
950 575 10000 2362 609 5 3 157 145 0.781728 0.791053 1.11002 0.702697 0.753162 0.723805 19.3888 18.2019 23.5003 37.4052 22.4047 20.8448
950 625 10000 1930 618 6 1 113 113 0.796643 0.816195 0.744689 1.08296 0.616775 0.837653 19.139 17.4331 35.1322 54.8912 23.5664 19.9051
950 650 10000 1645 593 6 1 82 81 0.769991 0.761181 0.531718 0.756079 0.710336 0.809632 19.5902 17.7616 19.8517 57.9436 23.292 21.2828
950 725 10000 639 311 2 1 35 38 0.777554 0.803293 0.483183 0.667585 0.907121 0.815296 21.4534 19.9405 30.9974 150.62 25.6311 29.569
950 750 10000 415 230 0 1 24 23 0.768118 0.749395 0 0.512924 0.838983 0.823468 23.3408 21.396 0 20.9507 22.625 29.7647
950 775 10000 283 134 0 1 25 22 0.812002 0.782654 0 0.67263 0.832622 0.79355 23.4821 22.5868 0 20.6173 27.3443 27.425
950 825 10000 125 45 2 0 8 6 0.768337 0.77259 0.553896 0 0.986517 0.56361 26.2986 28.1189 20.7069 0 26.9829 41.1411
975 50 10000 3085 253 4 1 557 182 0.634694 0.635451 0.653404 0.432558 0.529075 0.530356 25.4368 24.9722 34.7594 129.514 28.3496 29.4368
975 75 10000 3128 270 8 1 549 169 0.633366 0.646063 0.591186 0.74943 0.528202 0.590861 25.3261 25.7225 26.8987 89.6104 27.2369 29.2352
975 100 10000 3162 231 10 2 512 193 0.640474 0.731667 0.392027 0.198402 0.569988 0.574172 25.1813 27.3409 30.0286 144.375 27.5999 27.3735
975 125 10000 3239 266 4 0 522 171 0.639102 0.69743 0.826818 0 0.575561 0.633722 25.2009 26.2016 29.4125 0 26.985 27.4102
975 150 10000 3210 271 5 1 522 163 0.654585 0.67491 0.811577 0.361961 0.541445 0.611252 24.8174 25.8092 29.4193 105.291 27.4262 28.7167
975 200 10000 3260 281 5 1 460 187 0.668375 0.704582 0.612987 0.00125825 0.599258 0.612308 24.2617 25.3635 41.5344 31063.9 26.4552 26.2072
975 250 10000 3333 289 8 1 429 154 0.686664 0.773046 0.626811 0.210292 0.582673 0.622455 23.516 23.9599 29.6157 130.619 26.3406 26.3833
975 275 10000 3351 307 7 0 450 173 0.693282 0.741535 0.438189 0 0.593158 0.6277 23.377 23.4488 29.0229 0 25.6435 26.0215
975 300 10000 3380 314 5 0 419 181 0.694522 0.761746 0.580207 0 0.589042 0.667098 22.8802 24.8187 27.2455 0 25.4409 24.3956
975 350 10000 3397 364 5 0 370 150 0.699445 0.76996 0.451178 0 0.659093 0.727973 22.3122 22.6051 30.7869 0 24.2513 24.2148
975 500 10000 3038 534 4 2 288 150 0.758186 0.795372 0.942105 0.752236 0.656585 0.776451 20.395 19.9189 32.7958 43.5056 23.0665 21.6156
975 550 10000 2766 592 7 3 194 156 0.771827 0.793927 0.814634 0.688545 0.713349 0.733393 19.8535 19.333 20.5969 30.4302 21.6974 21.4292
975 575 10000 2641 576 3 3 190 117 0.784131 0.844432 0.977082 0.44977 0.742471 0.841216 19.5326 18.2576 38.5666 20.6054 21.243 20.931
975 600 10000 2401 634 3 1 146 120 0.792475 0.808058 0.969093 1.48818 0.836655 0.801517 19.2908 18.4358 32.1675 38.2871 22.7351 20.9473
975 625 10000 2134 637 8 4 126 109 0.809953 0.794897 0.479197 0.534969 0.793369 0.844671 19.1091 17.6665 35.0754 33.8171 23.0901 19.9904
975 650 10000 1953 593 3 0 96 103 0.77053 0.817912 1.31809 0 0.831093 0.728335 19.2361 17.7563 22.0366 0 22.3111 19.9962
975 675 10000 1592 523 3 1 97 97 0.782724 0.837011 0.815058 1.04655 0.706965 0.825723 19.2783 17.686 33.8548 49.0641 25.6962 19.3934
975 725 10000 962 443 0 1 53 66 0.761041 0.764143 0 0.982909 0.783542 0.764918 20.4655 18.4044 0 54.5119 23.9872 23.736
975 800 10000 277 133 1 1 24 20 0.733108 0.824724 0.41225 0.461704 0.646857 0.710424 24.1606 23.0342 55.7093 104.288 30.2276 25.9007
975 825 10000 190 85 0 0 19 14 0.782575 0.677572 0 0 0.712451 0.712531 25.8902 23.6639 0 0 29.0576 24.4039
975 850 10000 152 57 0 0 15 6 0.694388 0.602253 0 0 0.529334 0.513361 25.9068 23.5823 0 0 30.1695 69.5207
975 875 10000 79 21 0 0 10 9 0.769005 0.737425 0 0 0.490079 0.466558 26.4307 27.0913 0 0 29.5501 37.1103
975 925 10000 12 1 0 0 0 1 0.579284 0.501736 0 0 0 0.161955 32.0029 80.0678 0 0 0 104.192
1000 50 10000 3064 242 3 0 573 172 0.621594 0.6345 0.808571 0 0.515449 0.565653 25.7069 25.4472 36.9339 0 29.3608 30.3297
1000 75 10000 3124 212 3 0 546 194 0.625762 0.731478 1.33481 0 0.529157 0.557591 25.7587 25.9283 27.0435 0 28.4802 28.7087
1000 100 10000 3197 237 3 0 555 202 0.624174 0.615873 0.772345 0 0.510152 0.572187 25.3669 27.3711 38.4749 0 28.5188 27.6653
1000 150 10000 3208 260 3 1 478 190 0.651563 0.644553 0.568715 0.415056 0.571988 0.560353 25.1834 25.2192 26.3259 46.5042 27.9275 27.8095
1000 175 10000 3228 271 12 0 505 154 0.643836 0.684995 0.53226 0 0.58367 0.580761 25.0978 25.7998 26.2295 0 26.6565 27.6433
1000 200 10000 3293 290 3 1 482 163 0.660564 0.667168 0.839405 0.139583 0.545032 0.645578 24.7574 24.7036 29.4907 340.378 27.0544 28.9343
1000 225 10000 3393 236 11 0 441 155 0.653202 0.769648 0.395712 0 0.584347 0.665426 24.2889 26.8798 34.3137 0 26.4231 27.0492
1000 250 10000 3396 277 3 1 449 148 0.663846 0.71588 0.800733 0.397341 0.579609 0.647991 24.0847 23.645 24.8004 58.6651 26.1911 28.4332
1000 275 10000 3319 291 5 0 433 191 0.682716 0.744681 0.798458 0 0.584272 0.621833 23.884 25.1892 43.0611 0 25.7425 25.2915
1000 300 10000 3351 302 8 0 436 155 0.692542 0.751454 0.64903 0 0.594114 0.699808 23.3212 23.4911 27.2729 0 25.2507 25.6691
1000 325 10000 3319 323 10 1 411 174 0.708587 0.777517 0.497456 0.314549 0.622348 0.615479 23.1445 24.0269 33.0204 140.32 25.2302 24.8718
1000 425 10000 3246 394 4 1 354 159 0.736772 0.763074 1.03931 1.34028 0.652855 0.715568 21.8338 22.2033 30.4149 37.2252 23.7465 23.9085
1000 450 10000 3265 388 8 0 315 170 0.734836 0.846795 0.777727 0 0.660573 0.708858 21.4692 22.1149 23.9032 0 23.6483 22.1506
1000 475 10000 3153 438 7 0 323 183 0.758331 0.802649 0.555188 0 0.678673 0.688735 20.8639 20.2007 29.4095 0 22.5746 21.6597
1000 500 10000 3194 471 9 2 279 150 0.744713 0.791022 0.387397 0.706314 0.688014 0.726432 20.7864 20.48 43.5569 50.0607 22.1696 21.5364
1000 550 10000 3019 509 6 3 222 141 0.755139 0.776103 0.93562 0.408631 0.695341 0.811573 20.2254 19.44 27.2893 53.3913 22.838 21.5766
1000 675 10000 1980 601 4 3 104 117 0.783817 0.802252 0.638342 0.43678 0.750368 0.733796 19.1762 17.4527 37.4132 39.3859 22.5188 20.362
1000 725 10000 1286 457 3 4 67 101 0.765148 0.840628 0.707302 0.469187 0.784127 0.727283 19.9854 17.5611 56.1102 46.4264 24.9471 19.1395
1000 775 10000 660 338 1 1 33 54 0.790625 0.748168 0.328759 1.41521 0.732597 0.709786 21.9474 19.8462 277.129 73.6665 25.9402 24.1352
1000 800 10000 416 197 1 1 28 22 0.782817 0.780462 0.480444 0.456839 0.702247 0.808194 22.5194 21.7963 21.7065 27.8672 33.3027 23.4573
1000 825 10000 292 131 0 1 19 18 0.763605 0.730247 0 0.714446 0.717335 1.00255 24.3904 21.9265 0 78.4883 25.3911 33.6332
1000 875 10000 125 36 0 0 9 6 0.800037 0.872375 0 0 1.00276 0.884326 26.7238 22.7829 0 0 29.5423 40.3762
1000 950 10000 1 1 0 0 0 0 4.132 0.299434 0 0 0 0 30.5413 173.159 0 0 0 0
1025 50 10000 3082 211 8 0 541 170 0.60238 0.614421 0.481572 0 0.541443 0.536367 26.4331 27.6792 35.9781 0 29.1384 29.3845
1025 75 10000 3153 212 7 1 548 159 0.603548 0.628998 0.478525 0 0.51235 0.561915 26.21 29.4979 30.9553 4.85319e+07 29.8096 30.1372
1025 100 10000 3124 220 3 0 523 171 0.619658 0.678936 0.554131 0 0.529748 0.535223 25.9845 25.8207 38.7516 0 27.9115 30.3389
1025 150 10000 3382 217 2 0 540 146 0.604156 0.699407 0.638387 0 0.540714 0.574691 25.6332 25.9849 32.3957 0 27.7035 31.0407
1025 200 10000 3235 232 6 1 473 169 0.645309 0.727335 0.463329 0.397489 0.587848 0.56137 25.249 25.9459 34.4357 30.4723 27.2585 27.4771
1025 225 10000 3307 256 6 1 479 167 0.640648 0.707291 0.537857 0.246141 0.541589 0.674101 24.9282 26.3423 30.1019 26.4771 27.7304 26.5084
1025 250 10000 3414 272 5 0 432 175 0.653517 0.681951 0.829959 0 0.598197 0.594462 24.5038 24.388 31.4321 0 26.5397 26.3756
1025 300 10000 3350 288 7 0 443 154 0.675142 0.714315 0.601835 0 0.582635 0.735052 23.9962 24.8544 24.8597 0 25.9722 25.2642
1025 325 10000 3449 330 10 0 436 131 0.67279 0.689276 0.588702 0 0.578291 0.753831 23.667 23.4399 28.3573 0 25.2802 24.7964
1025 375 10000 3378 316 1 0 409 172 0.704391 0.783287 4.57317 0 0.613717 0.605196 22.6987 23.4321 26.7702 0 25.6093 25.917
1025 400 10000 3409 374 8 3 351 177 0.699501 0.737609 0.718628 0.379758 0.685755 0.65323 22.4728 23.0597 24.1681 33.9949 24.1215 24.4069
1025 450 10000 3312 382 12 0 327 161 0.727727 0.778937 0.580513 0 0.672513 0.65941 21.7105 23.3402 25.7612 0 23.8886 23.2053
1025 500 10000 3208 455 5 1 278 182 0.759149 0.807939 0.556009 0.87833 0.719057 0.671134 20.9863 20.3489 34.9481 22.2382 22.7056 23.6547
1025 525 10000 3181 452 7 1 267 124 0.752182 0.794189 0.627314 0.684123 0.707083 0.753946 20.7889 20.3883 26.0459 75.0219 23.012 22.3236
1025 550 10000 3054 473 6 0 247 150 0.780267 0.812952 0.662192 0 0.706266 0.721102 20.3129 19.5123 31.8436 0 23.4608 22.0169
1025 575 10000 2981 501 6 0 236 142 0.761026 0.818799 0.758519 0 0.690752 0.774115 20.0097 19.7749 20.7626 0 21.4648 20.3415
1025 600 10000 2823 545 6 1 193 149 0.771546 0.799254 0.788676 1.03452 0.755747 0.731106 19.792 19.3888 32.4572 67.8673 22.2083 20.5649
1025 700 10000 1905 604 2 0 103 106 0.795125 0.803979 1.00565 0 0.741816 0.866396 19.176 17.563 43.6656 0 23.6021 19.7578
1025 725 10000 1612 591 4 3 86 87 0.7957 0.785702 0.627042 0.389702 0.644817 0.815768 19.3184 17.4273 54.2106 21.673 24.9065 19.4396
1025 775 10000 994 403 5 1 58 51 0.746964 0.817153 0.791194 0.44324 0.684753 0.853238 20.388 18.1222 34.7127 23.3867 26.0762 20.5447
1025 825 10000 411 234 2 3 35 24 0.760122 0.763892 0.680129 0.340564 0.818379 0.982966 22.6256 20.2955 23.2363 19.8432 25.8053 23.2997
1025 875 10000 205 75 0 0 11 15 0.721751 0.696158 0 0 0.873961 0.729744 24.5815 23.643 0 0 39.0785 23.8733
1025 900 10000 120 37 0 1 11 2 0.806533 0.808703 0 0.628394 0.705025 1.79993 24.6975 29.6875 0 21.3184 27.9004 36.3964
1050 75 10000 3081 210 5 0 588 177 0.617434 0.643182 0.537183 0 0.470491 0.547318 26.5126 28.0997 39.4116 0 29.2383 30.1391
1050 100 10000 3216 200 9 0 590 168 0.598624 0.671568 0.481563 0 0.477452 0.589855 26.1921 26.9609 33.3107 0 29.0673 28.8102
1050 125 10000 3219 221 4 0 536 185 0.609616 0.615961 1.01417 0 0.526966 0.537417 26.1462 27.811 26.9629 0 28.8805 28.6671
1050 150 10000 3201 229 8 1 536 182 0.610332 0.61689 0.310172 1.67319 0.541591 0.507497 26.1087 27.5281 32.8314 62.8851 28.1559 28.1615
1050 225 10000 3309 211 8 0 538 145 0.638655 0.780835 0.74911 0 0.527127 0.656398 25.3175 25.7302 26.9926 0 28.1635 27.4436
1050 275 10000 3315 275 4 1 456 187 0.65434 0.697135 0.973876 0.361356 0.604024 0.63208 24.5705 25.1697 30.1568 106.325 27.0724 27.4025
1050 325 10000 3399 283 5 0 428 174 0.672913 0.669216 0.837834 0 0.580595 0.596533 23.9873 24.3434 25.5192 0 25.9626 26.8873
1050 350 10000 3461 273 8 3 409 145 0.675791 0.752439 0.636116 0.39295 0.607624 0.637079 23.5943 23.7479 30.964 21.3229 25.9897 28.2968
1050 400 10000 3337 350 3 0 406 161 0.7112 0.716235 1.14725 0 0.623458 0.705727 22.9124 22.9953 26.0229 0 24.7322 25.0277
1050 425 10000 3367 332 12 1 381 143 0.713125 0.754623 0.529572 0.36232 0.654386 0.72257 22.5407 22.9625 23.3119 23.189 24.0701 25.2204
1050 450 10000 3403 344 11 2 334 163 0.714732 0.815643 0.484659 0.357514 0.695388 0.684924 22.1309 22.2093 33.0529 66.6936 24.2132 24.3343
1050 475 10000 3367 393 2 1 327 148 0.734699 0.761679 1.02865 1.71748 0.6553 0.704215 21.6597 22.0426 44.4121 30.23 23.3614 22.894
1050 500 10000 3280 449 7 1 300 146 0.744047 0.790221 0.69624 0.934972 0.694598 0.732401 21.2156 21.1736 28.2274 51.5856 23.2493 22.0327
1050 550 10000 3172 471 4 0 266 150 0.760499 0.830384 0.571336 0 0.708497 0.734977 20.7229 20.503 27.2238 0 22.8995 23.3887
1050 575 10000 3060 505 5 1 248 155 0.771453 0.770324 0.594899 0.389242 0.715024 0.731992 20.2909 20.0191 29.9599 31.3288 22.5127 21.5379
1050 625 10000 2801 531 2 3 223 146 0.781831 0.85116 1.74208 0.46354 0.661396 0.717563 19.8176 19.0289 28.5734 79.2765 21.3432 20.2513
1050 650 10000 2730 564 7 1 187 141 0.77135 0.815024 0.789571 1.0466 0.735847 0.782208 19.4886 18.6152 21.8077 44.4917 22.3525 21.1401
1050 675 10000 2480 578 6 0 138 112 0.787812 0.793667 0.669241 0 0.837148 0.846291 19.3065 18.0708 22.0824 0 21.8162 22.1476
1050 700 10000 2215 638 2 2 127 129 0.800747 0.785345 0.947664 0.77132 0.726671 0.686783 19.1319 17.9309 29.5797 27.9584 22.3624 21.0195
1050 750 10000 1606 545 0 0 77 87 0.805179 0.811784 0 0 0.828431 0.799879 19.396 17.3929 0 0 22.5593 21.6242
1050 800 10000 980 426 1 1 47 57 0.763255 0.793086 1.59772 0.900533 0.672762 0.723217 20.6641 18.1074 23.7173 80.2221 29.6367 21.2963
1050 850 10000 404 207 1 0 24 29 0.803062 0.828744 0.617533 0 0.897206 0.815297 23.7287 18.5649 57.3966 0 25.6866 23.0368
1050 875 10000 279 120 2 1 25 16 0.767417 0.801733 0.803868 0.480428 0.813331 0.754332 23.7009 21.8717 20.2764 109.017 27.3592 22.0491
1050 925 10000 122 31 1 0 10 8 0.742478 0.853143 0.434447 0 0.888791 0.486174 25.7536 31.1525 45.9187 0 28.4141 34.3131
1050 950 10000 58 10 0 0 6 4 0.888199 0.950563 0 0 0.743063 0.685718 27.3304 42.2393 0 0 42.5181 45.8197
1050 975 10000 25 5 0 0 2 1 0.781168 0.751254 0 0 0.672794 0.00625375 31.1335 50.9074 0 0 47.9633 2540.16
1075 50 10000 3123 188 11 0 584 182 0.586805 0.616372 0.263255 0 0.485347 0.484445 27.0705 29.4463 36.9433 0 29.6409 30.0709
1075 100 10000 3103 199 4 0 577 155 0.599348 0.623854 0.500861 0 0.46944 0.497485 26.8603 27.7417 27.3799 0 29.5957 31.5594
1075 150 10000 3312 192 6 0 513 156 0.603833 0.661777 0.66812 0 0.526442 0.546969 26.306 27.1172 29.2836 0 29.0655 30.3604
1075 175 10000 3296 223 5 0 505 168 0.596474 0.666415 0.73658 0 0.537426 0.562306 26.2803 27.0845 23.1114 0 28.5154 28.3934
1075 200 10000 3252 228 7 0 523 153 0.619902 0.576363 0.565468 0 0.509461 0.591371 25.9805 26.9761 36.9094 0 28.6971 27.9389
1075 225 10000 3270 231 5 0 496 165 0.631335 0.719742 0.479376 0 0.538345 0.557255 25.5899 25.9181 28.2198 0 27.4451 27.4624
1075 250 10000 3353 211 6 0 536 169 0.632893 0.726862 0.664774 0 0.505965 0.580499 25.3539 26.0541 30.1141 0 27.5845 30.1512
1075 300 10000 3356 248 5 1 476 155 0.653302 0.704287 1.06489 0.416205 0.572504 0.628425 24.8297 25.7722 26.6519 23.8148 26.6585 26.0535
1075 375 10000 3464 281 7 1 419 148 0.683761 0.750811 0.563944 0.333229 0.582154 0.660949 23.5149 26.0871 38.6609 166.309 25.9113 25.5319
1075 450 10000 3413 315 8 1 369 156 0.718531 0.732549 0.567057 0.765118 0.628239 0.658981 22.4598 23.278 26.143 36.9327 24.306 23.6549
1075 475 10000 3394 353 1 2 397 170 0.706661 0.785552 1.36368 0.454051 0.626739 0.649239 22.3517 22.501 23.3519 63.2868 24.8178 25.086
1075 500 10000 3351 347 7 0 326 175 0.725291 0.819685 0.604756 0 0.677626 0.704535 21.6727 21.3237 25.8396 0 23.9646 23.2019
1075 525 10000 3345 394 10 1 313 134 0.734728 0.797844 0.672057 0.3174 0.692952 0.744574 21.3533 21.4387 26.0447 42.6627 23.5633 23.5498
1075 650 10000 2887 542 12 2 212 137 0.764429 0.819809 0.50954 0.410324 0.71462 0.765997 19.8209 18.726 21.9419 45.2829 22.1718 20.9971
1075 675 10000 2660 568 6 0 175 122 0.780816 0.839891 0.794373 0 0.77176 0.836126 19.5162 18.2637 24.247 0 22.8068 20.2965
1075 700 10000 2448 597 11 0 150 140 0.809549 0.795155 0.471825 0 0.759931 0.756252 19.2262 17.9584 29.4514 0 22.0808 19.548
1075 725 10000 2261 604 7 1 142 112 0.787291 0.792288 0.802383 0.845292 0.716059 0.741647 19.233 17.9225 28.2894 22.7718 22.0104 21.3682
1075 775 10000 1609 536 4 3 93 86 0.807712 0.833663 0.962551 0.598046 0.758886 0.787271 19.2197 17.4403 34.704 50.0841 24.1184 20.0809
1075 800 10000 1341 531 0 1 62 69 0.754451 0.786111 0 1.14149 0.772446 0.842666 20.2264 17.648 0 34.2495 24.1537 21.0614
1075 850 10000 644 337 4 0 39 42 0.783861 0.741407 0.393586 0 0.764322 0.719285 21.6168 19.2106 26.3145 0 24.9702 26.3328
1075 875 10000 436 210 1 0 22 34 0.756283 0.777028 1.56489 0 0.800954 0.755528 23.4202 19.9729 45.9007 0 34.4442 26.0936
1075 925 10000 185 68 0 0 12 10 0.794871 0.759307 0 0 0.803829 0.794113 24.8284 26.7609 0 0 29.1257 46.7534
1075 950 10000 101 26 0 0 5 5 0.775353 0.843905 0 0 0.95845 0.744508 26.4386 32.593 0 0 39.4358 54.5388
1075 975 10000 71 20 0 0 8 1 0.718362 0.633762 0 0 0.709917 1.44283 29.4233 27.8213 0 0 31.3473 70.0446
1075 1025 10000 7 1 0 0 0 0 0.541949 0.189108 0 0 0 0 33.7081 84.1434 0 0 0 0
1100 100 10000 3189 175 8 0 546 150 0.579567 0.644991 0.47027 0 0.494344 0.544446 26.9238 29.5691 24.7175 0 29.3019 32.5207
1100 125 10000 3188 139 7 1 579 157 0.590632 0.785494 0.509416 0.935035 0.494847 0.476701 27.1025 28.2804 31.0551 31.0163 29.886 32.9274
1100 150 10000 3232 212 7 0 591 162 0.589946 0.648765 0.476437 0 0.473798 0.538188 26.3877 27.1532 29.0724 0 29.6998 29.1336
1100 200 10000 3253 202 5 0 521 160 0.610837 0.683652 0.542359 0 0.515677 0.532513 26.3644 25.6828 30.7025 0 29.27 29.6114
1100 225 10000 3340 204 4 0 529 154 0.611941 0.663727 0.561825 0 0.513314 0.518935 25.9556 27.6309 39.3343 0 28.2844 29.6189
1100 300 10000 3332 235 10 2 450 168 0.642614 0.735831 0.519699 0.499109 0.589928 0.631619 25.1034 25.1414 32.996 81.6646 26.481 26.9612
1100 375 10000 3425 267 9 0 440 167 0.675304 0.712466 0.593599 0 0.597833 0.623293 23.9606 24.3593 28.2701 0 25.8005 25.4641
1100 400 10000 3400 248 7 1 445 143 0.681932 0.778676 0.70265 0.397147 0.598416 0.620879 23.6169 24.3864 24.1814 146.886 25.5864 28.6042
1100 425 10000 3426 305 8 1 382 141 0.688833 0.713309 0.512773 0.828138 0.686308 0.654418 23.5828 23.9235 31.0487 41.0022 25.4674 25.0347
1100 450 10000 3411 306 5 1 411 144 0.698902 0.76175 0.810448 0.388135 0.590703 0.719698 23.019 23.298 22.7666 31.8459 24.9624 25.0947
1100 475 10000 3405 317 7 0 378 161 0.708546 0.766415 0.415586 0 0.639153 0.657027 22.6327 22.4709 29.2109 0 24.6312 25.1546
1100 525 10000 3308 369 8 1 350 163 0.745576 0.77673 0.461954 0.653062 0.626096 0.71574 21.9147 21.8325 35.6405 24.9223 24.6274 24.2386
1100 550 10000 3323 367 9 2 320 155 0.727479 0.825983 0.672954 0.736416 0.677148 0.722069 21.5165 21.4895 31.538 44.8382 23.6632 23.9043
1100 600 10000 3242 430 8 3 279 149 0.750426 0.814953 0.820423 0.907019 0.687761 0.734704 20.767 21.0007 26.7745 27.7079 22.459 21.8203
1100 625 10000 3074 488 4 0 270 131 0.772262 0.839384 1.16153 0 0.696742 0.852616 20.455 19.2141 26.4482 0 21.9338 20.8878
1100 650 10000 3033 507 11 4 236 149 0.76912 0.810993 0.606511 0.479686 0.743192 0.780168 20.0306 19.5097 26.6334 42.0741 22.8913 21.1239
1100 675 10000 2895 528 3 1 196 131 0.770909 0.85224 1.60444 0.670454 0.739225 0.766067 19.8268 18.899 37.4243 71.9257 22.6511 21.9084
1100 700 10000 2750 547 9 3 191 125 0.76781 0.82002 0.562869 0.684317 0.72081 0.852538 19.4915 18.3961 25.7387 21.5235 22.1856 20.0561
1100 725 10000 2425 549 5 2 134 121 0.799842 0.852998 0.516075 0.395143 0.827403 0.75583 19.3167 17.879 44.0726 40.9027 22.8943 22.305
1100 750 10000 2252 582 6 2 127 110 0.781148 0.833851 0.684275 0.717646 0.818425 0.802938 19.2508 17.7563 28.1725 65.3684 22.8723 19.4782
1100 775 10000 1959 558 4 7 104 103 0.772127 0.820471 0.739559 0.452245 0.778307 0.786444 19.1543 17.805 38.0521 50.4994 21.7624 20.1526
1100 850 10000 962 452 3 1 51 58 0.775929 0.777111 0.964075 0.361767 0.808449 0.848095 21.0325 18.1831 21.5212 122.017 25.174 22.1536
1100 875 10000 638 289 3 1 38 40 0.774776 0.785817 0.460384 1.41027 0.808571 0.784979 21.6601 19.4418 21.3361 28.3833 26.2241 22.2563
1100 925 10000 253 124 1 0 23 16 0.775365 0.765198 0.800588 0 0.804079 0.721932 25.1247 22.9509 40.2041 0 23.457 35.4305
1100 950 10000 159 69 1 1 17 10 0.800169 0.715825 0.949793 0.537296 0.65304 0.679572 24.8915 28.6737 68.9269 70.493 27.6238 33.3279
1100 975 10000 133 43 1 0 6 7 0.654609 0.614311 0.446919 0 0.974966 0.586135 29.269 28.535 38.9723 0 27.8201 23.2416
1100 1000 10000 71 14 2 0 2 4 0.661979 0.60171 0.363557 0 0.871294 0.591976 28.3924 32.2747 25.691 0 85.9799 31.4757
1100 1050 10000 4 0 0 0 1 1 1.16163 0 0 0 0.313057 0.213596 43.3379 0 0 0 61.5709 105.97
1125 50 10000 3080 155 9 0 603 169 0.57155 0.669964 0.478227 0 0.455464 0.520529 27.5151 28.7123 31.4394 0 29.8287 30.9427
1125 100 10000 3222 167 7 0 597 154 0.55335 0.573758 0.412231 0 0.469326 0.525617 27.5947 30.1406 34.2137 0 29.981 29.4334
1125 150 10000 3209 179 6 0 529 149 0.585493 0.636294 0.527035 0 0.491836 0.507866 27.1248 26.8066 34.6551 0 30.4307 30.7628
1125 225 10000 3282 208 12 0 491 152 0.607188 0.59429 0.468709 0 0.515547 0.54771 26.3825 26.4008 30.1002 0 29.5196 30.1316
1125 250 10000 3391 207 8 0 531 154 0.602069 0.626193 0.659723 0 0.515801 0.505312 26.1708 26.329 30.8741 0 28.1033 31.3025
1125 300 10000 3307 207 7 0 497 139 0.636943 0.714483 0.451599 0 0.555457 0.594606 25.3275 25.9371 25.0732 0 27.7002 28.2917
1125 350 10000 3388 243 7 0 464 153 0.651362 0.663118 0.733099 0 0.587159 0.652362 24.9519 25.7962 32.9615 0 27.0754 27.5041
1125 375 10000 3421 253 3 1 436 174 0.655972 0.745044 1.52242 0.796933 0.572158 0.577536 24.3747 24.1464 29.1176 27.7317 26.0338 26.9353
1125 425 10000 3544 282 5 0 403 164 0.666509 0.744992 0.537241 0 0.602096 0.612311 23.7526 22.7046 28.4615 0 25.3041 26.0181
1125 450 10000 3477 301 7 0 387 161 0.689082 0.731613 0.816737 0 0.639629 0.697908 23.5002 24.1056 26.6447 0 24.863 25.473
1125 475 10000 3497 294 6 3 376 145 0.693243 0.720907 0.597978 0.384188 0.627362 0.707122 22.979 24.1739 29.8153 60.5733 24.7324 24.7153
1125 500 10000 3454 280 3 1 386 162 0.697882 0.808464 1.11446 0 0.62685 0.730891 22.8085 22.7134 33.0838 5.51707e+07 24.1413 23.2038
1125 525 10000 3413 344 6 0 324 135 0.725492 0.794087 0.543515 0 0.661175 0.747689 22.1728 22.0767 33.018 0 24.1866 23.916
1125 550 10000 3436 377 7 1 344 149 0.721253 0.777553 0.721957 0.888713 0.683306 0.723344 21.8269 21.6192 32.7702 51.2692 23.5123 22.3682
1125 575 10000 3331 381 9 0 362 141 0.741155 0.846766 0.547677 0 0.624281 0.805838 21.428 21.5268 24.3066 0 22.8647 21.8971
1125 600 10000 3406 422 8 1 312 146 0.738505 0.814845 0.586485 0.343674 0.680067 0.722839 20.9706 20.5665 26.6801 70.463 22.7792 23.2401
1125 650 10000 3172 459 5 2 244 144 0.758019 0.816737 0.861914 0.894272 0.710865 0.752751 20.4294 19.5322 46.8888 35.3348 22.8266 21.2048
1125 700 10000 2895 523 8 2 203 135 0.769733 0.827505 0.8259 0.547719 0.713826 0.779896 19.6695 19.2284 27.2167 40.1883 22.6168 20.6672
1125 825 10000 1630 555 3 1 85 91 0.790917 0.789227 0.776413 0.442547 0.74571 0.722591 19.5663 17.3729 26.4072 224.251 23.2537 21.0719
1125 875 10000 967 427 0 0 43 57 0.76503 0.784546 0 0 0.853701 0.710641 21.4212 17.7086 0 0 24.3407 25.6264
1125 925 10000 436 222 1 0 16 23 0.733697 0.736536 1.31674 0 0.952846 0.825326 22.9514 22.0351 35.1181 0 29.2306 29.665
1125 950 10000 252 134 0 0 17 17 0.777909 0.744478 0 0 0.879143 0.846494 24.6534 24.2515 0 0 29.1962 37.2887
1125 975 10000 192 60 1 1 15 12 0.723689 0.749869 0.190653 0.66773 0.673987 0.540651 25.035 28.9117 218.469 59.0986 25.1319 29.5197
1125 1000 10000 143 35 0 0 10 6 0.622429 0.750345 0 0 0.823823 0.46662 27.9777 24.148 0 0 30.2663 35.23
1150 50 10000 3136 171 10 0 568 181 0.54388 0.511253 0.356605 0 0.446288 0.398374 28.028 29.6924 41.7848 0 30.6926 33.3797
1150 75 10000 3135 165 1 0 598 167 0.553 0.54265 2.57509 0 0.424366 0.492422 27.8478 31.4927 31.728 0 31.2557 31.0051
1150 100 10000 3114 173 5 1 586 158 0.551522 0.566402 0.675786 0.213928 0.453092 0.466984 27.9028 29.7873 31.5684 28.0576 30.5103 32.0918
1150 125 10000 3210 174 4 1 580 168 0.565896 0.587006 0.473995 0.534506 0.437129 0.477325 27.6345 28.1243 33.2703 73.5426 30.8124 31.3383
1150 150 10000 3224 177 5 0 582 154 0.571301 0.631266 0.652921 0 0.444074 0.432762 27.2764 26.263 28.9982 0 30.7013 30.9534
1150 200 10000 3385 152 4 0 540 160 0.56131 0.667868 0.763826 0 0.498643 0.483289 27.2698 29.4369 26.2601 0 29.3747 34.0277
1150 225 10000 3280 181 7 0 497 139 0.595221 0.65978 0.629893 0 0.534113 0.518113 26.8753 26.2011 30.8002 0 29.4716 29.2242
1150 250 10000 3330 206 3 0 503 150 0.604064 0.646595 1.40647 0 0.513242 0.485818 26.6833 28.0717 31.4237 0 29.6224 32.5794
1150 275 10000 3309 173 5 0 521 171 0.599191 0.735631 0.445104 0 0.55506 0.506118 26.1946 26.2989 41.9947 0 28.1081 29.4465
1150 300 10000 3429 221 5 2 502 145 0.616237 0.671322 0.60965 0.488488 0.51978 0.581391 25.8434 25.6885 39.3823 56.9974 27.9414 26.5461
1150 325 10000 3354 227 7 1 524 155 0.629645 0.652348 0.531923 0.600291 0.52119 0.55988 25.8527 25.8565 39.0776 24.8604 27.7154 28.8262
1150 350 10000 3402 216 6 1 477 176 0.628762 0.713874 0.476222 1.14668 0.572014 0.529082 25.0877 27.549 33.0275 48.497 27.3101 30.2235
1150 400 10000 3486 235 8 0 448 144 0.658825 0.738572 0.439448 0 0.568787 0.615135 24.3837 23.9664 27.9659 0 26.5285 27.0435
1150 425 10000 3547 265 5 2 403 156 0.651996 0.70216 0.505649 0.50209 0.60669 0.583678 24.199 24.1964 40.5547 67.0322 26.121 26.0009
1150 450 10000 3519 274 10 0 437 162 0.665033 0.731779 0.537289 0 0.593325 0.588009 23.7632 23.8416 30.8409 0 25.3338 26.5522
1150 475 10000 3428 301 7 1 407 167 0.688348 0.736693 0.82846 1.58711 0.587639 0.616443 23.3144 23.9039 29.5664 72.6684 25.7383 24.4659
1150 600 10000 3375 390 3 0 287 146 0.740411 0.761501 1.13147 0 0.697378 0.713012 21.3216 21.5718 45.306 0 23.4805 23.6836
1150 625 10000 3319 413 5 3 284 156 0.753702 0.828194 0.647576 0.566434 0.655675 0.718389 21.035 21.648 35.3484 43.9435 23.6395 21.9734
1150 650 10000 3237 418 7 1 271 134 0.756536 0.854693 0.792653 1.08946 0.674443 0.718603 20.7835 21.1655 26.1381 64.549 22.8936 22.7166
1150 675 10000 3074 465 4 1 245 126 0.786448 0.852671 0.743258 0.714008 0.730828 0.766902 20.4348 20.2486 31.9904 71.1981 22.3733 21.0857
1150 700 10000 2997 533 5 0 209 136 0.779703 0.783816 0.760581 0 0.734596 0.757778 20.009 19.8997 24.9083 0 22.082 21.0061
1150 725 10000 2874 554 6 0 227 119 0.771375 0.83819 0.616253 0 0.673864 0.899582 20.0124 19.5694 54.0283 0 22.0436 21.6558
1150 750 10000 2680 530 8 0 158 125 0.797769 0.816907 0.86369 0 0.79923 0.781031 19.4577 18.6869 26.2111 0 22.0696 20.4989
1150 775 10000 2582 589 6 0 147 131 0.77867 0.824696 0.77777 0 0.70076 0.779479 19.3432 17.8522 31.9652 0 21.9649 21.7946
1150 825 10000 1954 572 6 1 109 99 0.790374 0.827707 0.762141 1.63756 0.665727 0.737723 19.3369 17.7149 35.8798 62.9013 24.3016 19.867
1150 850 10000 1643 543 3 1 95 105 0.78488 0.805515 1.29031 0.377728 0.637525 0.751965 19.5531 17.4336 31.1008 248.838 22.8548 19.4448
1150 875 10000 1291 506 6 1 61 69 0.789843 0.753357 1.00864 1.4617 0.762613 0.771764 19.6897 17.8686 25.078 64.9394 22.9684 20.5898
1150 925 10000 656 310 6 2 45 38 0.739542 0.756579 0.502615 0.984401 0.727595 0.800951 21.9912 19.4776 42.075 52.5216 23.2004 23.5332
1150 975 10000 243 94 1 0 8 14 0.752146 0.858621 1.20314 0 1.16071 0.655206 25.3321 21.2372 49.3147 0 32.3701 31.3016
1150 1000 10000 181 59 1 0 24 10 0.744161 0.73201 0.48061 0 0.60308 0.895014 25.3535 26.8635 29.9076 0 24.0511 24.099
1150 1050 10000 77 14 0 0 4 4 0.695911 0.820528 0 0 1.17267 0.242329 28.6231 33.9499 0 0 48.6615 61.2885
1150 1100 10000 3 2 0 0 1 1 1.6965 0.678801 0 0 0.454057 0.116083 35.7991 39.0266 0 0 57.2421 111.243
1175 50 10000 3211 138 8 0 591 155 0.523786 0.610413 0.391288 0 0.440461 0.452408 28.3691 28.89 34.6849 0 30.8355 31.8864
1175 75 10000 3141 146 12 1 575 155 0.539971 0.602996 0.29082 0.329079 0.450225 0.498478 28.086 28.4009 37.7747 50.5841 30.7019 32.3853
1175 100 10000 3134 133 10 0 563 149 0.552807 0.660281 0.453574 0 0.44059 0.474576 27.9697 27.9586 33.5657 0 30.3919 30.897
1175 150 10000 3133 150 7 0 579 148 0.568504 0.607445 0.405615 0 0.459423 0.460791 27.7862 27.2062 28.2857 0 30.5479 31.6783
1175 175 10000 3245 143 6 0 590 180 0.553376 0.65026 0.510942 0 0.458641 0.441063 28.0442 29.4538 25.7541 0 30.0673 31.9661
1175 200 10000 3296 186 4 0 530 137 0.56809 0.64828 0.648165 0 0.496062 0.526142 27.1013 26.0424 35.6235 0 29.5104 33.0259
1175 250 10000 3339 208 5 0 549 117 0.582846 0.5755 0.703916 0 0.482609 0.548333 26.89 27.5409 30.9657 0 29.4803 31.2306
1175 325 10000 3366 195 9 0 462 143 0.613589 0.698129 0.629486 0 0.548851 0.559946 25.9906 25.8088 30.162 0 28.2924 29.7474
1175 400 10000 3498 235 5 0 485 156 0.631536 0.707646 0.879761 0 0.54744 0.575034 25.0154 28.6315 29.3221 0 26.6453 27.4735
1175 450 10000 3501 230 9 0 444 163 0.660383 0.736179 0.583248 0 0.590559 0.615915 24.2633 25.1021 27.4912 0 25.3622 26.5398
1175 475 10000 3560 267 6 1 399 151 0.661788 0.740885 1.03759 0.371856 0.589549 0.611775 23.8542 23.3039 26.4128 102.88 26.0085 25.323
1175 500 10000 3460 324 3 0 386 138 0.69483 0.70102 0.751676 0 0.612304 0.65931 23.5451 23.811 33.856 0 25.2923 25.3746
1175 525 10000 3426 310 4 4 358 155 0.698468 0.771773 0.832642 0.47502 0.616773 0.630837 23.1698 23.9749 41.8418 37.1126 25.2522 23.8088
1175 550 10000 3486 320 4 2 372 140 0.704798 0.782876 0.768301 0.383004 0.606477 0.723827 22.7218 22.1972 33.3448 56.9375 24.4677 25.7657
1175 575 10000 3422 324 12 3 331 143 0.715452 0.799224 0.644452 0.348293 0.65543 0.709309 22.2542 22.7497 28.9166 35.3777 25.0149 24.316
1175 625 10000 3395 380 4 0 301 161 0.732527 0.763165 1.06742 0 0.669629 0.667544 21.5394 21.4975 25.0462 0 23.2062 23.9005
1175 675 10000 3224 427 5 0 267 144 0.749667 0.85368 0.73647 0 0.695112 0.745097 20.866 20.6425 31.7622 0 23.2547 21.2057
1175 700 10000 3167 510 2 0 226 149 0.762126 0.763206 1.23393 0 0.687827 0.755739 20.489 19.4665 65.0116 0 22.4493 21.523
1175 800 10000 2550 558 2 1 146 113 0.781644 0.841553 1.03172 0.870236 0.733899 0.859674 19.2675 17.7656 55.3327 28.4317 23.7619 23.2973
1175 825 10000 2374 569 5 2 143 100 0.783935 0.829751 0.625309 0.739541 0.724779 0.816636 19.0841 17.6606 31.7108 39.1475 20.9979 21.7205
1175 850 10000 2051 578 7 0 97 98 0.778967 0.818167 0.305549 0 0.79889 0.692548 19.1883 17.5498 49.1853 0 22.2443 21.0482
1175 875 10000 1672 607 5 0 80 107 0.783118 0.799477 0.888683 0 0.691042 0.752323 19.5384 17.2775 26.7595 0 22.1782 19.1508
1175 925 10000 957 452 3 1 53 73 0.757021 0.754409 1.11656 0.639283 0.732924 0.72824 20.6639 18.2952 31.8534 56.3087 26.4849 22.6859
1175 950 10000 613 316 2 0 39 40 0.751026 0.77767 0.884589 0 0.729751 0.797488 21.8437 20.0654 25.7929 0 23.4756 25.2847
1175 975 10000 401 220 2 1 28 26 0.736181 0.723506 0.582742 0.459667 0.663328 0.752351 23.4433 21.4734 25.1946 124.463 26.5488 26.3666
1175 1075 10000 68 21 1 0 0 4 0.686084 0.666232 0.721619 0 0 0.829577 27.571 29.3934 34.9518 0 0 33.3266
1175 1125 10000 1 1 0 0 0 0 3.02691 0.826042 0 0 0 0 56.0372 55.7477 0 0 0 0
1200 150 10000 3135 130 3 0 606 124 0.550602 0.655702 0.970977 0 0.441876 0.484618 28.1154 26.7684 29.9448 0 30.4574 33.4968
1200 200 10000 3217 165 6 0 544 136 0.565638 0.600827 0.63231 0 0.47349 0.526043 28.0825 28.9113 29.3738 0 30.218 33.0884
1200 225 10000 3275 151 8 0 520 136 0.565591 0.606108 0.249916 0 0.488159 0.516381 27.3819 31.181 40.2218 0 29.7457 31.1336
1200 275 10000 3379 180 6 0 523 147 0.586821 0.648852 0.602569 0 0.49543 0.511225 26.6144 27.5019 30.2982 0 28.8404 30.2347
1200 375 10000 3522 180 4 0 415 161 0.610234 0.758858 0.610698 0 0.578938 0.61692 25.7072 25.6598 32.649 0 28.357 28.7046
1200 400 10000 3419 223 3 1 498 135 0.628374 0.70407 0.650673 0.360462 0.53521 0.573681 25.4872 25.4141 26.5835 117.205 28.1791 27.9601
1200 425 10000 3394 235 4 0 441 167 0.655552 0.722085 0.89059 0 0.559756 0.587283 24.8097 26.2293 35.4287 0 26.6125 26.3519
1200 450 10000 3470 211 6 0 414 124 0.658108 0.707631 0.771899 0 0.631893 0.66752 24.7488 26.8041 26.9834 0 26.3642 25.9683
1200 475 10000 3524 241 6 1 415 151 0.657774 0.709535 0.454341 0.887517 0.581727 0.615117 24.2691 23.8608 47.0373 49.9956 25.9538 27.3338
1200 550 10000 3418 283 6 0 376 144 0.702514 0.770852 0.54198 0 0.666188 0.701415 23.1689 24.075 26.8433 0 24.6605 25.6587
1200 575 10000 3554 295 9 2 322 141 0.689191 0.742226 0.487442 0.798288 0.705528 0.717962 22.8377 21.5574 34.393 49.857 25.1017 24.0377
1200 600 10000 3412 325 10 1 309 138 0.7345 0.816439 0.664965 0.40926 0.666079 0.67832 22.3811 22.5104 28.752 110.459 24.5774 23.5577
1200 650 10000 3486 409 5 1 297 144 0.728782 0.749331 0.839729 0.403191 0.698774 0.743011 21.5738 20.8071 55.7471 42.2972 23.1094 22.1986
1200 675 10000 3256 407 9 2 297 147 0.740522 0.812605 0.642079 0.82325 0.688572 0.716591 21.1989 20.8402 28.0154 52.6596 23.1041 22.0486
1200 700 10000 3179 452 4 0 266 152 0.767138 0.786979 1.24942 0 0.718645 0.730822 20.7624 20.3 28.7106 0 23.0743 23.0368
1200 725 10000 3249 481 7 2 244 122 0.752674 0.789582 0.492905 0.621355 0.664662 0.764887 20.6082 19.4934 36.4919 77.2566 23.2666 21.7102
1200 750 10000 3101 495 5 1 246 127 0.763943 0.822096 0.673103 1.12389 0.695812 0.779177 20.1525 19.143 27.3126 61.4134 22.3039 20.6051
1200 800 10000 2676 535 7 0 167 129 0.785146 0.881878 0.662701 0 0.768533 0.805758 19.6374 19.5633 27.8976 0 23.583 19.8352
1200 875 10000 2047 590 2 2 102 93 0.76809 0.816675 1.39118 0.425073 0.776407 0.814883 19.0402 17.4507 28.554 24.3954 21.1939 21.7041
1200 900 10000 1732 546 1 1 97 95 0.76711 0.806648 1.77806 0.604599 0.663602 0.712579 19.0568 17.645 67.3524 112.066 22.5821 21.7377
1200 925 10000 1362 501 2 1 62 78 0.753106 0.821858 0.92347 0.951418 0.785064 0.715997 19.8939 18.6081 31.7737 43.9766 24.9428 28.2587
1200 950 10000 922 439 3 0 41 45 0.781116 0.74188 0.636122 0 0.8075 0.896801 20.6947 18.4183 20.4098 0 24.2574 24.0119
1200 975 10000 641 345 2 2 38 40 0.758028 0.761364 0.659614 0.414528 0.773203 0.73822 22.0799 18.9722 82.7638 34.6297 28.9789 32.9654
1200 1025 10000 284 119 0 1 12 12 0.754745 0.759647 0 0.384062 0.835236 0.705017 23.4188 22.5103 0 120.732 30.0073 35.5113
1200 1100 10000 58 15 0 0 9 2 0.821721 0.678027 0 0 0.484273 0.391881 28.2715 38.9938 0 0 33.0929 73.8878
