125 75 10000 6 4 0 0 1 2 0.645544 0.850457 0 0 1.2483 0.256989 37.7252 35.7489 0 0 56.6522 54.0918
150 50 10000 8 6 0 0 6 2 0.816161 1.06284 0 0 0.477927 1.91883 28.9092 46.297 0 0 44.6515 24.981
150 75 10000 10 6 0 0 8 4 0.615125 0.776766 0 0 0.460711 0.670846 28.3731 38.1568 0 0 32.4656 31.5449
150 100 10000 8 4 0 0 5 2 0.683221 0.441568 0 0 0.43902 1.03005 24.0654 40.9333 0 0 32.8426 36.2409
175 50 10000 9 14 0 0 10 7 1.2046 0.713199 0 0 0.551336 1.23045 27.3283 38.8475 0 0 23.8104 34.039
175 75 10000 9 13 0 0 5 5 1.18389 0.896068 0 0 0.751266 0.794284 31.0936 30.507 0 0 35.7046 32.1456
175 100 10000 7 9 0 0 8 5 1.33495 0.830757 0 0 0.602136 0.682754 30.9038 33.9024 0 0 26.9753 40.6824
175 125 10000 11 5 0 0 1 2 0.652764 0.42291 0 0 1.63588 0.579836 28.2103 33.5663 0 0 41.8939 48.0939
200 75 10000 24 23 0 0 12 7 0.757376 0.704196 0 0 0.636149 0.731521 28.862 24.5831 0 0 28.2264 69.1945
200 100 10000 23 21 0 0 9 6 0.607733 0.827065 0 0 0.56848 1.03466 29.8993 28.1876 0 0 27.0196 34.9695
200 125 10000 23 7 1 0 9 2 0.593847 0.849239 0.18974 0 0.446379 1.08758 29.16 35.6471 25.1526 0 32.5264 53.6342
200 150 10000 5 1 0 0 2 0 1.38897 2.06161 0 0 0.889181 0 27.1009 35.0277 0 0 64.1947 0
225 75 10000 42 58 0 0 17 20 0.776934 0.65429 0 0 0.559761 0.728699 26.4737 24.6685 0 0 28.4938 29.6722
225 100 10000 31 36 0 0 10 14 0.923225 0.756702 0 0 0.752701 0.594142 24.9846 27.7274 0 0 34.9955 24.3299
225 150 10000 21 10 1 0 8 3 0.686657 0.596475 0.188833 0 0.550625 0.714459 25.1777 43.3413 25.082 0 28.6441 43.3616
225 175 10000 9 3 0 0 5 2 1.06969 0.647793 0 0 0.562852 0.493949 30.3495 27.3818 0 0 39.2653 29.1401
250 50 10000 56 100 0 0 13 25 0.833846 0.783441 0 0 0.806917 0.834715 27.4188 24.7258 0 0 26.7826 28.0497
250 75 10000 45 73 0 0 21 23 0.843732 0.740094 0 0 0.723226 0.86454 31.1519 28.6246 0 0 28.7098 24.7848
250 100 10000 56 53 0 0 12 15 0.690067 0.734602 0 0 0.743219 0.803333 28.3412 25.9586 0 0 29.4295 26.1393
250 125 10000 40 33 0 0 17 11 0.8332 0.710036 0 0 0.592719 1.0173 27.6829 36.5235 0 0 28.38 25.1267
250 150 10000 40 25 0 0 8 5 0.659293 0.886612 0 0 0.887284 0.984007 26.3246 27.5994 0 0 27.9869 37.7402
250 175 10000 27 13 0 0 3 2 0.614147 0.705934 0 0 0.841537 0.777677 25.4338 30.311 0 0 56.9345 50.1844
250 200 10000 12 2 0 0 0 0 0.527498 1.8228 0 0 0 0 29.9955 28.2035 0 0 0 0
275 50 10000 99 141 0 1 15 39 0.84603 0.770567 0 0.291199 0.664177 0.72575 26.5829 28.2211 0 132.824 39.8191 27.2456
275 75 10000 103 129 0 2 21 24 0.727237 0.762911 0 0.227605 0.658852 0.837936 27.161 26.1952 0 110.023 29.6586 29.8972
275 100 10000 85 85 0 0 23 24 0.798449 0.794734 0 0 0.646912 0.682891 25.4847 25.7831 0 0 26.5523 31.9739
275 125 10000 72 74 1 1 17 14 0.747661 0.700852 0.42531 0.319722 0.834749 0.802605 28.1307 26.7614 21.2323 118.056 24.886 37.2217
275 150 10000 66 54 1 2 12 16 0.696101 0.593134 0.371185 0.372303 0.738112 0.708251 25.3858 25.1961 21.7824 64.9756 30.1221 23.6342
275 175 10000 35 32 0 0 10 18 0.871513 0.684548 0 0 0.71679 0.549616 29.425 26.9085 0 0 31.2622 26.4062
275 225 10000 20 2 0 0 1 2 0.497148 0.714181 0 0 0.641388 0.451671 28.4334 39.0769 0 0 62.9004 49.5691
300 50 10000 175 243 0 0 13 46 0.780327 0.773744 0 0 1.03088 0.729962 28.6798 23.9832 0 0 32.1802 30.7958
300 75 10000 147 193 0 0 23 36 0.783537 0.746577 0 0 0.781611 0.838857 25.9643 24.676 0 0 29.3466 25.611
300 100 10000 124 154 1 0 10 26 0.771284 0.782238 1.36857 0 1.21218 0.727361 25.2779 25.8413 20.3048 0 30.353 31.8083
300 125 10000 94 94 0 0 32 27 0.795062 0.768191 0 0 0.492207 0.774874 25.2254 26.9597 0 0 29.4857 25.2784
300 150 10000 91 66 0 0 20 22 0.753731 0.754114 0 0 0.760875 0.745612 25.818 27.4011 0 0 29.3172 25.2916
300 175 10000 58 52 0 0 19 8 0.769493 0.735475 0 0 0.703901 1.50864 29.2323 25.99 0 0 29.4126 25.4217
300 200 10000 46 28 0 0 8 4 0.764633 0.824896 0 0 0.914989 1.42878 26.5142 26.8131 0 0 29.4761 42.328
300 225 10000 39 13 0 1 7 3 0.664929 0.74601 0 0.188704 0.599415 0.806104 28.6391 25.2639 0 103.123 32.3384 31.3026
300 250 10000 15 4 0 0 4 3 0.597821 0.7398 0 0 0.311289 0.428636 27.6848 43.5164 0 0 39.5489 26.1841
325 50 10000 258 321 0 0 42 60 0.832621 0.77125 0 0 0.727717 0.866085 26.5295 23.1547 0 0 28.2887 29.3212
325 75 10000 231 265 0 1 30 50 0.764856 0.866087 0 1.00815 0.817735 0.835889 28.0913 23.3897 0 23.251 31.541 24.1485
325 100 10000 219 235 1 0 40 39 0.73326 0.786109 1.08994 0 0.65561 0.836295 25.6659 24.2496 24.7158 0 24.6167 30.1725
325 125 10000 153 155 1 1 24 27 0.778318 0.840542 0.405259 0.233058 0.794144 0.85984 25.6657 24.4257 21.5902 25.2063 25.8676 27.7529
325 150 10000 115 128 1 0 17 27 0.732338 0.794571 0.183009 0 1.05806 0.771659 26.9416 23.5402 45.9362 0 26.8641 32.649
325 175 10000 82 76 1 0 19 15 0.774553 0.724999 0.441633 0 0.700424 0.793798 24.1566 28.0254 25.2081 0 22.7669 34.8744
325 200 10000 77 56 1 1 14 13 0.793605 0.734859 0.8602 0.228611 0.890662 0.792252 25.573 28.2901 33.9077 101.936 27.748 39.9764
325 225 10000 53 31 0 0 10 9 0.756324 0.836874 0 0 1.03385 0.84641 26.7043 32.5374 0 0 29.0904 26.7669
325 250 10000 38 21 0 0 5 0 0.704363 0.586801 0 0 0.954096 0 25.1603 28.9924 0 0 37.4044 0
325 275 10000 13 2 0 0 1 2 0.765747 1.20007 0 0 0.762092 0.294247 33.3174 39.6081 0 0 57.8981 51.1065
350 50 10000 405 416 2 1 48 85 0.806303 0.807078 0.345861 0.616936 0.704743 0.881391 25.9167 23.2335 63.667 73.8107 25.7205 23.792
350 75 10000 370 381 0 0 39 66 0.762419 0.826672 0 0 0.877329 0.796345 26.3341 23.5072 0 0 24.7169 26.1355
350 125 10000 249 234 0 1 39 44 0.797032 0.784976 0 0.54422 0.774738 0.856913 25.3719 24.2252 0 76.3794 26.2865 24.9058
350 150 10000 183 176 1 0 32 30 0.835302 0.765114 0.362911 0 0.6007 0.947438 25.4919 25.6218 48.392 0 27.6265 25.3132
350 175 10000 140 140 0 0 36 23 0.870035 0.693403 0 0 0.642637 0.720413 24.9014 23.0368 0 0 25.2991 26.6268
350 200 10000 118 84 0 0 20 14 0.756226 0.808203 0 0 0.733158 0.803449 24.9494 26.1999 0 0 26.9727 24.8621
350 225 10000 82 46 1 1 12 12 0.722459 0.867877 0.799131 0.728965 0.90423 0.731128 28.3714 28.0792 43.4177 40.0489 30.6462 28.6754
350 250 10000 59 22 0 0 11 5 0.840727 0.845635 0 0 0.704668 0.934389 26.5168 28.1112 0 0 24.0822 27.7242
350 275 10000 41 15 1 0 4 4 0.654256 0.644818 0.560037 0 0.825169 0.78546 25.6485 32.6415 40.4658 0 42.556 26.0017
350 300 10000 13 0 0 0 2 0 0.781752 0 0 0 0.690311 0 28.1388 0 0 0 48.5504 0
375 50 10000 556 517 6 0 54 105 0.788684 0.844813 0.534709 0 0.891631 0.730929 25.6161 22.0035 22.9347 0 25.3402 22.8869
375 75 10000 531 496 0 0 50 82 0.772435 0.805973 0 0 0.741725 0.796025 25.7302 22.3291 0 0 28.68 23.6827
375 100 10000 451 426 0 0 45 77 0.77212 0.82668 0 0 0.792908 0.840116 26.147 22.2933 0 0 28.8859 25.5023
375 125 10000 350 343 1 1 44 71 0.784747 0.828059 0.79806 1.3849 0.736227 0.707077 25.7648 22.7061 40.2187 26.7086 29.3723 27.5082
375 150 10000 285 280 2 0 30 51 0.828835 0.765797 0.791383 0 0.819873 0.853106 24.8921 24.0814 23.4911 0 25.9044 23.8564
375 175 10000 195 214 1 0 35 33 0.790236 0.783265 0.71389 0 0.720036 0.853114 25.0906 22.6006 22.1874 0 26.0079 25.6455
375 200 10000 146 124 1 0 29 32 0.863293 0.870271 0.453921 0 0.657943 0.797892 26.2225 23.3381 21.0236 0 29.9145 30.686
375 225 10000 119 87 1 0 32 12 0.744089 0.801631 0.544784 0 0.697423 1.10302 25.7942 26.615 33.7225 0 26.9115 34.4357
375 250 10000 96 55 0 1 19 13 0.853443 0.69737 0 0.360099 0.79992 0.973326 25.3881 25.6369 0 46.2959 23.1545 30.253
375 275 10000 75 25 0 0 7 8 0.755276 0.80282 0 0 1.05844 1.04681 24.5053 29.6622 0 0 27.6258 27.4313
375 300 10000 33 13 0 0 7 10 0.730907 0.782102 0 0 0.562389 0.492818 28.5337 32.6872 0 0 30.5535 38.6707
375 325 10000 10 2 0 0 2 2 0.892562 0.884415 0 0 0.541695 0.499733 25.117 29.366 0 0 39.7711 27.7769
400 50 10000 786 587 0 3 91 133 0.81751 0.825851 0 0.522838 0.719807 0.777644 23.9445 21.998 0 73.1714 25.3396 24.786
400 75 10000 720 575 2 1 75 120 0.757379 0.787916 0.867874 0.455943 0.650682 0.776793 24.9593 21.9651 34.2506 102.178 28.4761 25.9612
400 100 10000 595 501 0 0 70 95 0.798731 0.809801 0 0 0.737389 0.788544 25.1827 22.1477 0 0 24.5544 24.6318
400 125 10000 558 504 3 0 59 79 0.781 0.771081 0.483338 0 0.663828 0.867265 25.9367 22.4196 24.0893 0 25.4973 25.7832
400 150 10000 419 366 1 1 34 74 0.797236 0.786564 1.5036 2.02621 0.845273 0.772578 27.6027 22.4527 22.8704 39.3244 28.111 22.8511
400 175 10000 331 295 1 1 39 51 0.750437 0.772127 0.785315 1.01331 0.732715 0.684843 25.7701 23.5101 73.1222 56.059 28.7457 23.6785
400 200 10000 245 193 1 0 30 39 0.783221 0.794436 0.913833 0 0.753083 0.749052 25.3173 24.2384 25.8498 0 26.2978 23.719
400 225 10000 192 149 0 0 30 29 0.759042 0.75333 0 0 0.635657 0.575134 26.8848 25.1321 0 0 25.6863 38.8632
400 250 10000 147 93 1 0 22 28 0.689836 0.690378 0.585593 0 0.773109 0.64648 25.4753 24.4182 19.4807 0 29.7296 26.3005
400 275 10000 100 54 0 0 25 7 0.775865 0.814233 0 0 0.632761 1.42925 25.9963 24.317 0 0 25.9625 28.9605
400 300 10000 80 20 0 0 14 7 0.697159 1.07189 0 0 0.746362 0.83914 24.203 24.7852 0 0 26.7156 34.557
400 325 10000 31 14 0 0 12 0 0.842446 0.882652 0 0 0.380012 0 27.9022 30.2668 0 0 27.5353 0
400 350 10000 15 2 0 0 1 0 0.553475 0.83629 0 0 1.00861 0 27.4058 39.6502 0 0 54.1747 0
425 50 10000 1046 660 3 3 80 142 0.756769 0.797856 0.95816 0.654809 0.853953 0.836137 23.8312 22.4105 26.2357 69.8665 31.4608 23.622
425 75 10000 965 646 2 1 94 136 0.757047 0.807597 0.653491 0.562315 0.767713 0.731942 23.8101 21.8459 24.3547 28.2233 26.6755 24.6013
425 100 10000 849 664 2 0 86 118 0.7618 0.793337 1.21607 0 0.780597 0.77285 24.4843 22.3276 29.3565 0 26.7868 23.7152
425 125 10000 752 549 1 0 53 77 0.775364 0.828485 0.361553 0 0.895544 0.88868 24.5106 22.3003 31.9322 0 25.3233 28.6008
425 150 10000 596 452 2 1 53 72 0.769621 0.823904 0.623027 0.462659 0.812734 0.797843 25.3485 22.6668 51.8475 20.862 27.9827 26.5339
425 200 10000 382 284 1 2 41 50 0.769568 0.763573 0.821753 0.399451 0.790825 0.734487 23.914 24.1933 50.1891 43.5391 24.8852 29.2797
425 250 10000 193 128 0 2 21 22 0.799582 0.819613 0 0.48606 0.957768 0.850755 24.675 24.1555 0 26.8438 24.4868 26.6389
425 325 10000 82 28 0 0 13 7 0.750842 0.74257 0 0 0.688364 0.683159 24.6692 26.5767 0 0 29.3007 26.1673
425 350 10000 39 15 0 0 4 3 0.667649 0.82392 0 0 1.02848 0.586227 26.5838 31.0953 0 0 32.346 50.0868
425 375 10000 17 4 0 0 1 2 0.536992 0.319804 0 0 1.02746 0.329428 29.947 70.6724 0 0 42.4285 66.3966
450 50 10000 1250 690 5 0 120 162 0.785516 0.822396 0.464046 0 0.77599 0.742156 23.3429 21.6513 36.0382 0 24.7114 25.5754
450 75 10000 1119 623 3 2 104 149 0.804995 0.83328 0.681481 1.13766 0.789041 0.722117 23.7163 22.1895 31.2038 40.1476 25.6548 24.2025
450 100 10000 1023 700 3 5 96 122 0.815643 0.79887 0.520442 0.555538 0.822447 0.855893 23.611 21.4998 44.3376 30.4584 26.4967 23.3428
450 150 10000 859 548 1 2 72 99 0.757192 0.861737 2.29647 0.579636 0.740849 0.726131 23.7659 22.2722 30.3282 26.495 29.6985 24.6152
450 175 10000 719 478 2 1 75 78 0.805215 0.808312 1.31735 0.703836 0.631617 0.761227 24.6155 22.1668 25.4476 39.6835 25.8384 23.6317
450 225 10000 427 314 0 2 28 52 0.742966 0.801503 0 0.41045 0.764847 0.81099 25.0708 23.1478 0 53.9825 26.4224 24.9272
450 250 10000 306 234 1 2 32 28 0.713015 0.730132 0.664525 0.411653 0.881015 0.91843 25.5111 24.4737 69.4617 68.9671 25.0578 30.1948
450 275 10000 206 154 0 1 33 28 0.784867 0.772621 0 0.424236 0.692423 0.77537 24.3727 24.3494 0 49.3805 26.3992 28.7209
450 300 10000 161 102 0 0 19 21 0.82205 0.674486 0 0 0.944254 0.722589 23.4309 24.6043 0 0 26.2775 26.0034
450 325 10000 99 60 0 0 13 9 0.872254 0.663505 0 0 0.962213 1.09943 24.2884 27.9015 0 0 24.8205 31.7899
450 350 10000 90 30 0 0 13 7 0.646848 0.820176 0 0 0.718943 0.881156 26.0866 30.9773 0 0 29.3028 29.4569
450 375 10000 50 3 0 0 3 5 0.640536 2.7019 0 0 1.01418 0.306115 26.7674 24.671 0 0 47.9496 27.8951
450 400 10000 12 2 0 0 2 1 0.955823 0.62583 0 0 0.566535 0.110649 28.2652 80.8953 0 0 31.3169 339.13
475 50 10000 1436 708 3 2 147 173 0.779601 0.815737 0.650841 1.0787 0.748048 0.787765 23.4053 21.8389 39.9033 34.5778 26.8671 23.5428
475 75 10000 1377 783 3 2 146 161 0.787246 0.760816 0.45743 0.558234 0.707867 0.815998 23.4014 21.9993 26.7388 82.9969 26.3656 24.5443
475 100 10000 1271 686 4 1 123 169 0.791092 0.808468 0.548369 1.01712 0.731261 0.788304 23.474 21.5106 37.3554 65.7302 26.3233 23.8064
475 125 10000 1188 649 4 2 106 149 0.822785 0.814079 0.597242 0.194164 0.75494 0.735107 23.2234 21.4908 51.0866 288.745 25.5203 23.7834
475 150 10000 1069 624 6 2 92 134 0.795668 0.814961 0.713999 1.07537 0.749521 0.763378 23.4586 21.4324 28.961 28.5226 25.3017 23.783
475 175 10000 929 592 1 0 86 90 0.774787 0.782085 0.86189 0 0.786607 0.877865 23.7008 22.013 50.7776 0 24.1916 24.9617
475 200 10000 756 487 1 2 64 81 0.774269 0.82326 0 0.660763 0.817047 0.771747 24.1238 21.8311 7.51738e+07 73.324 25.5637 22.6623
475 225 10000 593 425 0 1 51 80 0.780842 0.766991 0 1.03368 0.754263 0.678845 25.4295 21.6214 0 48.5601 31.7531 23.736
475 325 10000 152 92 3 0 21 13 0.777557 0.734093 0.435494 0 0.727969 1.10579 25.3633 25.2271 25.8153 0 23.1221 33.5969
475 375 10000 80 34 0 0 11 7 0.742411 0.658476 0 0 0.712033 0.670015 25.8243 25.6999 0 0 24.016 25.6014
475 400 10000 42 8 0 0 3 3 0.759154 0.936284 0 0 0.657071 0.714463 25.9233 34.235 0 0 50.1961 30.8144
475 425 10000 11 2 0 0 2 0 0.819903 0.526119 0 0 0.60792 0 30.7779 60.5926 0 0 40.639 0
500 50 10000 1659 707 3 0 178 191 0.78081 0.816631 0.727424 0 0.735875 0.801654 23.2155 22.0601 25.2549 0 25.9278 23.3338
500 75 10000 1626 732 1 1 159 161 0.776491 0.805213 2.21633 1.13963 0.697116 0.845612 23.3111 22.2772 35.9127 29.8332 25.0655 24.8818
500 100 10000 1563 688 2 0 132 175 0.795658 0.842628 1.31443 0 0.779237 0.763212 23.3179 21.7499 23.2292 0 25.5521 25.8036
500 125 10000 1456 676 3 2 100 168 0.798278 0.809793 1.28454 0.537863 0.835115 0.759234 23.1436 22.0642 34.1997 55.2301 27.0015 24.2504
500 150 10000 1396 701 2 3 115 126 0.762784 0.813616 1.38854 0.420603 0.730681 0.853739 23.5595 21.6881 26.1743 40.0599 25.531 23.6297
500 175 10000 1214 671 6 0 98 130 0.774799 0.798454 0.429691 0 0.796515 0.749077 23.5068 22.2491 25.9005 0 23.741 23.5126
500 200 10000 1045 588 3 1 84 91 0.78 0.809292 0.524425 0.437798 0.792005 0.843408 23.3968 22.0078 35.209 140.024 25.762 24.6769
500 225 10000 822 512 1 1 64 82 0.769713 0.803595 1.22521 0.815026 0.805234 0.710645 23.7161 21.8735 34.8351 47.9111 23.5664 26.1165
500 250 10000 611 406 1 0 62 84 0.806156 0.777958 0.00177783 0 0.670247 0.752737 24.3707 24.0916 23.8756 0 28.1159 25.3369
500 300 10000 312 222 0 0 23 40 0.787078 0.767535 0 0 1.14746 0.887502 25.1242 22.8001 0 0 26.2448 25.3163
500 325 10000 251 156 1 1 29 28 0.704684 0.80698 0.295384 0.581639 0.849538 0.771224 23.9511 27.2021 129.147 95.3238 28.0099 27.0694
500 350 10000 178 94 1 0 20 18 0.7772 0.791143 1.11704 0 0.80983 0.864874 24.75 26.059 21.9166 0 31.3984 28.4835
500 375 10000 109 72 0 0 25 18 0.886271 0.700222 0 0 0.634508 0.701316 25.048 24.7238 0 0 23.6372 25.5512
500 425 10000 47 13 0 0 6 2 0.69623 0.753944 0 0 0.682549 1.97383 27.3373 29.6569 0 0 30.4047 30.6906
500 450 10000 16 0 0 0 1 1 0.680149 0 0 0 1.2247 0.276578 26.5196 0 0 0 25.9269 59.5819
525 50 10000 1794 728 4 4 207 204 0.764608 0.813233 0.843682 0.982125 0.743033 0.777234 23.4857 22.2607 23.3113 25.3343 25.0813 23.7915
525 75 10000 1854 723 3 0 203 208 0.774718 0.813104 1.14646 0 0.701404 0.755683 23.2283 22.1807 31.0256 0 26.5285 23.2096
525 100 10000 1739 700 3 0 174 197 0.786636 0.819486 1.31327 0 0.69588 0.759596 23.0969 22.4002 22.1483 0 27.0247 24.25
525 150 10000 1533 687 4 0 135 163 0.810622 0.820932 0.734548 0 0.784911 0.716211 22.8712 21.6008 23.36 0 24.6317 23.249
525 175 10000 1451 669 1 0 135 151 0.781458 0.812325 1.14373 0 0.775454 0.740537 23.3598 21.4075 51.3309 0 24.4687 26.0426
525 200 10000 1282 641 2 0 87 121 0.783161 0.787439 0.847065 0 0.79139 0.823237 23.3637 21.5653 60.807 0 24.9277 23.314
525 225 10000 1062 621 5 1 74 95 0.794643 0.801415 0.49063 1.29105 0.803758 0.77889 23.5417 21.7049 25.2363 22.9082 29.1521 25.6911
525 250 10000 902 496 2 2 83 86 0.781655 0.810689 0.771511 0.445275 0.761059 0.843168 23.8482 21.9406 47.8122 80.2002 25.8789 23.2772
525 275 10000 654 423 2 3 56 65 0.787414 0.761857 0.837472 0.484475 0.781617 0.949341 24.9525 22.684 37.312 41.1726 24.8968 24.727
525 300 10000 489 341 1 1 40 50 0.762517 0.763475 0.839405 0.458455 0.747004 0.903179 24.4964 23.1629 54.1267 88.7619 27.745 25.6961
525 325 10000 351 242 3 0 36 51 0.780885 0.748877 0.785941 0 0.773974 0.687885 24.833 22.7138 24.5379 0 31.3896 29.601
525 375 10000 200 101 0 0 21 11 0.763301 0.761812 0 0 0.816395 0.987645 24.1183 25.2363 0 0 24.9505 25.1154
525 425 10000 89 29 1 0 8 8 0.760226 0.729321 0.66267 0 0.799879 0.511838 25.5843 24.0457 22.0063 0 42.2519 41.6325
525 450 10000 47 14 0 0 8 2 0.742707 0.625033 0 0 0.431771 1.54531 29.8322 25.7083 0 0 38.5483 40.8438
525 475 10000 10 0 0 0 2 1 1.0462 0 0 0 0.49399 0.567866 28.5362 0 0 0 34.1298 76.6574
550 50 10000 2025 693 2 2 218 211 0.772123 0.822482 1.2894 1.12609 0.764219 0.775396 23.5222 23.1023 40.6015 27.8086 25.4035 24.4345
550 75 10000 1980 676 5 1 234 203 0.788728 0.860511 0.911498 2.1785 0.666421 0.808197 23.2325 22.5691 23.783 37.6118 25.5711 25.2807
550 125 10000 1860 668 3 4 179 173 0.791317 0.861014 1.15809 0.57644 0.702996 0.791808 23.2586 21.9819 27.8978 32.0374 25.1416 23.4879
550 150 10000 1828 694 5 2 166 166 0.785994 0.818464 0.99394 0.438937 0.790783 0.743838 23.332 22.2041 24.8999 32.3965 24.2075 25.9052
550 175 10000 1682 666 3 2 160 147 0.799964 0.828329 0.692151 0.635616 0.757195 0.876749 23.0681 21.5944 25.4054 52.4586 25.7886 22.9068
550 200 10000 1567 684 4 0 119 146 0.777088 0.812029 0.557176 0 0.817598 0.738303 22.9281 21.4578 44.9404 0 25.2687 24.2925
550 225 10000 1333 629 1 0 100 124 0.787726 0.795754 2.71415 0 0.744424 0.807822 23.1954 22.0539 34.5867 0 24.7682 23.6893
550 250 10000 1086 584 3 1 85 112 0.777856 0.807316 0.841464 1.0197 0.783404 0.77729 23.4705 22.0349 42.8041 81.9769 26.3313 22.5462
550 275 10000 874 531 3 0 66 73 0.769234 0.795415 0.923988 0 0.801467 0.847346 24.3959 22.5307 22.9615 0 26.5156 25.3126
550 325 10000 498 302 1 0 39 53 0.821543 0.815345 1.36842 0 0.746134 0.703712 23.8079 22.9444 22.2122 0 27.3108 24.1191
550 350 10000 343 236 2 0 38 40 0.782616 0.837657 0.625154 0 0.768046 0.78464 24.647 23.6832 58.8982 0 28.7639 24.1632
550 375 10000 269 138 0 0 39 27 0.728394 0.837958 0 0 0.633473 0.743951 24.8269 24.419 0 0 25.9583 25.1138
550 400 10000 181 84 1 0 21 18 0.85715 0.853139 0.455141 0 0.814051 0.907404 25.3777 25.0947 20.9766 0 24.723 22.3274
550 450 10000 93 24 0 0 19 7 0.749113 0.80816 0 0 0.698634 0.697472 25.3909 29.3143 0 0 24.9164 23.5106
550 475 10000 30 4 1 0 10 3 0.8746 1.57513 0.214822 0 0.606584 0.485173 27.6081 36.2209 25.1982 0 30.6789 40.3696
550 500 10000 12 3 0 0 2 0 0.738155 0.573503 0 0 0.494078 0 31.9977 33.066 0 0 78.6636 0
575 50 10000 2166 648 6 0 249 220 0.777953 0.835752 0.592571 0 0.697478 0.772805 23.5452 22.8906 26.8428 0 26.0971 24.2536
575 75 10000 2130 659 3 4 209 220 0.78526 0.817232 1.1978 0.847006 0.765712 0.71309 23.3965 22.8038 30.4902 31.9473 24.8158 24.0444
575 100 10000 2120 670 3 1 213 166 0.786491 0.819904 0.927093 0.84565 0.774647 0.807444 23.1945 22.7532 27.4829 32.8545 25.1992 24.4543
575 125 10000 2120 692 3 0 200 188 0.789909 0.793769 0.93595 0 0.750141 0.786485 22.9795 22.5322 39.1062 0 25.6226 24.155
575 150 10000 2009 652 4 5 196 202 0.792349 0.822841 0.948178 0.429356 0.703749 0.742768 23.0506 22.3211 30.2834 37.7327 26.0269 24.2851
575 200 10000 1775 674 4 2 168 144 0.791949 0.815906 0.682527 0.582578 0.69646 0.785108 22.9725 21.5358 26.1642 55.903 26.455 25.4386
575 225 10000 1681 688 6 2 121 125 0.763808 0.80623 0.761778 1.11611 0.791984 0.863308 22.9863 21.4678 22.1435 25.14 25.3487 23.7173
575 250 10000 1398 660 3 1 104 134 0.788173 0.77287 0.957488 0.608774 0.754487 0.789956 23.2958 21.4121 30.4099 75.8381 26.0498 24.8799
575 375 10000 395 232 0 0 28 39 0.77195 0.755581 0 0 0.85112 0.856576 24.2889 23.7118 0 0 29.763 30.1104
575 400 10000 279 146 0 0 25 22 0.779272 0.792932 0 0 0.809247 0.837114 25.0137 24.402 0 0 23.7971 26.2094
575 450 10000 128 58 0 1 20 9 0.728023 0.847485 0 0.380511 0.685532 0.749891 25.0399 28.8006 0 58.9707 25.7168 26.2829
575 475 10000 75 36 0 0 16 7 0.794191 0.661674 0 0 0.521104 0.964259 27.5802 29.7122 0 0 26.4306 27.1044
575 525 10000 9 1 0 0 1 0 0.766721 1.07001 0 0 0.650458 0 26.1912 55.8144 0 0 24.638 0
600 75 10000 2254 679 8 2 221 216 0.783946 0.798692 0.568531 0.289796 0.722418 0.756579 23.604 23.3289 30.1252 88.7555 27.1892 24.5171
600 100 10000 2342 617 4 3 220 201 0.770007 0.889169 0.783984 0.231369 0.731026 0.741541 23.2658 22.9021 25.5656 39.9705 24.9951 26.1267
600 125 10000 2195 651 8 1 224 216 0.772286 0.852339 0.640264 1.66145 0.702806 0.698495 23.421 22.8738 32.9214 41.5956 25.2618 23.7201
600 150 10000 2137 693 3 1 219 169 0.787057 0.822381 0.822634 0 0.733024 0.731898 23.1986 22.3233 47.9154 7.27655e+07 25.5456 24.1313
600 175 10000 2097 633 8 3 202 170 0.800904 0.835286 0.523974 0.623721 0.689806 0.786409 22.9428 22.1984 25.3208 49.625 24.7815 24.3183
600 200 10000 1991 683 7 0 180 176 0.79046 0.828004 0.549841 0 0.737624 0.783526 22.7712 21.8806 23.4175 0 25.7585 23.1183
600 225 10000 1913 626 2 0 169 151 0.764778 0.829757 0.854937 0 0.703306 0.823467 22.8852 21.8419 31.4636 0 25.4606 23.9388
600 250 10000 1691 628 3 0 117 141 0.797906 0.818334 0.76639 0 0.841987 0.789826 22.8955 21.6883 35.6385 0 25.333 24.049
600 275 10000 1565 660 4 1 103 108 0.756594 0.807589 0.55674 2.34984 0.766111 0.803634 23.1479 21.5656 43.6777 70.7251 27.6671 23.6724
600 300 10000 1247 574 1 4 99 101 0.807555 0.808001 1.52971 0.620566 0.783535 0.759087 23.1942 21.5306 41.1298 24.5908 25.5219 24.6272
600 325 10000 1040 543 2 1 82 78 0.751431 0.765596 0.414392 1.91434 0.666264 0.847158 23.6171 21.9226 55.7998 28.8557 27.3955 23.5855
600 350 10000 788 456 2 1 56 83 0.773944 0.779377 0.552147 1.44413 0.642966 0.703072 23.9694 21.6748 47.2151 63.2909 26.6648 25.1545
600 400 10000 400 224 2 2 43 40 0.781265 0.83924 0.630022 0.650035 0.64626 0.730398 24.0856 23.2994 43.2513 52.0631 22.8295 25.8298
600 425 10000 296 178 1 1 37 27 0.741597 0.742036 1.21266 0.402021 0.630884 0.886011 24.6567 22.9507 22.8259 22.1792 29.5791 23.8447
600 450 10000 190 98 2 0 26 17 0.779058 0.709258 0.463205 0 0.785788 0.790828 24.8789 25.7756 23.1943 0 23.8628 28.1551
600 475 10000 131 51 0 0 22 11 0.813874 0.731042 0 0 0.766263 0.886177 24.5663 28.4664 0 0 23.7587 26.1298
600 525 10000 41 10 0 0 2 2 0.760917 0.72474 0 0 1.54061 0.9322 26.5324 29.3857 0 0 30.3437 59.7589
600 550 10000 12 0 0 0 3 1 0.71021 0 0 0 0.231461 0.481721 31.4274 0 0 0 38.3284 46.97
625 50 10000 2416 606 5 2 290 252 0.747353 0.815364 0.700907 0.836124 0.707355 0.681861 23.9695 24.2498 27.27 34.6287 26.273 25.2258
625 75 10000 2420 572 8 2 262 219 0.770065 0.855208 0.631794 0.539603 0.756287 0.753594 23.8231 23.7637 24.4844 40.1117 26.5041 25.7535
625 100 10000 2394 657 10 5 299 204 0.778571 0.7771 0.731905 0.613364 0.678139 0.724103 23.5098 23.3384 24.6995 35.2196 25.9503 26.1464
625 125 10000 2371 612 8 1 269 193 0.787878 0.817545 0.923013 0.838759 0.710893 0.701703 23.591 23.4586 23.2265 37.0199 26.0343 25.437
625 150 10000 2395 667 5 4 220 191 0.785855 0.811933 0.775083 0.512012 0.767139 0.723457 23.3086 22.7691 23.8525 26.1921 25.6895 24.9184
625 175 10000 2293 657 6 4 236 170 0.78141 0.859783 0.884384 0.275434 0.727126 0.811769 23.0529 22.7157 27.3778 56.7433 25.8681 24.7097
625 200 10000 2183 638 4 2 180 182 0.79319 0.834627 0.548867 0.558421 0.70281 0.751728 23.0741 22.2493 23.6179 32.2157 24.7706 23.6785
625 225 10000 2014 660 9 3 170 154 0.809128 0.797962 0.405087 0.574034 0.685284 0.802927 23.1624 22.8449 30.8088 39.8639 25.955 24.4484
625 275 10000 1724 696 4 0 131 161 0.792707 0.792975 0.889421 0 0.781755 0.753127 22.9918 21.6582 25.6139 0 24.6604 23.4089
625 300 10000 1551 633 2 2 116 107 0.79726 0.786662 0.89676 0.775188 0.734569 0.814657 23.0099 21.5427 26.1343 41.7161 25.3987 23.8066
625 325 10000 1311 581 3 2 97 125 0.795307 0.833324 0.710246 1.04002 0.749283 0.746431 23.1448 21.6423 32.0801 36.5625 24.5723 23.075
625 350 10000 1017 523 5 0 77 75 0.779178 0.798026 0.514221 0 0.704034 0.866643 23.7536 21.8468 25.1771 0 24.6779 25.184
625 375 10000 794 420 3 3 70 43 0.769565 0.790129 0.785283 0.834071 0.685361 1.02505 23.3877 22.6879 69.3623 53.7622 25.9107 25.7313
625 400 10000 581 338 0 1 49 49 0.743028 0.78614 0 0.719892 0.733583 0.85941 24.0875 22.3798 0 39.2359 25.6389 28.0016
625 500 10000 129 53 1 1 15 7 0.802634 0.786419 0.394357 0.469776 0.72167 0.729863 26.3232 25.5593 25.8822 102.167 25.2859 46.8295
625 525 10000 98 28 0 0 7 3 0.709885 0.667443 0 0 0.971281 1.48885 27.4444 24.2105 0 0 28.9139 29.0283
625 575 10000 6 1 0 0 1 0 1.32664 1.9149 0 0 0.651893 0 28.6696 30.9404 0 0 23.6299 0
650 50 10000 2542 525 3 1 329 219 0.768685 0.823691 0.775951 1.65446 0.658221 0.757609 24.1479 25.1042 25.487 45.4429 26.2451 25.4539
650 75 10000 2531 538 2 0 320 218 0.767132 0.817552 1.21601 0 0.68319 0.786891 23.9859 24.086 35.9935 0 25.9803 25.5546
650 100 10000 2471 623 4 0 274 239 0.774656 0.785083 0.962924 0 0.705978 0.730992 24.0716 23.8295 32.4573 0 26.3156 25.4827
650 125 10000 2502 617 4 2 270 227 0.788762 0.820035 0.796126 0.323105 0.676516 0.748286 23.6827 24.5399 28.935 39.2022 26.0524 24.5078
650 150 10000 2494 576 4 1 295 197 0.772107 0.824599 0.629615 1.30063 0.691872 0.744554 23.6391 23.2242 25.9475 52.8809 25.3904 24.5841
650 200 10000 2341 633 4 3 204 166 0.794436 0.786772 0.744622 0.617339 0.744942 0.758851 23.2273 22.7416 41.8472 34.7381 25.2505 26.4749
650 300 10000 1807 623 4 2 128 114 0.777653 0.845692 0.873278 0.513115 0.801975 0.834998 22.933 21.631 27.2988 30.7049 26.3536 24.0586
650 325 10000 1601 636 2 1 108 119 0.771992 0.808663 0.878931 0.162867 0.782474 0.826192 23.1856 21.3998 27.1003 25.053 24.0947 23.0784
650 375 10000 1121 554 3 1 75 90 0.736611 0.785104 0.318949 1.53957 0.790234 0.743455 24.0221 22.3864 27.7675 43.5613 24.6093 24.8944
650 425 10000 557 354 4 0 48 54 0.762342 0.752053 0.491047 0 0.695911 0.797248 24.7044 23.0304 36.3464 0 28.7168 24.6193
650 500 10000 191 97 2 1 25 12 0.780736 0.778685 0.443711 0.596869 0.903393 0.950741 25.5833 25.6482 23.0269 22.7932 23.6754 38.2776
650 525 10000 133 66 1 0 12 5 0.815892 0.751854 0.822604 0 0.910916 1.5278 25.9233 25.167 20.1973 0 24.0666 35.9568
650 550 10000 82 20 0 0 13 8 0.760157 0.937625 0 0 0.730657 0.743763 26.3618 32.2259 0 0 25.1696 22.6242
650 575 10000 32 10 0 0 3 3 0.857162 0.722583 0 0 0.703171 0.600716 29.6044 26.851 0 0 24.3994 29.7716
650 600 10000 11 2 0 0 1 1 0.90283 0.432775 0 0 0.868311 0.229289 27.7936 30.2343 0 0 28.8967 176.5
675 50 10000 2624 531 11 1 350 220 0.745625 0.798189 0.620142 0.986907 0.648563 0.750301 24.4082 24.5055 25.601 43.2089 26.5252 26.0765
675 75 10000 2688 555 7 2 306 267 0.745871 0.802723 0.559827 0.311515 0.700212 0.679712 24.3259 23.8793 38.3344 46.4538 27.0109 25.4425
675 100 10000 2604 533 4 0 323 213 0.772279 0.797333 0.93087 0 0.701319 0.738083 23.9944 24.4363 33.2211 0 26.2595 25.4445
675 125 10000 2625 566 9 2 301 194 0.760532 0.81064 0.548876 0.942039 0.689666 0.770871 24.0112 23.9199 34.8662 22.6081 26.3548 25.774
675 200 10000 2561 583 4 1 208 168 0.77147 0.811042 0.794531 0.169493 0.719322 0.783349 23.4819 22.9849 23.8319 113.961 25.5866 24.0203
675 275 10000 2163 668 3 2 164 138 0.798817 0.820414 0.957119 0.734407 0.742896 0.827625 23.041 22.1578 27.2086 45.9899 25.4019 23.1815
675 300 10000 2020 603 7 0 173 147 0.786654 0.860126 0.76523 0 0.692905 0.740895 23.1705 22.2962 23.1927 0 25.4149 23.1365
675 325 10000 1882 676 4 0 143 114 0.803489 0.812641 0.707075 0 0.756747 0.807313 22.7918 21.552 23.347 0 24.9564 23.3399
675 400 10000 1128 538 1 2 78 77 0.779662 0.798715 3.22348 0.504629 0.788549 0.841208 23.4076 21.8056 24.2348 59.291 27.5265 25.0588
675 425 10000 797 395 2 0 52 64 0.795661 0.847163 0.432983 0 0.800305 0.839561 23.7974 22.5742 24.7854 0 26.6293 28.2807
675 450 10000 566 323 2 0 47 54 0.805114 0.794416 0.264566 0 0.808176 0.727804 24.5108 22.1785 81.7996 0 23.7712 26.4838
675 500 10000 266 167 1 0 39 24 0.855452 0.709523 0.761256 0 0.655404 0.748163 23.9249 22.6021 34.5051 0 25.0953 31.1909
675 525 10000 210 98 0 2 23 16 0.800555 0.723495 0 0.396782 0.652419 0.708614 24.9498 24.143 0 54.3467 27.8105 25.0178
675 550 10000 135 63 2 0 16 9 0.794309 0.656271 0.411899 0 0.776133 0.703316 25.5306 23.0897 59.502 0 26.2124 44.5883
675 575 10000 97 23 1 0 16 7 0.781208 0.696426 0.437428 0 0.559113 0.612941 25.621 30.8537 21.7178 0 34.7448 24.4668
675 600 10000 29 8 0 0 3 1 0.912794 0.804114 0 0 1.31114 1.36102 28.0452 27.8057 0 0 29.0239 30.9578
675 625 10000 10 2 0 0 1 0 0.988035 0.845485 0 0 0.492817 0 29.4523 40.7992 0 0 56.6255 0
700 100 10000 2770 514 3 2 339 198 0.754276 0.79247 0.764383 0.698106 0.711003 0.747417 24.3447 24.8928 29.996 40.414 26.1854 25.7572
700 150 10000 2716 550 4 2 311 202 0.766849 0.816313 0.953676 0.176095 0.63294 0.718451 24.0197 23.7644 25.6484 41.6559 26.4321 25.2564
700 175 10000 2722 544 6 2 293 194 0.766191 0.864415 0.780061 0.435673 0.685134 0.744704 23.8776 23.8666 26.4601 21.208 25.5314 24.8389
700 250 10000 2527 603 4 2 234 159 0.769026 0.85681 0.775826 0.41879 0.710095 0.864272 23.3284 22.4599 22.5832 58.6996 25.4529 24.5947
700 300 10000 2285 625 5 1 189 155 0.786192 0.822735 0.775856 0.457855 0.711078 0.77399 22.9477 21.9288 23.3981 21.1595 24.0801 24.4736
700 375 10000 1668 642 3 1 99 101 0.786624 0.822164 1.03209 0.814735 0.812519 0.763112 23.0213 22.4122 29.364 26.3946 24.8576 28.2712
700 400 10000 1398 575 3 0 107 95 0.783643 0.801749 1.17989 0 0.729451 0.841481 23.1196 21.5523 24.4134 0 24.3568 24.1673
700 425 10000 1131 519 1 1 73 81 0.78096 0.814383 1.54974 0.87948 0.742949 0.810521 23.5732 22.1991 47.0865 58.574 28.0239 22.8684
700 450 10000 849 431 6 1 46 75 0.785652 0.779376 0.722109 0.377381 0.745185 0.701872 23.7367 21.6644 35.9982 180.248 25.0868 25.4914
700 475 10000 536 347 2 1 44 52 0.825069 0.776152 0.70044 0.557489 0.873766 0.731432 24.3922 21.9271 22.0722 36.7436 24.9716 24.1456
700 525 10000 265 139 1 0 25 27 0.824302 0.728744 0.407322 0 0.765662 0.65074 24.3257 23.896 65.0991 0 31.4708 27.472
700 600 10000 85 18 0 0 6 6 0.743285 0.909289 0 0 0.989738 0.732506 26.2263 35.1642 0 0 30.7243 34.9941
700 625 10000 39 14 0 0 0 2 0.925433 0.625316 0 0 0 0.958112 26.6636 32.1646 0 0 0 29.7027
700 650 10000 8 2 0 0 0 0 1.18306 0.672336 0 0 0 0 28.7343 54.7221 0 0 0 0
725 75 10000 2821 496 5 0 401 229 0.730909 0.757337 0.617627 0 0.633989 0.680547 24.7943 24.9994 25.4055 0 26.8268 26.68
725 100 10000 2866 501 5 1 375 195 0.738788 0.788967 0.501986 0.297641 0.674694 0.714105 24.6856 24.905 24.8196 59.3468 26.8118 27.8663
725 125 10000 2857 529 11 1 338 198 0.730551 0.774432 0.744684 1.25371 0.700819 0.797771 24.4817 24.5169 28.3296 43.139 26.7092 26.0498
725 150 10000 2799 501 0 1 320 205 0.758819 0.789991 0 0.418471 0.686095 0.733035 24.2966 25.7775 0 98.6924 25.9508 25.2176
725 200 10000 2746 553 7 0 298 177 0.762771 0.785053 0.529156 0 0.682666 0.832812 24.0187 23.8983 25.096 0 26.2967 24.7724
725 225 10000 2769 545 9 1 285 192 0.758924 0.814845 0.862335 0.729522 0.68551 0.69038 23.562 23.519 26.4141 56.171 25.6312 23.9186
725 250 10000 2682 593 3 0 234 178 0.77072 0.835001 0.835501 0 0.730858 0.726851 23.4837 22.582 34.588 0 25.6205 24.4295
725 275 10000 2537 583 7 1 234 180 0.791886 0.810515 0.610608 0.312206 0.702742 0.790012 23.2775 22.5909 36.0721 202.047 25.3632 24.4144
725 325 10000 2241 659 3 1 143 157 0.803037 0.817955 0.742542 0.643739 0.827708 0.741897 22.9351 22.4105 33.7478 96.6016 25.2786 23.7654
725 350 10000 2198 614 5 0 145 163 0.78507 0.844532 0.968893 0 0.704676 0.698159 22.8928 21.9469 27.8361 0 25.9758 24.1045
725 375 10000 1951 649 5 2 141 128 0.78152 0.803691 0.900592 0.79686 0.777292 0.765192 22.821 21.5995 24.9511 37.4988 25.3697 23.679
725 400 10000 1657 636 2 2 113 121 0.793959 0.825308 1.50458 0.535714 0.698128 0.786984 22.8605 21.7929 40.4259 52.4468 25.3325 22.6423
725 425 10000 1406 607 3 2 90 113 0.77614 0.799511 1.28422 0.710848 0.680423 0.700924 23.3102 21.3928 26.2345 26.5063 25.9089 25.156
725 450 10000 1136 525 4 1 65 88 0.775162 0.787765 0.61619 0.448387 0.764344 0.772068 23.4004 21.3913 36.8821 177.983 24.5864 25.0684
725 475 10000 867 433 1 1 58 74 0.76343 0.774343 1.50821 0.452098 0.791856 0.771873 23.4154 22.0974 38.0689 38.9883 25.4152 27.4924
725 550 10000 274 155 4 1 38 18 0.80408 0.784653 0.438442 0.403191 0.727211 0.743541 25.0716 22.4851 21.8225 29.9984 24.1573 33.5314
725 575 10000 186 91 0 1 23 15 0.8019 0.709578 0 0.373593 0.576023 0.661628 24.0019 30.2592 0 74.4979 27.5442 22.1478
725 600 10000 153 50 2 0 11 6 0.717398 0.716245 0.20104 0 0.9271 0.687214 24.249 24.1183 94.5756 0 25.3547 44.469
725 650 10000 44 19 0 0 4 2 0.638381 0.500585 0 0 0.670146 1.10599 30.0137 26.3861 0 0 37.2507 32.362
725 675 10000 5 4 0 0 2 0 1.68868 0.657382 0 0 0.298722 0 32.062 28.0722 0 0 30.0513 0
750 50 10000 2868 458 3 2 443 211 0.733462 0.738304 0.933786 0.290729 0.598421 0.683428 25.3044 25.8089 33.435 64.9909 27.0596 27.6583
750 75 10000 2901 432 3 1 384 224 0.726685 0.777972 0.966638 1.4391 0.688032 0.706963 25.1343 25.2596 34.2248 47.2729 26.762 26.7656
750 125 10000 2909 515 5 2 367 209 0.732651 0.753686 0.584411 0.312032 0.632416 0.724123 24.6328 24.7441 27.5747 70.5765 27.2071 27.0709
750 150 10000 2881 468 13 0 338 193 0.740927 0.817098 0.589165 0 0.744285 0.752325 24.6132 25.3057 24.8576 0 26.5263 26.3349
750 175 10000 2866 533 3 0 339 205 0.759238 0.780395 1.46437 0 0.663405 0.629437 24.3547 25.0598 25.6327 0 26.2487 25.8101
750 200 10000 2910 529 7 1 325 187 0.742647 0.809897 1.11788 1.52239 0.6738 0.737714 24.1558 23.6681 25.5585 38.5636 25.6461 25.3268
750 250 10000 2718 563 9 1 251 203 0.769971 0.830248 0.458586 2.21762 0.717833 0.704054 23.804 23.3764 27.6032 44.64 25.0708 25.1705
750 275 10000 2746 505 9 0 257 157 0.780247 0.859628 0.582811 0 0.713302 0.843935 23.5606 22.8277 26.4392 0 25.718 25.6743
750 325 10000 2539 596 4 0 197 189 0.776962 0.816307 0.748798 0 0.752094 0.770223 23.0772 23.02 27.1574 0 26.7276 23.287
750 350 10000 2322 661 2 2 181 131 0.796741 0.803241 1.57434 0.809065 0.788745 0.841241 23.2085 22.3445 47.3088 71.1392 25.7482 23.5578
750 375 10000 2217 638 6 3 166 160 0.768821 0.804323 0.846036 0.709313 0.705793 0.759416 22.8847 21.9391 26.6783 59.6996 25.3643 24.0714
750 400 10000 2055 625 7 1 122 121 0.788447 0.802985 0.683171 1.78717 0.764294 0.788083 22.9015 21.9437 34.7786 38.2136 25.0426 23.9914
750 425 10000 1743 621 4 2 128 116 0.775639 0.83422 0.611228 0.376891 0.72725 0.761866 23.0594 21.2546 31.0566 32.664 24.5811 23.7351
750 475 10000 1220 513 4 2 73 85 0.745923 0.815226 0.566865 0.656209 0.775662 0.779793 23.6588 21.4295 34.8778 71.4689 25.3298 27.9991
750 550 10000 440 232 1 0 31 37 0.763873 0.776821 1.0699 0 0.803811 0.680237 24.3148 24.3901 23.8196 0 27.3834 29.6194
750 575 10000 306 152 0 0 18 24 0.755733 0.785393 0 0 0.882092 0.693826 24.3031 23.7848 0 0 27.5742 26.5202
750 625 10000 146 42 1 1 14 8 0.740687 0.90272 0.305364 0.506952 0.591493 0.547132 24.8775 23.8218 101.019 101.918 30.797 36.189
750 675 10000 24 6 0 0 4 1 1.20331 0.846415 0 0 0.412487 1.21131 29.6605 47.4481 0 0 58.0545 47.8082
750 700 10000 4 1 0 0 1 0 1.64227 1.15695 0 0 0.411407 0 33.9817 76.244 0 0 43.0159 0
775 75 10000 2985 417 8 0 390 226 0.719762 0.750792 0.417836 0 0.642277 0.65237 25.5753 25.7333 28.7681 0 27.8275 27.9069
775 100 10000 2961 405 9 1 412 204 0.72433 0.771431 0.685424 0.558398 0.633208 0.712301 25.3127 25.9195 29.1194 97.2633 27.2195 27.3914
775 125 10000 2936 439 5 0 400 210 0.737783 0.766019 1.01875 0 0.658367 0.685422 24.9795 25.7101 34.3758 0 27.5713 27.067
775 150 10000 2958 437 4 0 380 205 0.735113 0.789771 0.937046 0 0.659369 0.683885 24.9006 24.8359 32.8503 0 26.4572 26.6131
775 200 10000 3008 463 3 1 337 166 0.736496 0.808961 0.458544 0.462104 0.702535 0.784937 24.3706 24.388 36.4275 209.354 26.6263 26.0895
775 225 10000 2935 496 6 0 298 180 0.763246 0.832667 0.696943 0 0.714014 0.786087 24.2984 24.3445 29.2281 0 25.745 25.2419
775 250 10000 2919 505 4 2 311 188 0.757896 0.799264 0.653725 0.496854 0.66808 0.793724 23.9514 24.0892 32.9132 64.6452 25.9635 26.4289
775 275 10000 2798 549 3 0 268 183 0.775405 0.786361 1.16473 0 0.682048 0.764614 23.784 23.7885 30.4605 0 25.5224 24.4343
775 300 10000 2653 567 9 0 265 195 0.781539 0.807037 0.784786 0 0.710248 0.787527 23.6241 23.1286 25.9007 0 26.0412 25.5295
775 400 10000 2265 666 4 2 167 114 0.792181 0.802653 1.09201 0.229094 0.719782 0.814413 22.8733 21.9395 35.783 236.587 24.6341 23.9526
775 450 10000 1789 609 4 3 124 98 0.780033 0.819235 0.414215 0.584846 0.796888 0.792855 22.9242 21.4848 49.9092 37.661 24.9028 25.562
775 475 10000 1491 601 3 0 97 114 0.78564 0.817958 1.30294 0 0.641932 0.814159 23.3623 21.2928 27.2331 0 29.5259 22.6502
775 500 10000 1179 524 1 0 85 90 0.778875 0.799518 1.97928 0 0.638667 0.747437 23.6847 21.3331 25.8182 0 27.4839 23.6167
775 525 10000 896 435 4 0 56 77 0.780496 0.787888 0.48101 0 0.712342 0.678896 23.5577 22.0339 41.6641 0 26.2967 26.2485
775 550 10000 583 300 2 0 52 51 0.805863 0.786538 1.00713 0 0.703417 0.692377 23.9799 22.7447 35.2374 0 25.4439 26.7284
775 650 10000 115 65 0 0 12 10 0.895254 0.606596 0 0 0.787298 0.680681 24.4891 27.1063 0 0 25.4194 29.8476
775 675 10000 85 15 0 0 10 7 0.757964 0.953564 0 0 0.43755 0.637714 25.5458 31.4377 0 0 33.6943 55.4822
775 700 10000 38 9 1 0 3 1 0.725074 0.776266 0.55492 0 0.374066 0.41007 26.842 25.2734 24.6745 0 70.8012 71.1924
775 725 10000 9 2 0 0 0 1 0.957867 0.295986 0 0 0 0.284749 26.3188 44.6198 0 0 0 127.921
800 75 10000 3046 409 5 2 462 197 0.693068 0.761485 0.69626 0.380465 0.619035 0.66628 26.0165 26.0281 27.4373 48.7395 27.878 28.6577
800 100 10000 2969 396 4 3 404 209 0.71123 0.802754 1.3712 0.292271 0.65046 0.645661 25.7855 26.3789 28.2607 91.5767 27.9052 27.3232
800 200 10000 2949 426 7 0 358 200 0.747229 0.828545 0.651102 0 0.66848 0.720718 24.7843 24.3876 29.773 0 26.8776 25.7604
800 225 10000 2961 481 6 1 350 199 0.744339 0.816685 0.758399 0.772599 0.657836 0.676284 24.5267 24.8981 33.1301 67.055 26.5612 25.5868
800 275 10000 2945 490 4 0 315 198 0.757331 0.776729 1.62051 0 0.675143 0.767165 24.0191 23.6867 29.3128 0 26.2214 24.8309
800 300 10000 2913 540 6 3 260 156 0.763493 0.773252 0.601279 0.515391 0.708515 0.729606 23.8256 23.65 29.4793 38.636 26.2134 25.746
800 325 10000 2873 573 3 1 289 169 0.751933 0.78862 1.02049 0.457564 0.706281 0.73102 23.6977 23.1146 31.9496 99.1185 25.6047 25.2438
800 400 10000 2416 608 7 3 169 149 0.783662 0.830205 0.68192 0.825854 0.749958 0.797802 23.1248 22.2689 27.1858 36.0704 24.9296 24.8181
800 425 10000 2307 572 8 0 164 128 0.773607 0.857939 0.726169 0 0.790461 0.772338 22.8507 21.7799 22.827 0 25.1141 23.4801
800 500 10000 1561 593 4 1 93 98 0.78255 0.802408 0.936511 0.787941 0.720265 0.766421 23.1257 20.9239 31.0799 89.6401 24.8591 23.775
800 600 10000 432 242 1 2 48 27 0.784487 0.774099 0.43259 0.54848 0.664207 0.724347 24.7929 24.2049 79.2003 20.6844 25.0193 34.3516
800 625 10000 303 133 1 0 32 19 0.786654 0.873144 0.687272 0 0.643894 0.774133 24.3436 23.3488 32.3805 0 23.8088 33.7776
800 650 10000 191 77 1 0 19 12 0.803265 0.779961 0.919777 0 0.841512 0.642687 24.0541 26.6677 22.2495 0 22.3287 29.1095
800 725 10000 36 8 0 0 3 2 0.725001 0.804333 0 0 0.812149 0.742779 26.9135 25.664 0 0 27.7373 40.8298
800 750 10000 10 1 0 0 4 0 0.862634 0.870017 0 0 0.290376 0 28.9279 78.6084 0 0 31.5552 0
825 50 10000 3053 356 3 1 463 226 0.681844 0.754184 0.889393 0.105563 0.630006 0.596231 26.3736 25.9967 29.2346 25.3203 28.3585 28.7805
825 75 10000 3009 386 9 0 450 221 0.701999 0.732308 0.515861 0 0.605066 0.626065 25.9267 26.8452 26.235 0 28.1758 28.4237
825 100 10000 3055 397 2 0 445 231 0.707922 0.738601 1.26786 0 0.589723 0.606053 25.8222 26.6059 27.3966 0 28.3858 27.8511
825 150 10000 3097 414 7 1 396 183 0.718063 0.724606 0.706618 0.202561 0.646263 0.74399 25.5426 26.5589 28.1058 234.721 27.2144 26.2169
825 175 10000 3102 414 6 0 419 166 0.726539 0.754129 0.534334 0 0.637451 0.784709 25.1712 25.8599 28.6296 0 27.5741 27.2177
825 200 10000 3099 403 8 4 401 202 0.731929 0.784661 0.421792 0.530903 0.602604 0.65778 25.0453 24.7684 33.9729 37.9939 26.8009 26.4345
825 225 10000 3074 412 5 0 368 190 0.739698 0.786781 0.891726 0 0.657006 0.75998 24.8958 25.7084 30.0571 0 26.9676 26.7445
825 250 10000 3083 424 1 0 364 157 0.735457 0.815947 6.07987 0 0.647622 0.787706 24.6223 25.9149 27.3946 0 26.1003 26.0042
825 275 10000 3047 480 4 1 311 170 0.739967 0.806968 1.62898 0.515248 0.657259 0.778937 24.433 24.1087 27.0409 48.512 26.5168 25.1101
825 300 10000 3024 477 7 1 292 175 0.747559 0.819684 0.633848 0.439364 0.709824 0.754152 24.089 24.5375 25.6171 98.8484 25.7778 25.3375
825 325 10000 2954 527 6 2 272 186 0.751986 0.808888 0.641407 0.483263 0.69169 0.697132 23.8493 23.8086 24.6167 84.1886 26.2743 24.881
825 350 10000 2897 541 4 2 266 153 0.752407 0.835181 0.682388 0.646612 0.71412 0.801888 23.7344 23.2965 23.9219 22.893 24.6077 25.8932
825 375 10000 2752 596 6 1 244 175 0.778974 0.814947 0.926425 1.11462 0.670063 0.736098 23.4797 23.2181 29.4977 155.947 24.7545 24.8933
825 425 10000 2455 601 9 4 171 145 0.776115 0.826814 0.588718 0.439214 0.743321 0.828778 23.0853 21.984 27.5396 44.2097 25.8451 23.5943
825 450 10000 2263 568 9 2 156 129 0.804252 0.829228 0.609134 0.855653 0.772138 0.787809 22.8518 22.4432 26.0017 40.4232 24.777 23.8401
825 500 10000 1836 613 4 2 115 110 0.788346 0.791301 0.87681 0.562061 0.722626 0.804969 23.0095 21.4359 41.7488 81.9598 25.4617 23.5476
825 525 10000 1543 585 5 5 103 84 0.777004 0.796904 0.714565 0.356011 0.702031 0.814056 23.0967 21.4452 25.738 72.6442 25.3389 21.6721
825 550 10000 1226 491 3 0 60 73 0.776164 0.795826 0.77014 0 0.840561 0.858578 23.031 21.1643 26.4794 0 26.8841 24.9613
825 575 10000 907 441 0 2 52 72 0.761784 0.777282 0 0.413064 0.86659 0.708574 23.7469 21.7788 0 21.4814 29.0286 28.0816
825 600 10000 658 305 3 1 47 40 0.749714 0.817255 0.603478 1.1231 0.751272 0.859447 24.2163 23.1651 26.4758 48.056 25.8028 26.595
825 625 10000 434 245 0 2 34 33 0.767532 0.789791 0 0.588583 0.731317 0.790167 25.2022 23.705 0 38.2812 27.9688 24.6575
825 700 10000 136 49 1 0 17 13 0.752994 0.815518 0.406628 0 0.7186 0.644224 23.8333 24.0618 20.7156 0 26.2772 29.0875
825 725 10000 75 21 1 0 6 2 0.755144 0.815694 0.368593 0 0.663815 0.560577 27.1377 26.9664 21.7954 0 27.418 38.0048
825 750 10000 43 9 1 0 7 3 0.668817 0.743848 0.375049 0 0.548753 0.582514 27.1034 30.8544 64.2104 0 36.4531 35.3708
850 50 10000 3018 348 5 0 458 226 0.688004 0.697391 0.549467 0 0.619087 0.566622 26.6993 26.8017 26.2974 0 28.5146 30.6771
850 100 10000 3101 364 6 0 496 239 0.700813 0.74597 0.669444 0 0.591001 0.527413 26.2607 27.9234 31.8362 0 28.0695 29.9478
850 125 10000 3106 359 6 1 429 192 0.696113 0.767398 0.734921 0.732144 0.636189 0.664112 26.1147 26.1191 26.9308 27.7249 28.9545 28.7378
850 225 10000 3085 400 4 1 356 198 0.739239 0.756309 0.86402 0.549802 0.669859 0.681308 25.126 25.5926 33.1305 77.5642 27.0404 26.9005
850 250 10000 3105 402 3 0 344 182 0.737053 0.816404 1.07496 0 0.707893 0.695407 24.7526 24.3141 25.6039 0 26.7087 26.9364
850 275 10000 3054 472 4 4 317 166 0.745118 0.757394 1.0179 0.45817 0.717959 0.725964 24.7559 24.8177 29.1926 27.7712 26.8748 25.7436
850 300 10000 3101 424 4 1 339 151 0.739742 0.816218 0.865705 0.679478 0.665589 0.686018 24.4818 24.0262 38.6857 26.3023 26.4807 29.0761
850 400 10000 2802 563 8 1 231 153 0.764465 0.836951 0.801989 0.38015 0.721908 0.713628 23.4394 22.8388 23.6184 97.3172 25.3391 24.4197
850 450 10000 2502 631 5 0 177 161 0.772495 0.788727 0.842318 0 0.77915 0.724333 23.1679 22.1546 26.4611 0 25.2348 24.1035
850 500 10000 2151 568 5 2 135 132 0.780032 0.829583 0.691373 0.719763 0.673369 0.774739 22.7947 21.4237 33.9296 58.8451 25.818 23.9776
850 525 10000 1846 613 9 3 117 113 0.79313 0.841872 0.699079 0.444132 0.728198 0.815355 22.7798 21.3398 27.8924 41.8553 24.0453 22.4723
850 575 10000 1279 482 1 2 69 77 0.773717 0.836188 1.30981 0.766859 0.759737 0.773845 23.1706 21.733 66.2285 57.9483 25.4932 25.46
850 625 10000 617 316 0 0 51 45 0.771107 0.800354 0 0 0.654562 0.806563 24.6104 22.8974 0 0 28.3197 22.2745
850 650 10000 453 250 1 0 24 26 0.755215 0.718512 0.529175 0 0.911861 0.828073 24.7132 23.222 22.5742 0 26.0518 26.3629
850 725 10000 138 33 0 0 17 9 0.73834 0.953303 0 0 0.64371 0.732669 25.5415 25.3816 0 0 27.9491 39.0037
850 750 10000 82 15 0 0 9 3 0.693795 0.873416 0 0 0.64829 1.10302 26.0423 30.253 0 0 34.984 39.5156
850 800 10000 5 0 0 0 2 0 1.08782 0 0 0 0.849589 0 39.4917 0 0 0 40.6702 0
875 50 10000 3118 326 4 1 528 200 0.663789 0.699508 0.62062 0.495983 0.567379 0.637722 26.9741 28.5212 31.2201 31.5848 29.1173 29.01
875 125 10000 3200 336 4 0 456 205 0.685764 0.71603 0.636816 0 0.602203 0.629043 26.388 27.3081 29.2539 0 28.1396 28.614
875 200 10000 3149 342 7 2 441 167 0.700404 0.820359 0.958774 0.336685 0.610439 0.642978 25.7979 26.2937 24.1861 73.2603 28.0493 30.2745
875 250 10000 3111 413 7 0 425 180 0.734449 0.739112 0.620153 0 0.622586 0.628695 25.1844 25.5657 29.5724 0 27.1211 28.6698
875 275 10000 3129 372 3 0 390 187 0.734663 0.79992 0.863808 0 0.609512 0.71128 25.1248 25.5288 33.5312 0 26.8051 26.7331
875 300 10000 3094 434 9 4 376 179 0.744729 0.771299 0.68572 0.457072 0.66579 0.68913 24.7344 25.5341 36.1562 67.9169 26.5238 26.4139
875 375 10000 2994 523 6 0 255 164 0.753373 0.78061 0.919002 0 0.749533 0.76449 24.0251 23.7714 25.7538 0 26.2871 25.0735
875 425 10000 2736 539 6 2 235 175 0.785542 0.82458 0.823697 0.444036 0.736764 0.695377 23.4838 23.1184 26.9418 19.819 25.7281 24.137
875 475 10000 2531 561 5 0 207 143 0.777719 0.864619 0.631543 0 0.702718 0.777182 23.1636 22.4843 24.3938 0 24.5496 23.7475
875 500 10000 2325 614 4 4 161 126 0.800669 0.83055 1.08138 0.754904 0.731615 0.795121 22.7324 21.9777 26.4937 21.8354 25.2748 23.5943
875 525 10000 2109 593 6 1 124 126 0.782731 0.833656 0.952598 0.454065 0.826358 0.777255 22.682 21.8714 25.5203 101.38 24.6788 23.471
875 575 10000 1626 543 7 1 109 79 0.769513 0.810376 0.718885 0.966937 0.706985 0.909287 23.0617 21.2254 24.0747 43.5847 25.5797 24.4193
875 600 10000 1282 509 5 1 62 90 0.766115 0.835989 0.47532 1.48717 0.90006 0.716015 22.9938 21.6177 25.8335 34.7199 26.1323 23.1304
875 650 10000 621 336 2 0 40 39 0.788667 0.776004 0.593948 0 0.842713 0.812255 23.8849 22.7026 79.8016 0 25.0009 25.5962
875 675 10000 451 257 0 1 32 42 0.738328 0.698097 0 0.660353 0.706313 0.647987 24.14 23.2731 0 38.2272 29.6662 26.5327
875 700 10000 297 155 1 0 19 25 0.739788 0.733969 0.50214 0 0.933333 0.678939 24.257 23.3022 19.7317 0 24.7538 27.359
875 725 10000 213 86 1 0 11 13 0.747619 0.711983 0.236193 0 1.15951 0.858394 24.5787 22.2454 25.0771 0 25.1068 28.7673
875 750 10000 131 49 2 0 21 7 0.762933 0.697106 0.289046 0 0.447666 0.671187 25.2862 28.9321 22.5858 0 26.2699 39.0641
875 775 10000 75 25 0 0 6 3 0.810724 0.764382 0 0 0.65327 0.746247 26.4862 27.6948 0 0 30.0978 36.359
875 800 10000 42 8 0 0 3 3 0.646672 0.615514 0 0 0.479346 0.525341 29.1807 29.7528 0 0 34.8818 36.5593
875 825 10000 5 1 0 0 0 0 1.00224 0.513005 0 0 0 0 29.1979 87.144 0 0 0 0
900 50 10000 3082 290 5 0 507 189 0.657881 0.729348 0.82858 0 0.582989 0.621933 27.4971 28.8994 29.7135 0 29.2704 29.9999
900 125 10000 3140 273 2 2 500 205 0.679052 0.797485 1.02551 0.584588 0.588959 0.636611 26.8126 27.6138 34.3411 59.027 29.0185 29.83
900 150 10000 3208 309 7 0 476 207 0.673958 0.771226 0.574104 0 0.60663 0.628898 26.6512 27.2102 29.6854 0 28.1823 29.1066
900 175 10000 3270 301 1 0 425 188 0.674854 0.821146 2.41703 0 0.62177 0.667377 26.4446 26.5697 30.0388 0 28.1241 28.5257
900 200 10000 3218 352 5 0 439 178 0.6829 0.73533 0.667185 0 0.618307 0.673507 26.2129 26.8007 35.176 0 27.4138 28.1668
900 225 10000 3244 322 9 0 402 176 0.699837 0.802972 0.575938 0 0.649115 0.725119 25.9216 26.361 25.6915 0 28.2224 26.9438
900 250 10000 3265 388 5 2 396 199 0.702599 0.766035 0.625055 0.649154 0.657237 0.684129 25.5792 25.4025 33.6989 32.9043 27.3101 27.3252
900 275 10000 3225 374 7 0 379 167 0.717372 0.764619 0.495477 0 0.657125 0.713092 25.57 25.6603 27.7781 0 27.2975 26.7746
900 300 10000 3215 399 9 2 375 181 0.72324 0.777063 0.760397 0.351034 0.647528 0.705109 24.9724 24.946 29.1172 45.5956 27.1072 27.3373
900 325 10000 3180 417 8 1 338 167 0.734716 0.787667 0.510509 1.34219 0.691578 0.704374 24.6619 25.2142 28.6508 96.9459 26.443 26.8792
900 350 10000 3109 466 4 1 323 176 0.748172 0.777584 0.877925 0.929855 0.649516 0.705439 24.477 24.8998 28.9806 48.4659 26.4316 25.4425
900 400 10000 3047 501 7 0 314 153 0.758216 0.790169 0.666615 0 0.694227 0.766536 23.9602 23.7926 29.5824 0 25.6163 26.6487
900 425 10000 2939 480 5 2 281 191 0.761792 0.822411 0.629281 0.611358 0.68529 0.668232 23.8003 23.6264 24.4152 38.7879 25.3875 24.6652
900 450 10000 2800 523 6 3 223 170 0.776698 0.848115 0.701881 0.452851 0.681046 0.776749 23.5573 23.1717 30.1495 46.6959 26.0411 24.0877
900 475 10000 2746 570 4 0 206 151 0.776065 0.796409 0.918548 0 0.711623 0.781429 23.1123 22.5604 30.2131 0 25.3954 24.5777
900 525 10000 2324 611 4 0 159 139 0.785558 0.805934 1.08393 0 0.777143 0.762265 22.818 21.7695 26.4653 0 24.3499 23.5678
900 550 10000 2136 619 5 0 142 119 0.790149 0.808071 0.753457 0 0.747259 0.742355 22.8101 21.6744 25.7282 0 25.818 23.2803
900 575 10000 1872 600 4 2 116 109 0.805211 0.835947 0.47844 0.523749 0.725123 0.748724 22.7395 21.6419 50.9651 22.2868 24.9595 23.451
900 600 10000 1609 578 10 3 73 85 0.768983 0.783326 0.590535 0.424781 0.801008 0.799902 22.9484 21.4706 29.3585 56.4665 26.4313 23.8815
900 625 10000 1249 532 3 0 68 86 0.762721 0.786317 0.738452 0 0.91677 0.818085 23.7917 21.9884 27.82 0 22.7189 23.154
900 650 10000 1005 412 3 0 49 55 0.728718 0.79883 0.597963 0 0.933026 0.830902 23.6237 21.6522 23.0824 0 24.7207 24.1095
900 675 10000 704 350 1 2 45 34 0.75553 0.778024 0.601604 0.358337 0.766034 0.803214 24.3396 22.2439 22.9982 102.112 29.6277 43.5669
900 700 10000 447 243 1 0 27 38 0.746907 0.78121 1.26828 0 0.754116 0.70584 24.0546 23.1648 32.1492 0 29.4069 25.8017
900 725 10000 250 132 0 0 28 18 0.834195 0.708691 0 0 0.801414 0.851187 25.6752 26.5222 0 0 24.95 25.1393
900 750 10000 202 73 1 0 13 16 0.78823 0.689713 0.484246 0 0.993142 0.608348 24.5301 26.7882 25.1312 0 27.7666 41.8629
900 775 10000 136 41 0 0 13 8 0.725147 0.733594 0 0 0.634031 0.639084 24.6803 28.6483 0 0 28.2859 31.2505
900 825 10000 43 13 0 0 2 0 0.590216 0.513191 0 0 0.714217 0 26.9324 42.9749 0 0 28.0763 0
900 850 10000 6 1 0 0 2 0 1.19225 0.751704 0 0 0.115977 0 43.439 168.487 0 0 181.136 0
925 50 10000 3107 257 7 2 521 214 0.654563 0.746829 0.526084 0.442875 0.597515 0.573852 27.7131 28.6186 28.1115 77.3333 29.5975 31.043
925 75 10000 3136 302 5 1 489 200 0.656874 0.682545 0.544946 1.57245 0.600881 0.561649 27.4266 27.9636 38.0619 32.3341 29.5802 31.924
925 125 10000 3238 320 2 0 510 182 0.65465 0.680842 0.355476 0 0.56875 0.638234 27.2766 26.717 27.3227 0 29.114 29.6018
925 150 10000 3240 257 9 0 482 178 0.669113 0.77855 0.475051 0 0.581456 0.713346 26.8348 28.2256 31.9638 0 29.3652 28.6053
925 200 10000 3281 302 5 0 440 194 0.67242 0.767657 0.919077 0 0.636925 0.6098 26.354 26.184 27.0335 0 28.5005 29.4263
925 225 10000 3201 335 7 0 427 166 0.706787 0.734374 0.543759 0 0.631866 0.666512 26.3532 26.7669 31.6472 0 28.0493 27.8517
925 300 10000 3336 336 12 1 353 172 0.71029 0.860571 0.435719 0.607957 0.666583 0.668715 25.1946 25.7896 27.9049 83.5251 27.9356 27.0606
925 325 10000 3176 422 6 1 361 175 0.7342 0.751114 0.683774 0.797769 0.667959 0.671184 25.0715 25.0561 25.6791 23.3328 26.7149 26.6402
925 350 10000 3214 396 10 0 367 154 0.735675 0.774093 0.45592 0 0.66501 0.790559 24.7072 24.675 28.1967 0 26.7859 25.5223
925 375 10000 3159 448 7 0 333 167 0.743306 0.785112 0.781421 0 0.676902 0.726247 24.4977 24.0311 26.4902 0 26.0518 26.2016
925 425 10000 2993 516 7 0 270 156 0.769275 0.822346 0.744168 0 0.716867 0.743217 23.9297 23.7515 28.2451 0 25.593 24.341
925 450 10000 2997 550 7 1 261 168 0.754244 0.784801 0.771874 1.16758 0.701887 0.754227 23.6651 23.4382 27.6343 30.1666 25.4498 25.5046
925 475 10000 2866 508 2 2 248 142 0.773941 0.840584 1.83718 0.614194 0.704587 0.818883 23.4885 23.1301 24.6883 54.3353 25.5112 24.399
925 525 10000 2593 627 5 3 188 140 0.76635 0.797201 0.754288 0.614943 0.734747 0.740888 22.9428 21.9842 26.2979 34.2619 24.4487 24.3301
925 550 10000 2385 603 7 1 189 114 0.792036 0.833468 0.81949 0.911467 0.696784 0.851998 22.7823 21.6201 22.8478 20.6124 24.3598 23.7508
925 575 10000 2099 613 7 1 134 111 0.819706 0.794244 0.764178 1.66875 0.711197 0.828883 22.865 21.6221 29.8635 55.1471 26.8255 23.4016
925 600 10000 1872 570 4 0 114 111 0.790657 0.830305 1.06045 0 0.803776 0.738808 22.8014 21.4996 27.5955 0 25.2137 22.9266
925 625 10000 1639 605 1 1 87 103 0.778708 0.782125 1.63715 1.10949 0.804358 0.774255 22.7053 21.3975 32.5082 57.5968 25.4204 22.3368
925 700 10000 655 324 0 0 47 46 0.767136 0.812855 0 0 0.638851 0.667533 24.4686 23.5952 0 0 26.9293 24.3114
925 725 10000 434 250 0 1 41 33 0.794046 0.739434 0 0.84497 0.602757 0.696924 24.2711 23.4244 0 55.5027 27.4696 28.6514
925 750 10000 294 137 1 0 26 14 0.766583 0.764693 0.212235 0 0.625307 1.03448 24.3552 23.2613 25.0284 0 26.4915 28.9865
925 825 10000 73 23 0 0 5 4 0.732715 0.644039 0 0 0.811168 0.573023 27.6192 27.1647 0 0 28.3695 35.9804
925 850 10000 32 15 0 0 4 2 0.690919 0.400405 0 0 0.673325 0.394737 29.4185 24.4863 0 0 27.1374 30.1638
925 875 10000 8 3 0 0 0 1 0.754481 0.423187 0 0 0 0.14666 26.9282 36.6406 0 0 0 24.8682
950 50 10000 3147 266 4 0 518 201 0.630407 0.676201 0.821119 0 0.532257 0.543835 28.2559 28.961 26.7215 0 30.4743 31.429
950 75 10000 3124 261 2 0 529 202 0.644829 0.689242 1.40145 0 0.564489 0.626419 28.0061 27.6289 25.8485 0 30.1545 31.5881
950 100 10000 3165 270 6 0 529 180 0.652405 0.65515 0.638483 0 0.55118 0.57554 27.5003 28.5683 31.5361 0 30.2391 30.1969
950 225 10000 3249 288 4 1 441 192 0.686054 0.801126 0.768084 0.880925 0.587114 0.633612 26.6089 27.2954 30.4401 36.1463 28.7345 28.3485
950 275 10000 3291 327 5 0 399 171 0.70042 0.760033 0.693881 0 0.621566 0.716955 26.0611 25.6064 25.9897 0 27.7828 26.2772
950 300 10000 3345 351 9 1 430 147 0.693313 0.766493 0.619652 0.602088 0.600682 0.746347 25.6913 26.0225 29.4862 27.1326 27.9338 27.1807
950 325 10000 3250 380 6 0 382 180 0.724369 0.765595 0.643721 0 0.655509 0.636193 25.6436 25.1109 26.9026 0 27.3445 27.4217
950 350 10000 3248 370 9 1 353 157 0.724169 0.806571 0.680559 0.955131 0.685698 0.781182 25.1672 25.1313 28.0774 20.3267 27.0067 26.5209
950 425 10000 3079 454 9 1 279 149 0.760728 0.792421 0.677697 1.07772 0.715788 0.762177 24.2921 24.3421 29.4393 61.3831 26.0002 25.9238
950 475 10000 3085 460 4 0 253 142 0.75871 0.874308 0.913405 0 0.729218 0.769734 23.6836 23.5622 28.937 0 26.0969 24.7333
950 500 10000 2895 538 5 1 253 160 0.770612 0.80316 0.774732 0.921792 0.68489 0.643876 23.4354 23.354 41.3939 111.725 25.7508 25.0438
950 525 10000 2758 547 1 2 207 159 0.782457 0.833777 1.43594 0.438919 0.749124 0.790622 23.1965 22.8244 27.5401 48.0342 25.8424 25.4866
950 550 10000 2643 596 8 4 185 126 0.781315 0.804539 0.700164 0.489751 0.735015 0.793865 22.9725 22.3142 29.1505 55.1115 23.8023 23.5559
950 575 10000 2362 609 5 3 157 145 0.781728 0.791053 1.11002 0.702697 0.753162 0.723805 22.9586 21.9549 26.3234 37.8058 25.1702 24.1634
950 625 10000 1930 618 6 1 113 113 0.796643 0.816195 0.744689 1.08296 0.616775 0.837653 22.725 21.3166 26.761 51.7703 25.893 23.2908
950 650 10000 1645 593 6 1 82 81 0.769991 0.761181 0.531718 0.756079 0.710336 0.809632 23.0748 21.5984 22.8791 56.3642 26.0088 24.3638
950 725 10000 639 311 2 1 35 38 0.777554 0.803293 0.483183 0.667585 0.907121 0.815296 24.1826 23.2273 32.2768 40.8874 25.9811 31.3144
950 750 10000 415 230 0 1 24 23 0.768118 0.749395 0 0.512924 0.838983 0.823468 24.8709 24.4018 0 20.582 23.1442 30.1622
950 775 10000 283 134 0 1 25 22 0.812002 0.782654 0 0.67263 0.832622 0.79355 24.0227 24.3819 0 22.7058 26.4794 28.5263
950 825 10000 125 45 2 0 8 6 0.768337 0.77259 0.553896 0 0.986517 0.56361 25.5932 28.8556 23.3446 0 24.5407 42.4775
975 50 10000 3085 253 4 1 557 182 0.634694 0.635451 0.653404 0.432558 0.529075 0.530356 28.2573 27.8121 36.4949 123.329 30.89 31.8383
975 75 10000 3128 270 8 1 549 169 0.633366 0.646063 0.591186 0.74943 0.528202 0.590861 28.1573 28.4273 29.4292 90.2424 29.8428 31.6712
975 100 10000 3162 231 10 2 512 193 0.640474 0.731667 0.392027 0.198402 0.569988 0.574172 28.0269 29.9388 31.9971 144.239 30.2045 29.9628
975 125 10000 3239 266 4 0 522 171 0.639102 0.69743 0.826818 0 0.575561 0.633722 28.0428 28.9098 31.6675 0 29.6302 30.0265
975 150 10000 3210 271 5 1 522 163 0.654585 0.67491 0.811577 0.361961 0.541445 0.611252 27.7007 28.4657 31.6317 104.654 30.0348 31.1545
975 200 10000 3260 281 5 1 460 187 0.668375 0.704582 0.612987 0.00125825 0.599258 0.612308 27.2037 28.121 41.9749 31063.9 29.1327 28.9271
975 250 10000 3333 289 8 1 429 154 0.686664 0.773046 0.626811 0.210292 0.582673 0.622455 26.5418 26.9105 30.96 130.573 29.0232 29.0436
975 275 10000 3351 307 7 0 450 173 0.693282 0.741535 0.438189 0 0.593158 0.6277 26.4178 26.4619 30.6453 0 28.406 28.6867
975 300 10000 3380 314 5 0 419 181 0.694522 0.761746 0.580207 0 0.589042 0.667098 25.9802 27.6692 29.1779 0 28.2391 27.249
975 350 10000 3397 364 5 0 370 150 0.699445 0.76996 0.451178 0 0.659093 0.727973 25.4799 25.7244 32.818 0 27.1256 27.1458
975 500 10000 3038 534 4 2 288 150 0.758186 0.795372 0.942105 0.752236 0.656585 0.776451 23.8205 23.3759 32.5559 44.9731 26.0217 24.7571
975 550 10000 2766 592 7 3 194 156 0.771827 0.793927 0.814634 0.688545 0.713349 0.733393 23.3575 22.8867 23.5753 32.5607 24.8284 24.656
975 575 10000 2641 576 3 3 190 117 0.784131 0.844432 0.977082 0.44977 0.742471 0.841216 23.0825 21.9949 23.5661 21.0965 24.3855 24.0383
975 600 10000 2401 634 3 1 146 120 0.792475 0.808058 0.969093 1.48818 0.836655 0.801517 22.8716 22.1462 22.2185 39.5515 25.756 24.1417
975 625 10000 2134 637 8 4 126 109 0.809953 0.794897 0.479197 0.534969 0.793369 0.844671 22.7123 21.5085 30.2829 34.6935 25.5645 23.3096
975 650 10000 1953 593 3 0 96 103 0.77053 0.817912 1.31809 0 0.831093 0.728335 22.8073 21.5832 24.1341 0 25.1837 23.3451
975 675 10000 1592 523 3 1 97 97 0.782724 0.837011 0.815058 1.04655 0.706965 0.825723 22.7676 21.5092 35.5588 48.287 28.0489 22.4865
975 725 10000 962 443 0 1 53 66 0.761041 0.764143 0 0.982909 0.783542 0.764918 23.4872 22.0728 0 55.2842 26.0552 26.247
975 800 10000 277 133 1 1 24 20 0.733108 0.824724 0.41225 0.461704 0.646857 0.710424 24.4747 24.9638 55.1368 102.166 29.3693 25.8689
975 825 10000 190 85 0 0 19 14 0.782575 0.677572 0 0 0.712451 0.712531 25.2706 25.0721 0 0 27.0823 23.4109
975 850 10000 152 57 0 0 15 6 0.694388 0.602253 0 0 0.529334 0.513361 25.657 23.9446 0 0 27.4701 67.0632
975 875 10000 79 21 0 0 10 9 0.769005 0.737425 0 0 0.490079 0.466558 24.9107 26.8053 0 0 26.6228 35.6627
975 925 10000 12 1 0 0 0 1 0.579284 0.501736 0 0 0 0.161955 30.375 39.3862 0 0 0 101.245
1000 50 10000 3064 242 3 0 573 172 0.621594 0.6345 0.808571 0 0.515449 0.565653 28.5001 28.2438 31.4361 0 31.809 32.6636
1000 75 10000 3124 212 3 0 546 194 0.625762 0.731478 1.33481 0 0.529157 0.557591 28.5467 28.6648 28.5794 0 30.9661 31.2196
1000 100 10000 3197 237 3 0 555 202 0.624174 0.615873 0.772345 0 0.510152 0.572187 28.1921 29.9478 39.5825 0 31.0551 30.2345
1000 150 10000 3208 260 3 1 478 190 0.651563 0.644553 0.568715 0.415056 0.571988 0.560353 28.0275 27.9966 27.9887 46.3147 30.4794 30.3595
1000 175 10000 3228 271 12 0 505 154 0.643836 0.684995 0.53226 0 0.58367 0.580761 27.9521 28.5038 28.6011 0 29.3339 30.0148
1000 200 10000 3293 290 3 1 482 163 0.660564 0.667168 0.839405 0.139583 0.545032 0.645578 27.6456 27.5103 30.7122 339.965 29.7106 31.3931
1000 225 10000 3393 236 11 0 441 155 0.653202 0.769648 0.395712 0 0.584347 0.665426 27.2295 29.4667 35.7973 0 29.1154 29.6817
1000 250 10000 3396 277 3 1 449 148 0.663846 0.71588 0.800733 0.397341 0.579609 0.647991 27.044 26.6198 27.1008 21.527 28.908 30.946
1000 275 10000 3319 291 5 0 433 191 0.682716 0.744681 0.798458 0 0.584272 0.621833 26.8688 27.993 27.2999 0 28.5011 28.0927
1000 300 10000 3351 302 8 0 436 155 0.692542 0.751454 0.64903 0 0.594114 0.699808 26.3664 26.4969 29.4529 0 28.0748 28.4358
1000 325 10000 3319 323 10 1 411 174 0.708587 0.777517 0.497456 0.314549 0.622348 0.615479 26.212 26.9673 29.7791 140.106 28.0491 27.68
1000 425 10000 3246 394 4 1 354 159 0.736772 0.763074 1.03931 1.34028 0.652855 0.715568 25.0601 25.3449 27.9853 38.2227 26.7075 26.8666
1000 450 10000 3265 388 8 0 315 170 0.734836 0.846795 0.777727 0 0.660573 0.708858 24.7471 25.2484 26.0692 0 26.6335 25.1623
1000 475 10000 3153 438 7 0 323 183 0.758331 0.802649 0.555188 0 0.678673 0.688735 24.2236 23.6276 31.5166 0 25.6174 24.8523
1000 500 10000 3194 471 9 2 279 150 0.744713 0.791022 0.387397 0.706314 0.688014 0.726432 24.1553 23.8688 35.1835 50.6506 25.1748 24.7375
1000 550 10000 3019 509 6 3 222 141 0.755139 0.776103 0.93562 0.408631 0.695341 0.811573 23.6742 22.9965 26.8111 54.4572 25.7053 24.7951
1000 675 10000 1980 601 4 3 104 117 0.783817 0.802252 0.638342 0.43678 0.750368 0.733796 22.7489 21.3474 31.4218 40.8732 25.1019 23.6897
1000 725 10000 1286 457 3 4 67 101 0.765148 0.840628 0.707302 0.469187 0.784127 0.727283 23.2858 21.4027 49.6048 47.3645 27.0763 22.065
1000 775 10000 660 338 1 1 33 54 0.790625 0.748168 0.328759 1.41521 0.732597 0.709786 24.2431 23.1941 276.612 73.3387 26.8166 26.6344
1000 800 10000 416 197 1 1 28 22 0.782817 0.780462 0.480444 0.456839 0.702247 0.808194 24.3441 24.5025 20.8077 25.327 32.9166 22.8993
1000 825 10000 292 131 0 1 19 18 0.763605 0.730247 0 0.714446 0.717335 1.00255 24.9881 24.2583 0 79.1337 24.6096 33.2174
1000 875 10000 125 36 0 0 9 6 0.800037 0.872375 0 0 1.00276 0.884326 25.3526 23.3991 0 0 27.9822 38.6119
1000 950 10000 1 1 0 0 0 0 4.132 0.299434 0 0 0 0 30.0268 137.738 0 0 0 0
1025 50 10000 3082 211 8 0 541 170 0.60238 0.614421 0.481572 0 0.541443 0.536367 29.1526 30.2258 37.4958 0 31.6054 31.792
1025 75 10000 3153 212 7 1 548 159 0.603548 0.628998 0.478525 0 0.51235 0.561915 28.9554 31.9149 32.9754 4.85319e+07 32.2151 32.3924
1025 100 10000 3124 220 3 0 523 171 0.619658 0.678936 0.554131 0 0.529748 0.535223 28.7472 28.551 39.1388 0 30.4853 32.6802
1025 150 10000 3382 217 2 0 540 146 0.604156 0.699407 0.638387 0 0.540714 0.574691 28.4337 28.6432 31.9807 0 30.2963 33.3222
1025 200 10000 3235 232 6 1 473 169 0.645309 0.727335 0.463329 0.397489 0.587848 0.56137 28.085 28.6702 31.8435 29.7545 29.8732 30.0716
1025 225 10000 3307 256 6 1 479 167 0.640648 0.707291 0.537857 0.246141 0.541589 0.674101 27.8009 29.0328 31.8287 25.5459 30.3192 29.1698
1025 250 10000 3414 272 5 0 432 175 0.653517 0.681951 0.829959 0 0.598197 0.594462 27.4149 27.273 33.4976 0 29.206 29.0326
1025 300 10000 3350 288 7 0 443 154 0.675142 0.714315 0.601835 0 0.582635 0.735052 26.9654 27.7036 26.8786 0 28.6792 27.9817
1025 325 10000 3449 330 10 0 436 131 0.67279 0.689276 0.588702 0 0.578291 0.753831 26.6744 26.3997 30.5095 0 28.0995 27.6208
1025 375 10000 3378 316 1 0 409 172 0.704391 0.783287 4.57317 0 0.613717 0.605196 25.821 26.4344 28.395 0 28.396 28.6419
1025 400 10000 3409 374 8 3 351 177 0.699501 0.737609 0.718628 0.379758 0.685755 0.65323 25.6204 26.0965 25.2682 34.3193 27.0361 27.2233
1025 450 10000 3312 382 12 0 327 161 0.727727 0.778937 0.580513 0 0.672513 0.65941 24.9563 26.2647 28.327 0 26.8289 26.1818
1025 500 10000 3208 455 5 1 278 182 0.759149 0.807939 0.556009 0.87833 0.719057 0.671134 24.3295 23.7249 25.8325 24.7142 25.7405 26.623
1025 525 10000 3181 452 7 1 267 124 0.752182 0.794189 0.627314 0.684123 0.707083 0.753946 24.1566 23.7797 28.2092 75.5972 25.9562 25.3914
1025 550 10000 3054 473 6 0 247 150 0.780267 0.812952 0.662192 0 0.706266 0.721102 23.7506 23.0034 25.2638 0 26.3167 25.1539
1025 575 10000 2981 501 6 0 236 142 0.761026 0.818799 0.758519 0 0.690752 0.774115 23.4917 23.2535 23.6068 0 24.6056 23.7281
1025 600 10000 2823 545 6 1 193 149 0.771546 0.799254 0.788676 1.03452 0.755747 0.731106 23.3026 22.9344 26.023 67.9162 25.2943 23.83
1025 700 10000 1905 604 2 0 103 106 0.795125 0.803979 1.00565 0 0.741816 0.866396 22.7016 21.4328 44.3494 0 25.3771 23.1644
1025 725 10000 1612 591 4 3 86 87 0.7957 0.785702 0.627042 0.389702 0.644817 0.815768 22.8051 21.3114 25.8174 24.1362 27.4653 22.836
1025 775 10000 994 403 5 1 58 51 0.746964 0.817153 0.791194 0.44324 0.684753 0.853238 23.4255 21.8488 25.6896 21.1797 25.7667 23.7226
1025 825 10000 411 234 2 3 35 24 0.760122 0.763892 0.680129 0.340564 0.818379 0.982966 24.1753 23.3924 20.1847 22.397 24.4124 25.0747
1025 875 10000 205 75 0 0 11 15 0.721751 0.696158 0 0 0.873961 0.729744 23.9873 24.6041 0 0 36.5216 25.1396
1025 900 10000 120 37 0 1 11 2 0.806533 0.808703 0 0.628394 0.705025 1.79993 24.3834 29.4418 0 22.1467 28.251 37.8071
1050 75 10000 3081 210 5 0 588 177 0.617434 0.643182 0.537183 0 0.470491 0.547318 29.225 30.6311 40.6772 0 31.7117 32.4578
1050 100 10000 3216 200 9 0 590 168 0.598624 0.671568 0.481563 0 0.477452 0.589855 28.9392 29.5562 34.7573 0 31.5453 31.2744
1050 125 10000 3219 221 4 0 536 185 0.609616 0.615961 1.01417 0 0.526966 0.537417 28.8959 30.2771 28.7956 0 31.3563 31.1579
1050 150 10000 3201 229 8 1 536 182 0.610332 0.61689 0.310172 1.67319 0.541591 0.507497 28.8576 30.0048 34.7068 63.3579 30.677 30.6077
1050 225 10000 3309 211 8 0 538 145 0.638655 0.780835 0.74911 0 0.527127 0.656398 28.1489 28.5063 29.1772 0 30.7229 29.8673
1050 275 10000 3315 275 4 1 456 187 0.65434 0.697135 0.973876 0.361356 0.604024 0.63208 27.4763 27.9394 32.0863 104.669 29.6865 29.9641
1050 325 10000 3399 283 5 0 428 174 0.672913 0.669216 0.837834 0 0.580595 0.596533 26.9586 27.2515 27.4605 0 28.639 29.5316
1050 350 10000 3461 273 8 3 409 145 0.675791 0.752439 0.636116 0.39295 0.607624 0.637079 26.609 26.6489 27.3479 23.3958 28.751 30.8233
1050 400 10000 3337 350 3 0 406 161 0.7112 0.716235 1.14725 0 0.623458 0.705727 26.0014 26.0263 27.9608 0 27.49 27.8131
1050 425 10000 3367 332 12 1 381 143 0.713125 0.754623 0.529572 0.36232 0.654386 0.72257 25.6815 25.9376 26.0512 21.8557 26.9995 28.0061
1050 450 10000 3403 344 11 2 334 163 0.714732 0.815643 0.484659 0.357514 0.695388 0.684924 25.3184 25.3484 30.8231 65.4065 27.0357 27.2032
1050 475 10000 3367 393 2 1 327 148 0.734699 0.761679 1.02865 1.71748 0.6553 0.704215 24.9096 25.2231 40.5661 31.3776 26.3623 25.9092
1050 500 10000 3280 449 7 1 300 146 0.744047 0.790221 0.69624 0.934972 0.694598 0.732401 24.5246 24.452 29.2327 51.8178 26.2368 24.9911
1050 550 10000 3172 471 4 0 266 150 0.760499 0.830384 0.571336 0 0.708497 0.734977 24.102 23.8966 28.8714 0 25.8165 26.3762
1050 575 10000 3060 505 5 1 248 155 0.771453 0.770324 0.594899 0.389242 0.715024 0.731992 23.7237 23.4573 29.0259 30.1016 25.5591 24.7386
1050 625 10000 2801 531 2 3 223 146 0.781831 0.85116 1.74208 0.46354 0.661396 0.717563 23.3269 22.6506 30.601 79.9317 24.4903 23.5533
1050 650 10000 2730 564 7 1 187 141 0.77135 0.815024 0.789571 1.0466 0.735847 0.782208 23.0412 22.2516 24.1334 44.6839 25.3404 24.3585
1050 675 10000 2480 578 6 0 138 112 0.787812 0.793667 0.669241 0 0.837148 0.846291 22.875 21.817 24.4157 0 24.8028 25.1927
1050 700 10000 2215 638 2 2 127 129 0.800747 0.785345 0.947664 0.77132 0.726671 0.686783 22.731 21.6428 30.8299 23.559 24.9184 24.2806
1050 750 10000 1606 545 0 0 77 87 0.805179 0.811784 0 0 0.828431 0.799879 22.8937 21.296 0 0 25.0947 24.6389
1050 800 10000 980 426 1 1 47 57 0.763255 0.793086 1.59772 0.900533 0.672762 0.723217 23.6564 21.792 22.2888 78.3209 30.9191 24.2758
1050 850 10000 404 207 1 0 24 29 0.803062 0.828744 0.617533 0 0.897206 0.815297 24.8696 21.8995 55.5915 0 25.2819 25.471
1050 875 10000 279 120 2 1 25 16 0.767417 0.801733 0.803868 0.480428 0.813331 0.754332 23.8116 23.8803 22.9394 102.143 26.8087 23.3808
1050 925 10000 122 31 1 0 10 8 0.742478 0.853143 0.434447 0 0.888791 0.486174 25.01 31.5485 25.5956 0 27.5698 32.91
1050 950 10000 58 10 0 0 6 4 0.888199 0.950563 0 0 0.743063 0.685718 25.5564 42.1646 0 0 36.3581 45.7262
1050 975 10000 25 5 0 0 2 1 0.781168 0.751254 0 0 0.672794 0.00625375 28.4263 45.084 0 0 38.5527 2540.08
1075 50 10000 3123 188 11 0 584 182 0.586805 0.616372 0.263255 0 0.485347 0.484445 29.7366 31.8097 36.629 0 32.0727 32.4146
1075 100 10000 3103 199 4 0 577 155 0.599348 0.623854 0.500861 0 0.46944 0.497485 29.5396 30.281 28.6077 0 32.0043 33.6838
1075 150 10000 3312 192 6 0 513 156 0.603833 0.661777 0.66812 0 0.526442 0.546969 29.0388 29.6195 31.4283 0 31.4942 32.7059
1075 175 10000 3296 223 5 0 505 168 0.596474 0.666415 0.73658 0 0.537426 0.562306 29.0173 29.7019 25.7131 0 31.0356 30.8705
1075 200 10000 3252 228 7 0 523 153 0.619902 0.576363 0.565468 0 0.509461 0.591371 28.7467 29.5376 34.9697 0 31.1818 30.4303
1075 225 10000 3270 231 5 0 496 165 0.631335 0.719742 0.479376 0 0.538345 0.557255 28.3904 28.622 28.3351 0 30.0534 29.9197
1075 250 10000 3353 211 6 0 536 169 0.632893 0.726862 0.664774 0 0.505965 0.580499 28.1786 28.718 32.2296 0 30.1905 32.5311
1075 300 10000 3356 248 5 1 476 155 0.653302 0.704287 1.06489 0.416205 0.572504 0.628425 27.7123 28.4978 28.2744 21.3241 29.3302 28.541
1075 375 10000 3464 281 7 1 419 148 0.683761 0.750811 0.563944 0.333229 0.582154 0.660949 26.5414 28.7712 33.7906 166.056 28.624 28.2446
1075 450 10000 3413 315 8 1 369 156 0.718531 0.732549 0.567057 0.765118 0.628239 0.658981 25.6105 26.2874 28.7537 36.2898 27.2052 26.5677
1075 475 10000 3394 353 1 2 397 170 0.706661 0.785552 1.36368 0.454051 0.626739 0.649239 25.5131 25.5953 22.4274 63.0429 27.5921 27.9117
1075 500 10000 3351 347 7 0 326 175 0.725291 0.819685 0.604756 0 0.677626 0.704535 24.921 24.5635 27.9778 0 26.8669 26.2088
1075 525 10000 3345 394 10 1 313 134 0.734728 0.797844 0.672057 0.3174 0.692952 0.744574 24.6448 24.6595 27.201 40.9951 26.5159 26.387
1075 650 10000 2887 542 12 2 212 137 0.764429 0.819809 0.50954 0.410324 0.71462 0.765997 23.3316 22.3968 24.1324 37.2955 25.042 24.2267
1075 675 10000 2660 568 6 0 175 122 0.780816 0.839891 0.794373 0 0.77176 0.836126 23.0694 21.9752 27.0305 0 25.6403 23.5246
1075 700 10000 2448 597 11 0 150 140 0.809549 0.795155 0.471825 0 0.759931 0.756252 22.8177 21.7276 31.4496 0 24.984 22.9465
1075 725 10000 2261 604 7 1 142 112 0.787291 0.792288 0.802383 0.845292 0.716059 0.741647 22.8148 21.7332 26.0545 21.5747 24.7437 24.5631
1075 775 10000 1609 536 4 3 93 86 0.807712 0.833663 0.962551 0.598046 0.758886 0.787271 22.7499 21.3139 36.1401 49.9402 26.2153 22.8296
1075 800 10000 1341 531 0 1 62 69 0.754451 0.786111 0 1.14149 0.772446 0.842666 23.4815 21.4895 0 27.1995 26.2934 24.1846
1075 850 10000 644 337 4 0 39 42 0.783861 0.741407 0.393586 0 0.764322 0.719285 23.933 22.5107 22.8101 0 24.254 28.5786
1075 875 10000 436 210 1 0 22 34 0.756283 0.777028 1.56489 0 0.800954 0.755528 24.5812 23.0569 36.1942 0 30.33 28.1507
1075 925 10000 185 68 0 0 12 10 0.794871 0.759307 0 0 0.803829 0.794113 24.2275 26.9311 0 0 29.2006 43.4046
1075 950 10000 101 26 0 0 5 5 0.775353 0.843905 0 0 0.95845 0.744508 26.2441 30.3855 0 0 38.3592 51.0024
1075 975 10000 71 20 0 0 8 1 0.718362 0.633762 0 0 0.709917 1.44283 27.9341 27.1126 0 0 28.0857 67.792
1075 1025 10000 7 1 0 0 0 0 0.541949 0.189108 0 0 0 0 29.4957 82.2159 0 0 0 0
1100 100 10000 3189 175 8 0 546 150 0.579567 0.644991 0.47027 0 0.494344 0.544446 29.6019 31.9531 26.9802 0 31.7434 34.7294
1100 125 10000 3188 139 7 1 579 157 0.590632 0.785494 0.509416 0.935035 0.494847 0.476701 29.765 30.8029 33.0509 32.0814 32.2576 35.0853
1100 150 10000 3232 212 7 0 591 162 0.589946 0.648765 0.476437 0 0.473798 0.538188 29.1073 29.6562 30.3352 0 32.0894 31.532
1100 200 10000 3253 202 5 0 521 160 0.610837 0.683652 0.542359 0 0.515677 0.532513 29.0927 28.4046 27.433 0 31.7147 31.9472
1100 225 10000 3340 204 4 0 529 154 0.611941 0.663727 0.561825 0 0.513314 0.518935 28.7185 30.1812 37.7269 0 30.8068 32.0149
1100 300 10000 3332 235 10 2 450 168 0.642614 0.735831 0.519699 0.499109 0.589928 0.631619 27.9522 27.9444 34.606 81.3548 29.1864 29.5634
1100 375 10000 3425 267 9 0 440 167 0.675304 0.712466 0.593599 0 0.597833 0.623293 26.9364 27.232 29.8843 0 28.5499 28.22
1100 400 10000 3400 248 7 1 445 143 0.681932 0.778676 0.70265 0.397147 0.598416 0.620879 26.6315 27.2909 23.7397 146.694 28.3542 30.9882
1100 425 10000 3426 305 8 1 382 141 0.688833 0.713309 0.512773 0.828138 0.686308 0.654418 26.5984 26.8749 32.0761 36.4087 28.2247 27.8046
1100 450 10000 3411 306 5 1 411 144 0.698902 0.76175 0.810448 0.388135 0.590703 0.719698 26.1009 26.1964 25.5252 29.9987 27.7594 27.8934
1100 475 10000 3405 317 7 0 378 161 0.708546 0.766415 0.415586 0 0.639153 0.657027 25.7614 25.4816 27.7481 0 27.5023 27.934
1100 525 10000 3308 369 8 1 350 163 0.745576 0.77673 0.461954 0.653062 0.626096 0.71574 25.1337 24.9652 26.5177 18.5546 27.2076 27.129
1100 550 10000 3323 367 9 2 320 155 0.727479 0.825983 0.672954 0.736416 0.677148 0.722069 24.7835 24.7396 33.5378 45.7444 26.6421 26.8228
1100 600 10000 3242 430 8 3 279 149 0.750426 0.814953 0.820423 0.907019 0.687761 0.734704 24.137 24.2381 28.2441 28.7076 25.5215 24.9139
1100 625 10000 3074 488 4 0 270 131 0.772262 0.839384 1.16153 0 0.696742 0.852616 23.8616 22.7955 28.032 0 25.104 24.0999
1100 650 10000 3033 507 11 4 236 149 0.76912 0.810993 0.606511 0.479686 0.743192 0.780168 23.5065 23.0175 25.6702 42.8676 25.7575 24.3462
1100 675 10000 2895 528 3 1 196 131 0.770909 0.85224 1.60444 0.670454 0.739225 0.766067 23.3273 22.5123 25.1464 68.0032 25.6778 24.6205
1100 700 10000 2750 547 9 3 191 125 0.76781 0.82002 0.562869 0.684317 0.72081 0.852538 23.0444 22.1131 27.4175 23.9101 25.1913 23.3012
1100 725 10000 2425 549 5 2 134 121 0.799842 0.852998 0.516075 0.395143 0.827403 0.75583 22.8952 21.6857 26.3156 39.6074 25.1505 25.0412
1100 750 10000 2252 582 6 2 127 110 0.781148 0.833851 0.684275 0.717646 0.818425 0.802938 22.8241 21.565 30.3491 66.3387 25.335 22.9577
1100 775 10000 1959 558 4 7 104 103 0.772127 0.820471 0.739559 0.452245 0.778307 0.786444 22.739 21.6169 34.6451 43.8966 24.5337 22.765
1100 850 10000 962 452 3 1 51 58 0.775929 0.777111 0.964075 0.361767 0.808449 0.848095 23.947 21.9008 23.2257 121.698 26.6398 24.6291
1100 875 10000 638 289 3 1 38 40 0.774776 0.785817 0.460384 1.41027 0.808571 0.784979 23.985 22.7899 23.7718 30.2056 25.0388 24.6343
1100 925 10000 253 124 1 0 23 16 0.775365 0.765198 0.800588 0 0.804079 0.721932 25.2488 24.498 23.027 0 24.3246 35.1865
1100 950 10000 159 69 1 1 17 10 0.800169 0.715825 0.949793 0.537296 0.65304 0.679572 23.9142 29.9295 64.122 71.1126 23.6234 31.6281
1100 975 10000 133 43 1 0 6 7 0.654609 0.614311 0.446919 0 0.974966 0.586135 26.6353 29.1841 21.0815 0 26.7404 22.7345
1100 1000 10000 71 14 2 0 2 4 0.661979 0.60171 0.363557 0 0.871294 0.591976 25.358 27.0056 26.2152 0 85.7616 28.6805
1100 1050 10000 4 0 0 0 1 1 1.16163 0 0 0 0.313057 0.213596 40.7206 0 0 0 52.9078 103.645
1125 50 10000 3080 155 9 0 603 169 0.57155 0.669964 0.478227 0 0.455464 0.520529 30.1346 31.1451 32.9626 0 32.2173 33.0762
1125 100 10000 3222 167 7 0 597 154 0.55335 0.573758 0.412231 0 0.469326 0.525617 30.2135 32.3912 34.5449 0 32.3527 31.7968
1125 150 10000 3209 179 6 0 529 149 0.585493 0.636294 0.527035 0 0.491836 0.507866 29.7831 29.3876 36.4609 0 32.7914 33.0091
1125 225 10000 3282 208 12 0 491 152 0.607188 0.59429 0.468709 0 0.515547 0.54771 29.1122 29.0026 29.7454 0 31.9656 32.4851
1125 250 10000 3391 207 8 0 531 154 0.602069 0.626193 0.659723 0 0.515801 0.505312 28.9164 28.9967 32.479 0 30.6064 33.5012
1125 300 10000 3307 207 7 0 497 139 0.636943 0.714483 0.451599 0 0.555457 0.594606 28.1588 28.6633 26.0174 0 30.2616 30.7499
1125 350 10000 3388 243 7 0 464 153 0.651362 0.663118 0.733099 0 0.587159 0.652362 27.8158 28.4841 33.1559 0 29.6907 29.8368
1125 375 10000 3421 253 3 1 436 174 0.655972 0.745044 1.52242 0.796933 0.572158 0.577536 27.2995 27.0697 29.7682 29.2082 28.7475 29.5616
1125 425 10000 3544 282 5 0 403 164 0.666509 0.744992 0.537241 0 0.602096 0.612311 26.75 25.7605 28.9172 0 28.0995 28.7267
1125 450 10000 3477 301 7 0 387 161 0.689082 0.731613 0.816737 0 0.639629 0.697908 26.5209 26.9665 28.5548 0 27.6179 28.1815
1125 475 10000 3497 294 6 3 376 145 0.693243 0.720907 0.597978 0.384188 0.627362 0.707122 26.0671 27.0583 31.4818 61.0247 27.5823 27.4342
1125 500 10000 3454 280 3 1 386 162 0.697882 0.808464 1.11446 0 0.62685 0.730891 25.9171 25.7457 32.217 5.51707e+07 27.076 26.2218
1125 525 10000 3413 344 6 0 324 135 0.725492 0.794087 0.543515 0 0.661175 0.747689 25.3582 25.1638 34.4433 0 27.0098 26.8017
1125 550 10000 3436 377 7 1 344 149 0.721253 0.777553 0.721957 0.888713 0.683306 0.723344 25.0549 24.8123 25.1487 24.5668 26.4387 25.3683
1125 575 10000 3331 381 9 0 362 141 0.741155 0.846766 0.547677 0 0.624281 0.805838 24.71 24.7622 25.0923 0 25.8051 25.0274
1125 600 10000 3406 422 8 1 312 146 0.738505 0.814845 0.586485 0.343674 0.680067 0.722839 24.3148 23.9186 28.7123 66.4407 25.8291 26.1821
1125 650 10000 3172 459 5 2 244 144 0.758019 0.816737 0.861914 0.894272 0.710865 0.752751 23.85 23.0266 31.4821 35.4606 25.753 24.3806
1125 700 10000 2895 523 8 2 203 135 0.769733 0.827505 0.8259 0.547719 0.713826 0.779896 23.1981 22.8 26.1505 40.7214 25.5866 23.9209
1125 825 10000 1630 555 3 1 85 91 0.790917 0.789227 0.776413 0.442547 0.74571 0.722591 23.0105 21.2591 28.539 218.409 25.7091 24.2182
1125 875 10000 967 427 0 0 43 57 0.76503 0.784546 0 0 0.853701 0.710641 24.313 21.4652 0 0 24.7893 27.8851
1125 925 10000 436 222 1 0 16 23 0.733697 0.736536 1.31674 0 0.952846 0.825326 24.1714 24.8694 31.9428 0 25.9534 30.9646
1125 950 10000 252 134 0 0 17 17 0.777909 0.744478 0 0 0.879143 0.846494 24.5256 24.7514 0 0 26.2929 35.909
1125 975 10000 192 60 1 1 15 12 0.723689 0.749869 0.190653 0.66773 0.673987 0.540651 23.7913 28.62 192.888 18.4113 24.0063 30.8664
1125 1000 10000 143 35 0 0 10 6 0.622429 0.750345 0 0 0.823823 0.46662 25.3719 23.245 0 0 30.1482 26.9576
1150 50 10000 3136 171 10 0 568 181 0.54388 0.511253 0.356605 0 0.446288 0.398374 30.603 31.9565 39.3522 0 33.0312 35.3632
1150 75 10000 3135 165 1 0 598 167 0.553 0.54265 2.57509 0 0.424366 0.492422 30.44 33.6504 33.2941 0 33.5566 33.2424
1150 100 10000 3114 173 5 1 586 158 0.551522 0.566402 0.675786 0.213928 0.453092 0.466984 30.4835 32.113 32.4821 25.1135 32.8558 34.3093
1150 125 10000 3210 174 4 1 580 168 0.565896 0.587006 0.473995 0.534506 0.437129 0.477325 30.2471 30.6189 34.9607 73.3933 33.1572 33.5207
1150 150 10000 3224 177 5 0 582 154 0.571301 0.631266 0.652921 0 0.444074 0.432762 29.9205 28.7677 31.3091 0 33.0503 33.1614
1150 200 10000 3385 152 4 0 540 160 0.56131 0.667868 0.763826 0 0.498643 0.483289 29.9173 31.7729 27.4246 0 31.7649 35.6789
1150 225 10000 3280 181 7 0 497 139 0.595221 0.65978 0.629893 0 0.534113 0.518113 29.5567 28.8629 32.5037 0 31.8699 31.6703
1150 250 10000 3330 206 3 0 503 150 0.604064 0.646595 1.40647 0 0.513242 0.485818 29.3827 30.5564 32.8268 0 32.0536 34.748
1150 275 10000 3309 173 5 0 521 171 0.599191 0.735631 0.445104 0 0.55506 0.506118 28.9377 28.972 36.9522 0 30.6467 31.8432
1150 300 10000 3429 221 5 2 502 145 0.616237 0.671322 0.60965 0.488488 0.51978 0.581391 28.619 28.3799 37.9728 55.9252 30.4745 29.0557
1150 325 10000 3354 227 7 1 524 155 0.629645 0.652348 0.531923 0.600291 0.52119 0.55988 28.6316 28.5271 31.617 23.0972 30.2899 31.2798
1150 350 10000 3402 216 6 1 477 176 0.628762 0.713874 0.476222 1.14668 0.572014 0.529082 27.9382 30.0484 34.4601 48.9635 29.9215 32.4687
1150 400 10000 3486 235 8 0 448 144 0.658825 0.738572 0.439448 0 0.568787 0.615135 27.3131 26.7679 28.1053 0 29.214 29.4153
1150 425 10000 3547 265 5 2 403 156 0.651996 0.70216 0.505649 0.50209 0.60669 0.583678 27.1464 27.0845 41.6251 64.5908 28.8288 28.6784
1150 450 10000 3519 274 10 0 437 162 0.665033 0.731779 0.537289 0 0.593325 0.588009 26.7595 26.7923 32.7772 0 28.1374 29.1386
1150 475 10000 3428 301 7 1 407 167 0.688348 0.736693 0.82846 1.58711 0.587639 0.616443 26.3632 26.6895 30.3618 71.7 28.4881 27.2855
1150 600 10000 3375 390 3 0 287 146 0.740411 0.761501 1.13147 0 0.697378 0.713012 24.6186 24.746 29.5073 0 26.3235 26.5294
1150 625 10000 3319 413 5 3 284 156 0.753702 0.828194 0.647576 0.566434 0.655675 0.718389 24.37 24.866 36.9338 43.6041 26.5416 25.1113
1150 650 10000 3237 418 7 1 271 134 0.756536 0.854693 0.792653 1.08946 0.674443 0.718603 24.1548 24.4343 28.5502 64.1133 25.9757 25.6519
1150 675 10000 3074 465 4 1 245 126 0.786448 0.852671 0.743258 0.714008 0.730828 0.766902 23.8539 23.669 33.6305 71.1349 25.4769 24.2903
1150 700 10000 2997 533 5 0 209 136 0.779703 0.783816 0.760581 0 0.734596 0.757778 23.4886 23.346 26.7615 0 25.0617 23.9226
1150 725 10000 2874 554 6 0 227 119 0.771375 0.83819 0.616253 0 0.673864 0.899582 23.487 23.0873 30.5372 0 25.1546 24.7183
1150 750 10000 2680 530 8 0 158 125 0.797769 0.816907 0.86369 0 0.79923 0.781031 23.0163 22.3313 26.02 0 25.1391 23.585
1150 775 10000 2582 589 6 0 147 131 0.77867 0.824696 0.77777 0 0.70076 0.779479 22.9184 21.6728 23.2121 0 24.9669 24.8561
1150 825 10000 1954 572 6 1 109 99 0.790374 0.827707 0.762141 1.63756 0.665727 0.737723 22.8608 21.5242 30.0211 62.965 26.4939 22.9729
1150 850 10000 1643 543 3 1 95 105 0.78488 0.805515 1.29031 0.377728 0.637525 0.751965 23.0483 21.3186 32.6204 248.046 25.2696 22.7431
1150 875 10000 1291 506 6 1 61 69 0.789843 0.753357 1.00864 1.4617 0.762613 0.771764 22.9834 21.6359 24.9454 63.7587 24.1083 23.4432
1150 925 10000 656 310 6 2 45 38 0.739542 0.756579 0.502615 0.984401 0.727595 0.800951 24.2862 22.7191 38.4057 52.9646 24.3527 24.7972
1150 975 10000 243 94 1 0 8 14 0.752146 0.858621 1.20314 0 1.16071 0.655206 24.7045 23.2692 40.7517 0 31.5451 29.7414
1150 1000 10000 181 59 1 0 24 10 0.744161 0.73201 0.48061 0 0.60308 0.895014 24.0025 27.4575 24.1872 0 22.0956 24.8766
1150 1050 10000 77 14 0 0 4 4 0.695911 0.820528 0 0 1.17267 0.242329 25.6662 34.6973 0 0 41.6517 62.1791
1150 1100 10000 3 2 0 0 1 1 1.6965 0.678801 0 0 0.454057 0.116083 32.6572 38.6193 0 0 52.3042 102.931
1175 50 10000 3211 138 8 0 591 155 0.523786 0.610413 0.391288 0 0.440461 0.452408 30.9189 31.252 35.5433 0 33.1746 33.9499
1175 75 10000 3141 146 12 1 575 155 0.539971 0.602996 0.29082 0.329079 0.450225 0.498478 30.6633 30.6616 39.4176 43.0424 33.0439 34.574
1175 100 10000 3134 133 10 0 563 149 0.552807 0.660281 0.453574 0 0.44059 0.474576 30.5569 30.3294 35.1088 0 32.7663 32.8877
1175 150 10000 3133 150 7 0 579 148 0.568504 0.607445 0.405615 0 0.459423 0.460791 30.3853 29.7081 29.0359 0 32.767 33.7885
1175 175 10000 3245 143 6 0 590 180 0.553376 0.65026 0.510942 0 0.458641 0.441063 30.6237 31.83 27.6497 0 32.4573 34.0381
1175 200 10000 3296 186 4 0 530 137 0.56809 0.64828 0.648165 0 0.496062 0.526142 29.7601 28.7308 32.3285 0 31.9246 35.1591
1175 250 10000 3339 208 5 0 549 117 0.582846 0.5755 0.703916 0 0.482609 0.548333 29.5703 29.8763 32.5288 0 31.8813 33.3722
1175 325 10000 3366 195 9 0 462 143 0.613589 0.698129 0.629486 0 0.548851 0.559946 28.7489 28.5423 32.2461 0 30.8119 32.0618
1175 400 10000 3498 235 5 0 485 156 0.631536 0.707646 0.879761 0 0.54744 0.575034 27.8761 31.1175 29.1761 0 29.3097 29.832
1175 450 10000 3501 230 9 0 444 163 0.660383 0.736179 0.583248 0 0.590559 0.615915 27.2048 27.8254 29.415 0 28.0781 29.1101
1175 475 10000 3560 267 6 1 399 151 0.661788 0.740885 1.03759 0.371856 0.589549 0.611775 26.8412 26.3045 27.9846 101.944 28.7284 27.9554
1175 500 10000 3460 324 3 0 386 138 0.69483 0.70102 0.751676 0 0.612304 0.65931 26.5654 26.7676 34.6999 0 28.0453 28.1067
1175 525 10000 3426 310 4 4 358 155 0.698468 0.771773 0.832642 0.47502 0.616773 0.630837 26.2344 26.9075 30.719 38.371 28.0289 26.7435
1175 550 10000 3486 320 4 2 372 140 0.704798 0.782876 0.768301 0.383004 0.606477 0.723827 25.8351 25.3175 32.8733 57.6072 27.2738 28.4743
1175 575 10000 3422 324 12 3 331 143 0.715452 0.799224 0.644452 0.348293 0.65543 0.709309 25.4276 25.6637 30.4485 36.2925 27.8349 27.0913
1175 625 10000 3395 380 4 0 301 161 0.732527 0.763165 1.06742 0 0.669629 0.667544 24.8067 24.6393 27.1897 0 26.1845 26.697
1175 675 10000 3224 427 5 0 267 144 0.749667 0.85368 0.73647 0 0.695112 0.745097 24.2207 23.9776 32.1676 0 26.2445 24.2059
1175 700 10000 3167 510 2 0 226 149 0.762126 0.763206 1.23393 0 0.687827 0.755739 23.895 23.0063 32.1921 0 25.3516 24.6337
1175 800 10000 2550 558 2 1 146 113 0.781644 0.841553 1.03172 0.870236 0.733899 0.859674 22.8547 21.5664 24.849 21.1908 26.163 26.1821
1175 825 10000 2374 569 5 2 143 100 0.783935 0.829751 0.625309 0.739541 0.724779 0.816636 22.688 21.4829 30.6967 39.6036 23.9439 24.8652
1175 850 10000 2051 578 7 0 97 98 0.778967 0.818167 0.305549 0 0.79889 0.692548 22.7348 21.4006 49.5585 0 24.7222 23.8284
1175 875 10000 1672 607 5 0 80 107 0.783118 0.799477 0.888683 0 0.691042 0.752323 23.0038 21.1634 27.7378 0 24.096 22.5869
1175 925 10000 957 452 3 1 53 73 0.757021 0.754409 1.11656 0.639283 0.732924 0.72824 23.6376 21.9427 33.4768 55.7121 27.6967 24.7089
1175 950 10000 613 316 2 0 39 40 0.751026 0.77767 0.884589 0 0.729751 0.797488 23.8705 23.2484 22.9447 0 23.6899 27.0619
1175 975 10000 401 220 2 1 28 26 0.736181 0.723506 0.582742 0.459667 0.663328 0.752351 24.0975 24.4391 21.7261 85.2931 25.4735 25.9666
1175 1075 10000 68 21 1 0 0 4 0.686084 0.666232 0.721619 0 0 0.829577 26.6359 27.9066 28.2229 0 0 31.0006
1175 1125 10000 1 1 0 0 0 0 3.02691 0.826042 0 0 0 0 54.0521 47.0288 0 0 0 0
1200 150 10000 3135 130 3 0 606 124 0.550602 0.655702 0.970977 0 0.441876 0.484618 30.6831 29.3112 29.9165 0 32.7796 35.4475
1200 200 10000 3217 165 6 0 544 136 0.565638 0.600827 0.63231 0 0.47349 0.526043 30.6587 31.3549 30.3005 0 32.5621 35.1883
1200 225 10000 3275 151 8 0 520 136 0.565591 0.606108 0.249916 0 0.488159 0.516381 30.0099 33.0953 41.5988 0 32.18 33.3784
1200 275 10000 3379 180 6 0 523 147 0.586821 0.648852 0.602569 0 0.49543 0.511225 29.3184 30.0034 32.3411 0 31.2544 32.4935
1200 375 10000 3522 180 4 0 415 161 0.610234 0.758858 0.610698 0 0.578938 0.61692 28.4973 28.3285 33.4978 0 30.8642 31.0971
1200 400 10000 3419 223 3 1 498 135 0.628374 0.70407 0.650673 0.360462 0.53521 0.573681 28.3024 28.1848 25.4868 116.228 30.6674 30.3035
1200 425 10000 3394 235 4 0 441 167 0.655552 0.722085 0.89059 0 0.559756 0.587283 27.694 28.8974 33.308 0 29.2038 28.9164
1200 450 10000 3470 211 6 0 414 124 0.658108 0.707631 0.771899 0 0.631893 0.66752 27.6377 29.424 29.23 0 28.9912 28.588
1200 475 10000 3524 241 6 1 415 151 0.657774 0.709535 0.454341 0.887517 0.581727 0.615117 27.204 26.7474 30.6287 49.6622 28.6598 29.697
1200 550 10000 3418 283 6 0 376 144 0.702514 0.770852 0.54198 0 0.666188 0.701415 26.2326 26.9891 26.4194 0 27.5028 28.2739
1200 575 10000 3554 295 9 2 322 141 0.689191 0.742226 0.487442 0.798288 0.705528 0.717962 25.9379 24.7054 32.0526 45.2794 27.87 26.8744
1200 600 10000 3412 325 10 1 309 138 0.7345 0.816439 0.664965 0.40926 0.666079 0.67832 25.5415 25.5989 30.0772 104.234 27.4341 26.3749
1200 650 10000 3486 409 5 1 297 144 0.728782 0.749331 0.839729 0.403191 0.698774 0.743011 24.83 24.0648 25.8772 29.6172 26.0643 25.2323
1200 675 10000 3256 407 9 2 297 147 0.740522 0.812605 0.642079 0.82325 0.688572 0.716591 24.5104 24.1192 30.2683 53.616 26.1102 25.0946
1200 700 10000 3179 452 4 0 266 152 0.767138 0.786979 1.24942 0 0.718645 0.730822 24.131 23.6714 28.8241 0 26.0132 25.9667
1200 725 10000 3249 481 7 2 244 122 0.752674 0.789582 0.492905 0.621355 0.664662 0.764887 23.9943 23.0208 34.0556 69.9885 26.1804 24.8319
1200 750 10000 3101 495 5 1 246 127 0.763943 0.822096 0.673103 1.12389 0.695812 0.779177 23.612 22.732 25.9709 60.7304 25.3715 23.8524
1200 800 10000 2676 535 7 0 167 129 0.785146 0.881878 0.662701 0 0.768533 0.805758 23.1655 23.0843 28.7701 0 26.3286 23.2149
1200 875 10000 2047 590 2 2 102 93 0.76809 0.816675 1.39118 0.425073 0.776407 0.814883 22.6494 21.3209 24.3895 21.3073 23.7883 24.6078
1200 900 10000 1732 546 1 1 97 95 0.76711 0.806648 1.77806 0.604599 0.663602 0.712579 22.5647 21.4729 43.6242 103.907 25.076 24.6489
1200 925 10000 1362 501 2 1 62 78 0.753106 0.821858 0.92347 0.951418 0.785064 0.715997 23.1815 22.1248 31.8312 44.8123 26.0644 29.7206
1200 950 10000 922 439 3 0 41 45 0.781116 0.74188 0.636122 0 0.8075 0.896801 23.6178 21.9878 21.9127 0 25.5865 26.2694
1200 975 10000 641 345 2 2 38 40 0.758028 0.761364 0.659614 0.414528 0.773203 0.73822 24.2319 22.2922 23.4224 26.3489 26.8291 33.1071
1200 1025 10000 284 119 0 1 12 12 0.754745 0.759647 0 0.384062 0.835236 0.705017 22.8233 24.4447 0 119.305 27.5255 30.0799
1200 1100 10000 58 15 0 0 9 2 0.821721 0.678027 0 0 0.484273 0.391881 25.6201 36.2172 0 0 27.9912 72.8655
