125 75
175 75
175 125
225 75
225 125
225 175
275 75
275 125
275 175
275 225
325 75
325 125
325 175
325 225
325 275
375 75
375 125
375 175
375 225
375 275
375 325
425 75
425 125
425 175
425 225
425 275
425 325
425 375
475 75
475 125
475 175
475 225
475 275
475 325
475 375
475 425
525 75
525 125
525 175
525 225
525 275
525 325
525 375
525 425
525 475
575 75
575 125
575 175
575 225
575 275
575 325
575 375
575 425
575 475
575 525
625 75
625 125
625 175
625 225
625 275
625 325
625 375
625 425
625 475
625 525
625 575
675 75
675 125
675 175
675 225
675 275
675 325
675 375
675 425
675 475
675 525
675 575
675 625
725 75
725 125
725 175
725 225
725 275
725 325
725 375
725 425
725 475
725 525
725 575
725 625
725 675
775 75
775 125
775 175
775 225
775 275
775 325
775 375
775 425
775 475
775 525
775 575
775 625
775 675
775 725
825 75
825 125
825 175
825 225
825 275
825 325
825 375
825 425
825 475
825 525
825 575
825 625
825 675
825 725
825 775
875 75
875 125
875 175
875 225
875 275
875 325
875 375
875 425
875 475
875 525
875 575
875 625
875 675
875 725
875 775
875 825
925 75
925 125
925 175
925 225
925 275
925 325
925 375
925 425
925 475
925 525
925 575
925 625
925 675
925 725
925 775
925 825
925 875
975 75
975 125
975 175
975 225
975 275
975 325
975 375
975 425
975 475
975 525
975 575
975 625
975 675
975 725
975 775
975 825
975 875
975 925
1025 75
1025 125
1025 175
1025 225
1025 275
1025 325
1025 375
1025 425
1025 475
1025 525
1025 575
1025 625
1025 675
1025 725
1025 775
1025 825
1025 875
1025 925
1025 975
1075 75
1075 125
1075 175
1075 225
1075 275
1075 325
1075 375
1075 425
1075 475
1075 525
1075 575
1075 625
1075 675
1075 725
1075 775
1075 825
1075 875
1075 925
1075 975
1075 1025
1125 75
1125 125
1125 175
1125 225
1125 275
1125 325
1125 375
1125 425
1125 475
1125 525
1125 575
1125 625
1125 675
1125 725
1125 775
1125 825
1125 875
1125 925
1125 975
1125 1025
1125 1075
1175 75
1175 125
1175 175
1175 225
1175 275
1175 325
1175 375
1175 425
1175 475
1175 525
1175 575
1175 625
1175 675
1175 725
1175 775
1175 825
1175 875
1175 925
1175 975
1175 1025
1175 1075
1175 1125
